0 0.1968 3.82488e-15 -0.000574379 0.339988 
0.431683 0.195929 4.74202e-06 -0.000569298 0.339236 
1.25 0.189581 3.93275e-05 -0.000532242 0.333694 
2.06832 0.177459 0.000105373 -0.000461479 0.322849 
2.5 0.168984 0.000151539 -0.000412015 0.315046 
2.5 0.168984 0.000151536 -0.000412016 0.315046 
2.93168 0.159261 0.000204515 -0.000355257 0.305848 
3.75 0.138031 0.000320173 -0.000231335 0.284734 
4.56832 0.114291 0.000449517 -9.27563e-05 0.259094 
5 0.101263 0.000520478 -1.67179e-05 0.24388 
5 0.101263 0.000520474 -1.67201e-05 0.24388 
5.43168 0.0881843 0.00059175 5.96347e-05 0.227587 
6.25 0.0640749 0.000723084 0.000200358 0.193997 
7.06832 0.0421392 0.000842607 0.000328409 0.157324 
7.5 0.0319231 0.000898234 0.000388026 0.136932 
7.5 0.0319231 0.000898231 0.000388025 0.136932 
7.93168 0.0228829 0.000947518 0.000440813 0.115933 
8.75 0.00952487 0.00102027 0.000518775 0.0747964 
9.56832 0.00179509 0.00106241 0.000563907 0.0324709 
10 0.000166599 0.00107124 0.000573392 0.00989207 
10 0.000317331 0.000202469 0.000316358 0.00989207 
10.071 0.000250373 0.000159748 0.000249606 0.00878669 
10.2385 0.000143171 9.13486e-05 0.000142732 0.00664444 
10.503 5.92322e-05 3.77924e-05 5.90507e-05 0.00427376 
10.8662 1.76306e-05 1.1249e-05 1.75766e-05 0.00233166 
11.3304 3.74548e-06 2.38976e-06 3.734e-06 0.00107469 
11.8989 5.61872e-07 3.58496e-07 5.6015e-07 0.000416246 
12.5759 5.87039e-08 3.74554e-08 5.8524e-08 0.000134544 
13.3664 4.19746e-09 2.67814e-09 4.18459e-09 3.59769e-05 
14.2773 2.00901e-10 1.28183e-10 2.00285e-10 7.87086e-06 
15.3169 6.25886e-12 3.99339e-12 6.23968e-12 1.38924e-06 
16.4958 1.22467e-13 7.81388e-14 1.22092e-13 1.9433e-07 
17.828 1.43714e-15 9.16949e-16 1.43273e-15 2.10514e-08 
19.3317 9.51544e-18 6.07136e-18 9.48639e-18 1.71295e-09 
21.0317 3.27207e-20 2.08699e-20 3.26148e-20 1.00448e-10 
22.9636 5.17067e-23 3.32466e-23 5.1748e-23 3.99305e-12 
25.1804 3.63192e-26 1.76243e-26 3.18729e-26 1.05828e-13 
27.77 6.66341e-29 1.05995e-28 1.16023e-28 -4.53293e-15 
30.9 7.83246e-29 4.9582e-29 7.77782e-29 4.91451e-15 
35 4.73395e-29 3.01529e-29 4.71542e-29 -3.8207e-15 
