0 0.196683 4.12398e-15 -0.000624332 0.339857 
0.431683 0.195814 5.14608e-06 -0.000618819 0.339106 
1.25 0.18948 4.26793e-05 -0.000578604 0.333576 
2.06832 0.177383 0.000114358 -0.000501806 0.322752 
2.5 0.168927 0.000164464 -0.000448119 0.314964 
2.5 0.168927 0.000164461 -0.000448121 0.314964 
2.93168 0.159223 0.000221966 -0.000386513 0.305785 
3.75 0.138033 0.000347517 -0.00025199 0.284711 
4.56832 0.114334 0.000487953 -0.000101528 0.25912 
5 0.101326 0.000565015 -1.89527e-05 0.243934 
5 0.101326 0.00056501 -1.89551e-05 0.243934 
5.43168 0.0882648 0.000642426 6.39769e-05 0.22767 
6.25 0.064181 0.000785116 0.000216868 0.19414 
7.06832 0.042257 0.000915041 0.000356064 0.157529 
7.5 0.0320403 0.000975546 0.000420908 0.137171 
7.5 0.0320403 0.000975543 0.000420906 0.137171 
7.93168 0.0229946 0.00102918 0.000478355 0.116205 
8.75 0.00961185 0.00110846 0.000563305 0.0751305 
9.56832 0.00183908 0.00115454 0.000612664 0.0328634 
10 0.000181123 0.00116432 0.000623166 0.0103133 
10 0.000344996 0.000220062 0.000343846 0.0103133 
10.0741 0.000272225 0.000173643 0.000271318 0.00916129 
10.2489 0.000155699 9.93151e-05 0.00015518 0.00692843 
10.5249 6.44364e-05 4.11018e-05 6.42216e-05 0.00445715 
10.9039 1.91883e-05 1.22396e-05 1.91244e-05 0.00243226 
11.3883 4.07875e-06 2.6017e-06 4.06515e-06 0.00112139 
11.9815 6.12298e-07 3.90565e-07 6.10257e-07 0.000434484 
12.6879 6.40262e-08 4.08402e-08 6.38128e-08 0.000140498 
13.5128 4.5825e-09 2.92303e-09 4.56723e-09 3.75875e-05 
14.4633 2.19578e-10 1.40062e-10 2.18847e-10 8.22786e-06 
15.5481 6.84957e-12 4.36911e-12 6.82674e-12 1.45319e-06 
16.7783 1.34222e-13 8.56156e-14 1.33774e-13 2.03425e-07 
18.1684 1.57769e-15 1.00635e-15 1.57243e-15 2.20548e-08 
19.7375 1.04655e-17 6.67575e-18 1.04308e-17 1.79627e-09 
21.5115 3.60638e-20 2.29959e-20 3.59374e-20 1.05445e-10 
23.5273 5.71277e-23 3.67209e-23 5.71569e-23 4.19677e-12 
25.8405 4.02004e-26 1.95355e-26 3.52953e-26 1.11329e-13 
28.5428 7.23391e-29 1.16356e-28 1.26952e-28 -4.72257e-15 
31.8089 8.5474e-29 5.42399e-29 8.49695e-29 5.13345e-15 
36.0872 5.16532e-29 3.29689e-29 5.14975e-29 -3.99063e-15 
