0 0.195474 1.40225e-13 -0.00131967 0.387058 
0.575577 0.193969 1.89685e-05 -0.00129935 0.385565 
1.66667 0.183093 0.000156028 -0.0011525 0.374599 
2.75776 0.162833 0.000411361 -0.000878936 0.353267 
3.33333 0.149086 0.000584568 -0.000693336 0.338025 
3.33333 0.149086 0.000584536 -0.000693353 0.338025 
3.90891 0.133757 0.000777804 -0.00048633 0.320176 
5 0.102069 0.00117708 -5.85016e-05 0.27969 
6.09109 0.0699041 0.0015825 0.000375836 0.231464 
6.66667 0.0539541 0.00178333 0.000591106 0.20335 
6.66667 0.0539541 0.0017833 0.000591089 0.20335 
7.24224 0.0393524 0.00196754 0.000788365 0.173667 
8.33333 0.0169326 0.00224994 0.00109101 0.113918 
9.42442 0.00339593 0.00242068 0.00127387 0.0510165 
10 0.000383893 0.00245836 0.00131439 0.0171529 
10 0.000731225 0.000464667 0.000726042 0.0171529 
10.1087 0.000577695 0.000367104 0.0005736 0.0152462 
10.3651 0.00033137 0.000210573 0.000329021 0.011547 
10.7699 0.000137767 8.75456e-05 0.00013679 0.00744531 
11.3258 4.12835e-05 2.62341e-05 4.09908e-05 0.00407567 
12.0364 8.84608e-06 5.62136e-06 8.78337e-06 0.00188663 
12.9066 1.34108e-06 8.52207e-07 1.33157e-06 0.000734579 
13.9427 1.41883e-07 9.01616e-08 1.40877e-07 0.000238933 
15.1528 1.02946e-08 6.54186e-09 1.02217e-08 6.436e-05 
16.5471 5.01113e-10 3.18439e-10 4.9756e-10 1.41997e-05 
18.1382 1.59152e-11 1.01135e-11 1.58024e-11 2.53056e-06 
19.9428 3.18289e-13 2.02261e-13 3.16033e-13 3.57867e-07 
21.9819 3.82842e-15 2.43282e-15 3.80128e-15 3.92483e-08 
24.2834 2.60644e-17 1.65633e-17 2.58799e-17 3.23843e-09 
26.8857 9.24941e-20 5.87579e-20 9.18238e-20 1.92916e-10 
29.8426 1.51546e-22 9.69784e-23 1.51e-22 7.80878e-12 
33.2357 1.09301e-25 5.44528e-26 9.68044e-26 2.09712e-13 
37.1995 1.47199e-28 2.69916e-28 2.8395e-28 -7.69598e-15 
41.9904 1.89875e-28 1.19721e-28 1.87796e-28 8.74067e-15 
48.2661 1.14987e-28 7.3009e-29 1.14124e-28 -6.80198e-15 
