0 0.00197361 9.45377e-17 -0.00185001 0.294403 
1.72673 0.00197031 5.76463e-06 -0.00184383 0.294157 
5 0.0019461 4.81363e-05 -0.00179843 0.292344 
8.27327 0.0018989 0.000130725 -0.00170994 0.288777 
10 0.0018651 0.000189861 -0.00164658 0.286196 
10 0.00355257 3.31385e-05 5.38811e-05 0.286196 
15.0135 0.00348909 3.63718e-05 5.59069e-05 0.283627 
26.8372 0.00334383 3.29641e-05 5.21001e-05 0.27766 
45.5078 0.00312664 3.22548e-05 4.98347e-05 0.268492 
71.1436 0.00285123 2.8255e-05 4.45398e-05 0.256394 
103.914 0.00253415 2.60933e-05 4.03526e-05 0.241717 
144.045 0.00219346 2.17652e-05 3.42869e-05 0.224883 
191.829 0.0018469 1.9041e-05 2.9428e-05 0.206354 
247.636 0.00151082 1.49842e-05 2.36106e-05 0.186637 
311.934 0.00119851 1.24097e-05 1.91385e-05 0.166231 
385.315 0.000920105 9.10806e-06 1.43654e-05 0.14565 
468.536 0.000681512 7.12249e-06 1.09342e-05 0.125351 
562.573 0.000485359 4.78854e-06 7.56531e-06 0.105785 
668.716 0.000330518 3.52464e-06 5.35786e-06 0.0872949 
788.724 0.000213856 2.10148e-06 3.3268e-06 0.0702186 
925.09 0.000129887 1.45675e-06 2.1615e-06 0.0547236 
1081.57 7.29573e-05 7.18998e-07 1.13657e-06 0.0410134 
1264.37 3.64494e-05 4.82906e-07 6.64465e-07 0.0289892 
1485.32 1.52093e-05 1.62699e-07 2.46947e-07 0.018726 
1774.74 3.68289e-06 1.40046e-07 1.38429e-07 0.0092148 
