0 0.00180743 5.6794e-17 -0.0016965 -0.29204 
1.72673 0.00180466 4.85744e-06 -0.00169129 -0.291816 
5 0.00178427 4.05746e-05 -0.00165303 -0.290163 
8.27327 0.0017445 0.000110262 -0.00157836 -0.286911 
10 0.00171599 0.000160219 -0.00152484 -0.284556 
10 0.00326855 2.75452e-05 4.51264e-05 -0.284556 
15.2315 0.00321261 3.0895e-05 4.73395e-05 -0.282111 
27.5694 0.00308446 2.77646e-05 4.39683e-05 -0.276427 
47.0519 0.0028924 2.74734e-05 4.23536e-05 -0.267682 
73.8026 0.00264802 2.39869e-05 3.78648e-05 -0.256124 
107.998 0.00236538 2.24168e-05 3.45968e-05 -0.24207 
149.875 0.00206001 1.86933e-05 2.94824e-05 -0.225905 
199.736 0.00174726 1.65827e-05 2.55747e-05 -0.208051 
257.97 0.00144155 1.30782e-05 2.06288e-05 -0.188976 
325.064 0.00115482 1.1015e-05 1.69461e-05 -0.169141 
401.637 0.000896508 8.11984e-06 1.28186e-05 -0.149028 
488.477 0.000672442 6.48321e-06 9.92165e-06 -0.129068 
586.603 0.000485725 4.38695e-06 6.93541e-06 -0.109695 
697.362 0.000336035 3.31544e-06 5.01717e-06 -0.0912396 
822.589 0.000221301 1.99377e-06 3.15595e-06 -0.0740427 
964.885 0.000137067 1.43126e-06 2.10812e-06 -0.0582717 
1128.17 7.86877e-05 7.14479e-07 1.1265e-06 -0.0441514 
1318.92 4.02578e-05 5.04346e-07 6.84779e-07 -0.0315803 
1549.48 1.72395e-05 1.73069e-07 2.59721e-07 -0.0206658 
1851.48 4.27831e-06 1.60475e-07 1.56271e-07 -0.010295 
