0 0.00165641 3.41315e-17 -0.00155665 0.289738 
1.72673 0.00165408 4.09525e-06 -0.00155226 0.289534 
5 0.00163691 3.42185e-05 -0.00151999 0.288027 
8.27327 0.00160337 9.3046e-05 -0.00145696 0.285061 
10 0.00157931 0.000135262 -0.00141173 0.282914 
10 0.0030082 2.28578e-05 3.77709e-05 0.282914 
15.459 0.0029589 2.62723e-05 4.0112e-05 0.280586 
28.3334 0.0028458 2.33789e-05 3.71029e-05 0.275171 
48.6632 0.00267591 2.34164e-05 3.60076e-05 0.266831 
76.5773 0.00245904 2.03553e-05 3.21805e-05 0.25579 
112.26 0.00220714 1.92626e-05 2.96593e-05 0.242335 
155.957 0.00193352 1.60421e-05 2.53321e-05 0.226817 
207.987 0.00165146 1.44367e-05 2.22107e-05 0.209621 
268.754 0.00137364 1.13982e-05 1.79978e-05 0.191178 
338.766 0.00111075 9.76621e-06 1.49826e-05 0.171913 
418.669 0.00087151 7.22243e-06 1.14116e-05 0.152278 
509.285 0.000661573 5.88918e-06 8.98029e-06 0.132675 
611.678 0.000484352 4.00568e-06 6.33567e-06 0.113522 
727.254 0.000340153 3.10859e-06 4.68027e-06 0.0951344 
857.927 0.000227797 1.88286e-06 2.97892e-06 0.0778528 
1006.41 0.000143728 1.3996e-06 2.04486e-06 0.0618402 
1176.8 8.42251e-05 7.05625e-07 1.10881e-06 0.0473392 
1375.84 4.40622e-05 5.23129e-07 7.00369e-07 0.03424 
1616.42 1.933e-05 1.8258e-07 2.70598e-07 0.0226786 
1931.56 4.90726e-06 1.8175e-07 1.74476e-07 0.0114267 
