0 0.00151912 2.05207e-17 -0.00142923 0.287495 
1.72673 0.00151715 3.4547e-06 -0.00142553 0.287308 
5 0.00150268 2.88744e-05 -0.00139829 0.285935 
8.27327 0.00147439 7.85582e-05 -0.00134506 0.28323 
10 0.00145407 0.000114248 -0.00130682 0.281272 
10 0.00276965 1.89341e-05 3.15934e-05 0.281272 
15.6964 0.00272617 2.23684e-05 3.40127e-05 0.279055 
29.1307 0.00262632 1.96811e-05 3.13075e-05 0.273897 
50.3446 0.002476 1.99738e-05 3.06244e-05 0.265943 
79.4726 0.00228352 1.72674e-05 2.73424e-05 0.255397 
116.707 0.00205901 1.65577e-05 2.54261e-05 0.242517 
162.305 0.00181389 1.37569e-05 2.1751e-05 0.227625 
216.597 0.00155964 1.25657e-05 1.9278e-05 0.211069 
280.006 0.00130738 9.92125e-06 1.56818e-05 0.193247 
353.063 0.00106663 8.65107e-06 1.3229e-05 0.17455 
436.441 0.000845419 6.41095e-06 1.0137e-05 0.155399 
530.998 0.000649132 5.33997e-06 8.10959e-06 0.136169 
637.844 0.000481368 3.64645e-06 5.76885e-06 0.117261 
758.446 0.000342911 2.90621e-06 4.35063e-06 0.0989701 
894.801 0.000233319 1.77063e-06 2.79866e-06 0.0816373 
1049.74 0.000149812 1.36277e-06 1.97345e-06 0.0654164 
1227.54 8.95069e-05 6.9296e-07 1.08434e-06 0.050564 
1435.24 4.7814e-05 5.3916e-07 7.11266e-07 0.0369565 
1686.28 2.14535e-05 1.91139e-07 2.79468e-07 0.024755 
2015.13 5.5618e-06 2.03592e-07 1.92795e-07 0.0126044 
