0 0.00139427 1.23434e-17 -0.00131312 0.285309 
1.72673 0.00139261 2.91617e-06 -0.00130999 0.285139 
5 0.0013804 2.43798e-05 -0.001287 0.283887 
8.27327 0.00135652 6.63637e-05 -0.00124201 0.28142 
10 0.00133935 9.65491e-05 -0.00120967 0.279633 
10 0.00255114 1.56535e-05 2.64077e-05 0.279633 
15.9441 0.00251278 1.90695e-05 2.88633e-05 0.277523 
29.9627 0.00242458 1.65642e-05 2.64158e-05 0.272609 
52.0991 0.00229153 1.7052e-05 2.60574e-05 0.265024 
82.4938 0.00212065 1.46435e-05 2.32261e-05 0.254951 
121.348 0.00192055 1.42391e-05 2.17981e-05 0.242624 
168.928 0.001701 1.17899e-05 1.86644e-05 0.228336 
225.582 0.0014719 1.09365e-05 1.67244e-05 0.212403 
291.748 0.001243 8.6257e-06 1.3647e-05 0.19519 
367.982 0.00102276 7.6577e-06 1.16668e-05 0.177055 
454.986 0.000818519 5.68005e-06 8.9866e-06 0.158393 
553.655 0.000635341 4.83447e-06 7.30795e-06 0.139549 
665.148 0.000476914 3.3103e-06 5.23671e-06 0.120904 
790.995 0.000344366 2.71002e-06 4.03108e-06 0.102738 
933.279 0.000237861 1.65871e-06 2.61783e-06 0.0853854 
1094.96 0.000155275 1.32174e-06 1.89558e-06 0.0689878 
1280.49 9.44774e-05 6.77028e-07 1.054e-06 0.0538128 
1497.22 5.14668e-05 5.52407e-07 7.17604e-07 0.0397178 
1759.18 2.35819e-05 1.9868e-07 2.86279e-07 0.0268851 
2102.32 6.23327e-06 2.25713e-07 2.10981e-07 0.0138223 
