0 0.0012807 7.42873e-18 -0.00120729 0.283179 
1.72673 0.0012793 2.46327e-06 -0.00120466 0.283025 
5 0.00126899 2.05983e-05 -0.00118522 0.281882 
8.27327 0.00124882 5.60966e-05 -0.00114719 0.279633 
10 0.0012343 8.16401e-05 -0.00111982 0.278003 
10 0.00235105 1.29143e-05 2.20566e-05 0.278003 
16.2026 0.00231719 1.62798e-05 2.45135e-05 0.275993 
30.8308 0.00223924 1.3938e-05 2.22872e-05 0.271312 
53.9299 0.00212142 1.45713e-05 2.21823e-05 0.264078 
85.6464 0.00196968 1.24152e-05 1.97254e-05 0.254458 
126.19 0.00179129 1.2252e-05 1.86899e-05 0.242662 
175.84 0.00159466 1.00986e-05 1.60066e-05 0.228956 
234.957 0.00138828 9.51917e-06 1.45034e-05 0.213627 
304.001 0.00118071 7.49169e-06 1.18629e-05 0.197011 
383.55 0.000979412 6.77473e-06 1.02781e-05 0.179432 
474.337 0.000791072 5.02411e-06 7.95179e-06 0.16126 
577.297 0.000620419 4.37111e-06 6.57298e-06 0.142811 
693.639 0.000471135 2.9977e-06 4.74012e-06 0.124449 
824.958 0.00034459 2.52136e-06 3.72384e-06 0.106431 
973.431 0.000241431 1.5485e-06 2.43869e-06 0.089087 
1142.14 0.000160085 1.27746e-06 1.81288e-06 0.0725426 
1335.74 9.90894e-05 6.5838e-07 1.01874e-06 0.0570731 
1561.9 5.49779e-05 5.62894e-07 7.19609e-07 0.0425121 
1835.25 2.56876e-05 2.05165e-07 2.9104e-07 0.0290589 
2193.32 6.91264e-06 2.47816e-07 2.28793e-07 0.0150744 
