0 0.00117735 4.47352e-18 -0.00111084 0.281105 
1.72673 0.00117617 2.0822e-06 -0.0011086 0.280964 
5 0.00116746 1.74156e-05 -0.00109218 0.279922 
8.27327 0.00115041 4.74494e-05 -0.00106 0.27787 
10 0.00113813 6.90772e-05 -0.00103682 0.276383 
10 0.00216786 1.06304e-05 1.84074e-05 0.276383 
16.4724 0.00213795 1.39188e-05 2.08371e-05 0.274469 
31.7367 0.00206903 1.17258e-05 1.88026e-05 0.270009 
55.8403 0.00196465 1.24644e-05 1.88932e-05 0.26311 
88.9361 0.00182984 1.05238e-05 1.67489e-05 0.253923 
131.243 0.00167079 1.05491e-05 1.60275e-05 0.242636 
183.052 0.00149466 8.64595e-06 1.37199e-05 0.229492 
244.74 0.00130879 8.28725e-06 1.25735e-05 0.214749 
316.786 0.00112065 6.501e-06 1.03012e-05 0.198714 
399.795 0.000936797 5.99139e-06 9.04632e-06 0.181684 
494.53 0.000763316 4.43739e-06 7.02383e-06 0.164001 
601.968 0.000604571 3.94791e-06 5.90165e-06 0.145955 
723.369 0.000464179 2.70863e-06 4.27923e-06 0.12789 
860.399 0.000343662 2.34122e-06 3.43057e-06 0.110043 
1015.33 0.00024405 1.44112e-06 2.26317e-06 0.092733 
1191.38 0.000164224 1.23076e-06 1.72683e-06 0.0760699 
1393.4 0.000103305 6.37547e-07 9.79492e-07 0.060333 
1629.39 5.83088e-05 5.70691e-07 7.17576e-07 0.0453275 
1914.63 2.77439e-05 2.1058e-07 2.93805e-07 0.0312665 
2288.26 7.5908e-06 2.69615e-07 2.46011e-07 0.0163546 
