0 0.00108328 2.69568e-18 -0.00102289 -0.279084 
1.72673 0.00108228 1.76143e-06 -0.00102101 -0.278956 
5 0.00107492 1.47356e-05 -0.0010071 -0.278005 
8.27327 0.00106049 4.01638e-05 -0.00097986 -0.276133 
10 0.00105009 5.84876e-05 -0.000960228 -0.274777 
10 0.00200018 8.72902e-06 1.53485e-05 -0.274777 
16.7539 0.00197374 1.19189e-05 1.77278e-05 -0.272954 
32.682 0.00191275 9.86291e-06 1.58616e-05 -0.268705 
57.8338 0.00182023 1.0674e-05 1.61007e-05 -0.262125 
92.3688 0.00170042 8.91912e-06 1.42188e-05 -0.253351 
136.515 0.00155856 9.08984e-06 1.37473e-05 -0.242553 
190.577 0.00140079 7.39948e-06 1.17539e-05 -0.229949 
254.948 0.0012334 7.21718e-06 1.08977e-05 -0.215773 
330.128 0.00106291 5.63704e-06 8.93629e-06 -0.200306 
416.746 0.000895106 5.29759e-06 7.95556e-06 -0.183816 
515.601 0.000735464 3.91415e-06 6.19402e-06 -0.16662 
627.711 0.000587989 3.56264e-06 5.29055e-06 -0.148981 
754.391 0.000456192 2.44267e-06 3.85358e-06 -0.131226 
897.381 0.000341673 2.17027e-06 3.15245e-06 -0.113567 
1059.05 0.000245753 1.3375e-06 2.09283e-06 -0.0963151 
1242.75 0.000167685 1.18244e-06 1.6388e-06 -0.0795595 
1453.56 0.000107094 6.15034e-07 9.37154e-07 -0.0635811 
1699.81 6.14265e-05 5.75908e-07 7.11856e-07 -0.048153 
1997.45 2.97266e-05 2.14933e-07 2.94673e-07 -0.0334979 
2387.34 8.25894e-06 2.90838e-07 2.62434e-07 -0.0176566 
