0 0.00099761 1.6255e-18 -0.000942695 0.277117 
1.72673 0.000996765 1.49128e-06 -0.000941098 0.277 
5 0.000990536 1.24779e-05 -0.000929326 0.276133 
8.27327 0.000978322 3.40225e-05 -0.000906243 0.274425 
10 0.000969515 4.95577e-05 -0.000889598 0.273187 
10 0.00184669 7.14869e-06 1.27856e-05 0.273187 
17.0476 0.00182331 1.0223e-05 1.50961e-05 0.271452 
33.6683 0.00176931 8.29457e-06 1.33791e-05 0.267403 
59.914 0.00168725 9.1518e-06 1.37288e-05 0.261128 
95.9509 0.00158071 7.55828e-06 1.20684e-05 0.252749 
142.017 0.00145414 7.83914e-06 1.17943e-05 0.242418 
198.43 0.00131278 6.33083e-06 1.00648e-05 0.230335 
265.601 0.00116203 6.28817e-06 9.44363e-06 0.216706 
344.049 0.00100758 4.8848e-06 7.74502e-06 0.201792 
434.435 0.000854492 4.68399e-06 6.99121e-06 0.185831 
537.589 0.000707702 3.4488e-06 5.45386e-06 0.169117 
654.574 0.000570855 3.21289e-06 4.73595e-06 0.151889 
786.763 0.000447318 2.19909e-06 3.46222e-06 0.134453 
935.971 0.000338714 2.00894e-06 2.89021e-06 0.116998 
1104.67 0.000246583 1.23831e-06 1.92891e-06 0.0998263 
1296.36 0.000170471 1.13318e-06 1.55e-06 0.0830021 
1516.33 0.000110438 5.91304e-07 8.92575e-07 0.0668069 
1773.3 6.43035e-05 5.78686e-07 7.02831e-07 0.0509777 
2083.88 3.16136e-05 2.18249e-07 2.93775e-07 0.0357438 
2490.73 8.90876e-06 3.11237e-07 2.77891e-07 0.0189746 
