0 0.000919568 9.80917e-19 -0.000869539 0.275204 
1.72673 0.000918852 1.26362e-06 -0.000868185 0.275097 
5 0.000913577 1.05749e-05 -0.000858208 0.274306 
8.27327 0.000903227 2.88433e-05 -0.000838635 0.272748 
10 0.00089576 4.20239e-05 -0.000824513 0.271618 
10 0.00170621 5.8375e-06 1.06393e-05 0.271618 
17.354 0.00168551 8.78331e-06 1.28669e-05 0.269965 
34.6976 0.00163767 6.97446e-06 1.12833e-05 0.266106 
62.0847 0.00156483 7.8566e-06 1.1713e-05 0.260121 
99.6887 0.00147004 6.40458e-06 1.02409e-05 0.25212 
147.758 0.00135706 6.76692e-06 1.01215e-05 0.242237 
206.625 0.00123037 5.4153e-06 8.61416e-06 0.230653 
276.716 0.00109459 5.4819e-06 8.18246e-06 0.217554 
358.576 0.00095469 4.23076e-06 6.70656e-06 0.203176 
452.892 0.000815076 4.14196e-06 6.13979e-06 0.187733 
560.533 0.000680192 3.03596e-06 4.79517e-06 0.171497 
682.605 0.000553331 2.89618e-06 4.234e-06 0.15468 
820.543 0.000437694 1.9769e-06 3.10383e-06 0.137571 
976.24 0.000334884 1.85742e-06 2.6442e-06 0.120334 
1152.27 0.000246593 1.14405e-06 1.77233e-06 0.10326 
1352.3 0.000172599 1.08358e-06 1.46146e-06 0.0863894 
1581.84 0.000113324 5.66775e-07 8.46534e-07 0.0700007 
1849.98 6.69188e-05 5.79191e-07 6.90905e-07 0.0537918 
2174.07 3.33862e-05 2.2057e-07 2.91266e-07 0.0379949 
2598.61 9.53274e-06 3.30592e-07 2.92238e-07 0.0203026 
