0 0.195323 1.50466e-13 -0.00143381 -0.386829 
0.575577 0.193822 2.05576e-05 -0.00141178 -0.385341 
1.66667 0.182981 0.000169108 -0.00125262 -0.374409 
2.75776 0.162783 0.000445888 -0.000956074 -0.35314 
3.33333 0.149075 0.000633676 -0.000754849 -0.337945 
3.33333 0.149075 0.000633642 -0.000754867 -0.337945 
3.90891 0.133788 0.000843218 -0.000530376 -0.320149 
5 0.102175 0.00127633 -6.62922e-05 -0.279779 
6.09109 0.0700674 0.00171638 0.000405146 -0.231686 
6.66667 0.0541343 0.00193452 0.000638967 -0.203647 
6.66667 0.0541343 0.00193449 0.000638948 -0.203647 
7.24224 0.0395384 0.00213473 0.000853367 -0.174041 
8.33333 0.0170944 0.00244212 0.0011828 -0.114438 
9.42442 0.00348563 0.00262876 0.00138268 -0.0516753 
10 0.000417282 0.00267051 0.00142757 -0.0178796 
10 0.000794823 0.000504766 0.000788697 -0.0178796 
10.1134 0.000628066 0.000398864 0.000623225 -0.0158937 
10.381 0.000360434 0.0002289 0.000357656 -0.0120402 
10.8034 0.000149962 9.52362e-05 0.000148807 -0.00776629 
11.3835 4.49844e-05 2.85681e-05 4.46377e-05 -0.00425357 
12.125 9.6518e-06 6.12954e-06 9.57741e-06 -0.00197027 
13.033 1.46559e-06 9.30748e-07 1.45429e-06 -0.000767766 
14.1142 1.55354e-07 9.86602e-08 1.54157e-07 -0.000249967 
15.3769 1.12973e-08 7.17456e-09 1.12103e-08 -6.74078e-05 
16.8318 5.51343e-10 3.5014e-10 5.47094e-10 -1.48913e-05 
18.4922 1.75622e-11 1.11532e-11 1.74268e-11 -2.65774e-06 
20.3752 3.52404e-13 2.238e-13 3.49688e-13 -3.76481e-07 
22.5029 4.2548e-15 2.70208e-15 4.222e-15 -4.13678e-08 
24.9046 2.9091e-17 1.84751e-17 2.88671e-17 -3.4206e-09 
27.62 1.03733e-19 6.58569e-20 1.02918e-19 -2.04259e-10 
30.7055 1.70904e-22 1.09286e-22 1.70173e-22 -8.29083e-12 
34.2462 1.23782e-25 6.18954e-26 1.0977e-25 -2.23127e-13 
38.3823 1.5875e-28 2.98062e-28 3.11624e-28 7.99061e-15 
43.3816 2.0802e-28 1.31053e-28 2.05594e-28 -9.14691e-15 
49.9302 1.25999e-28 7.99539e-29 1.24978e-28 7.11877e-15 
