0 0.000848437 5.92413e-19 -0.00080278 0.273342 
1.72673 0.000847831 1.07166e-06 -0.000801632 0.273245 
5 0.000843359 8.9698e-06 -0.00079317 0.272523 
8.27327 0.000834581 2.4473e-05 -0.000776559 0.271101 
10 0.000828245 3.56644e-05 -0.000764568 0.27007 
10 0.00157761 4.75166e-06 8.84283e-06 0.27007 
17.6739 0.00155927 7.55973e-06 1.0977e-05 0.268496 
35.7717 0.00151685 5.86349e-06 9.51386e-06 0.264818 
64.3497 0.00145216 6.75371e-06 9.99895e-06 0.25911 
103.589 0.00136777 5.42677e-06 8.68785e-06 0.251469 
153.749 0.00126687 5.84737e-06 8.68828e-06 0.242015 
215.175 0.00115328 4.63146e-06 7.36896e-06 0.230911 
288.315 0.00103097 4.78229e-06 7.08901e-06 0.218323 
373.735 0.000904243 3.6628e-06 5.80228e-06 0.204465 
472.153 0.00077695 3.66362e-06 5.38895e-06 0.189528 
584.474 0.000653071 2.67048e-06 4.21019e-06 0.173763 
711.855 0.000535565 2.61e-06 3.78079e-06 0.157356 
855.792 0.00042745 1.77498e-06 2.77682e-06 0.140579 
1018.26 0.000330278 1.71569e-06 2.41449e-06 0.123571 
1201.95 0.000245839 1.05503e-06 1.62375e-06 0.106611 
1410.68 0.000174088 1.03415e-06 1.37409e-06 0.0897141 
1650.2 0.00011575 5.41815e-07 7.99726e-07 0.0731538 
1930 6.92568e-05 5.77602e-07 6.76484e-07 0.0565859 
2268.18 3.50287e-05 2.2195e-07 2.87317e-07 0.0402429 
2711.18 1.01243e-05 3.48717e-07 3.05361e-07 0.0216351 
