0 0.000783572 3.58068e-19 -0.000741834 0.271534 
1.72673 0.000783057 9.09687e-07 -0.000740859 0.271444 
5 0.000779263 7.61516e-06 -0.000733675 0.270786 
8.27327 0.000771812 2.07829e-05 -0.000719566 0.269488 
10 0.000766431 3.02931e-05 -0.000709377 0.268547 
10 0.00145987 3.85425e-06 7.33995e-06 0.268547 
18.0076 0.00144361 6.51844e-06 9.37312e-06 0.267047 
36.8924 0.00140596 4.92866e-06 8.0195e-06 0.263543 
66.7133 0.00134846 5.81375e-06 8.54047e-06 0.258097 
107.659 0.00127329 4.59818e-06 7.3679e-06 0.2508 
160 0.00118312 5.05835e-06 7.46004e-06 0.241756 
224.098 0.00108124 3.9607e-06 6.30042e-06 0.231114 
300.418 0.000971025 4.17523e-06 6.14119e-06 0.219018 
389.553 0.000856227 3.17013e-06 5.01556e-06 0.205664 
492.251 0.000740184 3.24181e-06 4.72746e-06 0.19122 
609.457 0.000626456 2.34756e-06 3.69161e-06 0.175917 
742.378 0.000517687 2.35189e-06 3.37247e-06 0.159918 
892.574 0.000416708 1.59205e-06 2.47941e-06 0.143476 
1062.11 0.00032499 1.58362e-06 2.20087e-06 0.126706 
1253.78 0.000244383 9.7143e-07 1.48358e-06 0.109875 
1471.59 0.000174968 9.85324e-07 1.2886e-06 0.0929699 
1721.53 0.000117719 5.16739e-07 7.52764e-07 0.0762583 
2013.49 7.13079e-05 5.7411e-07 6.59966e-07 0.0593516 
2366.39 3.6529e-05 2.22451e-07 2.82106e-07 0.0424798 
2828.65 1.06778e-05 3.65459e-07 3.17177e-07 0.022967 
