0 0.000724385 2.16618e-19 -0.000686166 0.269776 
1.72673 0.000723948 7.72914e-07 -0.000685337 0.269695 
5 0.000720726 6.47106e-06 -0.000679232 0.269094 
8.27327 0.000714395 1.76651e-05 -0.000667239 0.26791 
10 0.00070982 2.57535e-05 -0.000658573 0.26705 
10 0.00135204 3.11419e-06 6.08334e-06 0.26705 
18.3558 0.00133761 5.63105e-06 8.01067e-06 0.265621 
38.0619 0.00130418 4.14213e-06 6.75719e-06 0.262281 
69.1796 0.00125303 5.01186e-06 7.29857e-06 0.257087 
111.906 0.00118601 3.89614e-06 6.24598e-06 0.250117 
166.524 0.00110539 4.38094e-06 6.40704e-06 0.241466 
233.409 0.00101397 3.38696e-06 5.38367e-06 0.231265 
313.048 0.000914615 3.64842e-06 5.3197e-06 0.219643 
406.059 0.000810605 2.74316e-06 4.33165e-06 0.206777 
513.223 0.00070482 2.87005e-06 4.14517e-06 0.192814 
635.526 0.000600441 2.06273e-06 3.23264e-06 0.177965 
774.227 0.000499814 2.11945e-06 3.00527e-06 0.162369 
930.955 0.000405579 1.4268e-06 2.20971e-06 0.146264 
1107.86 0.000319114 1.46093e-06 2.00293e-06 0.129739 
1307.87 0.000242288 8.93291e-07 1.35204e-06 0.113049 
1535.15 0.000175272 9.37449e-07 1.2056e-06 0.0961513 
1795.96 0.000119242 4.91816e-07 7.06172e-07 0.0793073 
2100.62 7.30677e-05 5.68907e-07 6.41734e-07 0.0620814 
2468.86 3.78781e-05 2.2214e-07 2.75814e-07 0.0446985 
2951.22 1.11887e-05 3.80703e-07 3.27632e-07 0.0242934 
