0 0.000670345 1.31157e-19 -0.00063529 0.268071 
1.72673 0.000669973 6.57331e-07 -0.000634586 0.267996 
5 0.000667234 5.50403e-06 -0.000629393 0.267448 
8.27327 0.00066185 1.50288e-05 -0.000619188 0.266367 
10 0.000657958 2.1914e-05 -0.000611811 0.265582 
10 0.00125325 2.50535e-06 5.03322e-06 0.265582 
18.7192 0.00124044 4.87373e-06 6.85206e-06 0.264221 
39.2823 0.00121072 3.48041e-06 5.69059e-06 0.261037 
71.7532 0.00116518 4.32705e-06 6.24027e-06 0.256081 
116.338 0.0011054 3.30136e-06 5.29221e-06 0.249424 
173.33 0.00103326 3.79892e-06 5.50387e-06 0.241148 
243.124 0.000951175 2.89636e-06 4.59729e-06 0.231372 
326.227 0.000861582 3.19115e-06 4.6077e-06 0.220205 
423.283 0.000767322 2.37342e-06 3.73751e-06 0.207811 
535.107 0.000670883 2.54253e-06 3.63293e-06 0.194314 
662.729 0.0005751 1.81185e-06 2.827e-06 0.179908 
807.462 0.000482044 1.91039e-06 2.6756e-06 0.164711 
971.005 0.000394165 1.27789e-06 1.96577e-06 0.148943 
1155.6 0.000312736 1.34727e-06 1.82012e-06 0.132669 
1364.31 0.000239618 8.20565e-07 1.22917e-06 0.116129 
1601.48 0.000175039 8.90802e-07 1.12555e-06 0.0992539 
1873.62 0.000120333 4.67265e-07 6.6039e-07 0.0822949 
2191.54 7.45366e-05 5.62186e-07 6.22146e-07 0.0647686 
2575.79 3.90702e-05 2.21091e-07 2.68619e-07 0.0468924 
3079.13 1.16536e-05 3.94364e-07 3.36698e-07 0.02561 
