0 0.000620969 7.94897e-20 -0.000588765 -0.266416 
1.72673 0.000620653 5.59573e-07 -0.000588165 -0.266348 
5 0.000618321 4.686e-06 -0.000583744 -0.265847 
8.27327 0.000613738 1.2798e-05 -0.000575053 -0.26486 
10 0.000610423 1.86641e-05 -0.000568768 -0.264144 
10 0.00116271 2.00577e-06 4.15619e-06 -0.264144 
19.0984 0.00115132 4.22642e-06 5.8657e-06 -0.262847 
40.5557 0.00112488 2.92373e-06 4.7891e-06 -0.259811 
74.4387 0.00108431 3.74155e-06 5.33766e-06 -0.255083 
120.962 0.00103093 2.79747e-06 4.48124e-06 -0.248725 
180.433 0.000966335 3.29847e-06 4.72881e-06 -0.240807 
253.262 0.000892594 2.47696e-06 3.92279e-06 -0.231437 
339.979 0.000811763 2.79408e-06 3.99054e-06 -0.220709 
441.256 0.000726313 2.05344e-06 3.22164e-06 -0.20877 
557.943 0.000638383 2.25404e-06 3.18255e-06 -0.195725 
691.114 0.000550493 1.59115e-06 2.46895e-06 -0.181753 
842.142 0.000464463 1.72256e-06 2.38003e-06 -0.166948 
1012.8 0.000382559 1.144e-06 1.74565e-06 -0.151514 
1205.42 0.000305938 1.24221e-06 1.65175e-06 -0.135495 
1423.21 0.000236436 7.53126e-07 1.11489e-06 -0.119114 
1670.69 0.00017431 8.45598e-07 1.04878e-06 -0.102274 
1954.67 0.000121013 4.43265e-07 6.15779e-07 -0.0852161 
2286.41 7.57189e-05 5.54135e-07 6.01532e-07 -0.0674074 
2687.37 4.01026e-05 2.19374e-07 2.60688e-07 -0.0490559 
3212.6 1.20701e-05 4.06391e-07 3.44371e-07 -0.0269129 
