0 0.00057582 4.82169e-20 -0.000546189 -0.264812 
1.72673 0.00057555 4.76821e-07 -0.000545678 -0.26475 
5 0.000573564 3.99342e-06 -0.00054191 -0.264293 
8.27327 0.000569659 1.09087e-05 -0.000534501 -0.263392 
10 0.000566833 1.59111e-05 -0.000529141 -0.262738 
10 0.00107968 1.59702e-06 3.42418e-06 -0.262738 
19.494 0.00106954 3.67227e-06 5.02503e-06 -0.261501 
41.8845 0.001046 2.45544e-06 4.02692e-06 -0.258607 
77.241 0.00100982 3.24035e-06 4.5672e-06 -0.254095 
125.788 0.00096212 2.37056e-06 3.79152e-06 -0.248021 
187.845 0.000904247 2.86778e-06 4.0633e-06 -0.240446 
263.841 0.000837957 2.11847e-06 3.34427e-06 -0.231465 
354.329 0.000764994 2.44911e-06 3.4555e-06 -0.221158 
460.01 0.000687502 1.77666e-06 2.77394e-06 -0.209658 
581.771 0.000607311 1.99994e-06 2.78672e-06 -0.197051 
720.734 0.000526663 1.39721e-06 2.15326e-06 -0.183502 
878.33 0.000447143 1.55391e-06 2.11538e-06 -0.169082 
1056.41 0.000370841 1.02383e-06 1.54744e-06 -0.153981 
1257.41 0.000298798 1.14529e-06 1.4971e-06 -0.138217 
1484.67 0.000232804 6.90785e-07 1.00898e-06 -0.122003 
1742.9 0.000173125 8.01994e-07 9.75556e-07 -0.105209 
2039.24 0.000121304 4.19954e-07 5.72624e-07 -0.0880667 
2385.4 7.66227e-05 5.44932e-07 5.8019e-07 -0.0699927 
2803.81 4.0975e-05 2.17063e-07 2.52181e-07 -0.0511839 
3351.88 1.24367e-05 4.16764e-07 3.50668e-07 -0.0281985 
