0 0.000534502 2.92739e-20 -0.000507196 -0.263258 
1.72673 0.000534272 4.06707e-07 -0.000506761 -0.263201 
5 0.000532579 3.40653e-06 -0.000503547 -0.262784 
8.27327 0.000529247 9.30721e-06 -0.000497224 -0.261961 
10 0.000526837 1.35771e-05 -0.00049265 -0.261364 
10 0.0010035 1.26366e-06 2.81365e-06 -0.261364 
19.9069 0.000994468 3.19707e-06 4.30769e-06 -0.260185 
43.2711 0.000973484 2.0615e-06 3.38233e-06 -0.257425 
80.1652 0.00094119 2.81078e-06 3.90893e-06 -0.253119 
130.823 0.000898534 2.00886e-06 3.20479e-06 -0.247317 
195.579 0.00084664 2.49675e-06 3.49151e-06 -0.240069 
274.88 0.000787008 1.81206e-06 2.84806e-06 -0.23146 
369.303 0.00072111 2.14922e-06 2.99153e-06 -0.221558 
479.58 0.000650805 1.53734e-06 2.38554e-06 -0.210481 
606.637 0.000577651 1.77609e-06 2.43892e-06 -0.198298 
751.643 0.00050364 1.22692e-06 1.87518e-06 -0.18516 
916.091 0.000430144 1.40258e-06 1.87865e-06 -0.171117 
1101.91 0.000359083 9.16139e-07 1.36928e-06 -0.156345 
1311.66 0.000291385 1.05602e-06 1.35535e-06 -0.140838 
1548.8 0.00022878 6.33315e-07 9.11168e-07 -0.124795 
1818.27 0.000171527 7.60099e-07 9.06015e-07 -0.108057 
2127.49 0.000121231 3.97437e-07 5.31144e-07 -0.0908435 
2488.7 7.72588e-05 5.34747e-07 5.58386e-07 -0.0725205 
2925.3 4.16895e-05 2.14229e-07 2.43243e-07 -0.0532721 
3497.21 1.27529e-05 4.25486e-07 3.55622e-07 -0.0294639 
