0 0.000496658 1.77924e-20 -0.000471458 -0.261754 
1.72673 0.000496462 3.47245e-07 -0.000471086 -0.261702 
5 0.000495016 2.90873e-06 -0.000468341 -0.261321 
8.27327 0.000492172 7.9485e-06 -0.000462942 -0.260569 
10 0.000490114 1.15965e-05 -0.000459033 -0.260023 
10 0.00093355 9.92778e-07 2.30484e-06 -0.260023 
20.3377 0.000925499 2.7889e-06 3.69487e-06 -0.2589 
44.718 0.000906778 1.73013e-06 2.83704e-06 -0.256268 
83.2165 0.000877928 2.44211e-06 3.34601e-06 -0.252158 
136.077 0.000839749 1.70236e-06 2.70555e-06 -0.246614 
203.65 0.00079318 2.1768e-06 2.99991e-06 -0.239679 
286.399 0.000739501 1.55018e-06 2.42244e-06 -0.231426 
384.929 0.000679948 1.88835e-06 2.58908e-06 -0.221912 
500.001 0.000616132 1.33046e-06 2.0487e-06 -0.211242 
632.583 0.000549375 1.57884e-06 2.13339e-06 -0.19947 
783.895 0.000481441 1.0775e-06 1.63044e-06 -0.18673 
955.495 0.000413514 1.26684e-06 1.66709e-06 -0.173057 
1149.4 0.00034735 8.19761e-07 1.20942e-06 -0.158609 
1368.26 0.000283765 9.73912e-07 1.2257e-06 -0.143358 
1615.72 0.000224421 5.80456e-07 8.21101e-07 -0.12749 
1896.9 0.00016956 7.19985e-07 8.4024e-07 -0.110817 
2219.57 0.000120821 3.75789e-07 4.91499e-07 -0.0935438 
2596.5 7.76404e-05 5.23739e-07 5.36352e-07 -0.0749872 
3052.08 4.22499e-05 2.10939e-07 2.34005e-07 -0.0553167 
3648.86 1.30187e-05 4.32584e-07 3.59282e-07 -0.0307063 
