0 0.000461964 1.08226e-20 -0.000438674 -0.260298 
1.72673 0.000461797 2.96768e-07 -0.000438356 -0.260251 
5 0.000460562 2.48611e-06 -0.00043601 -0.259902 
8.27327 0.000458131 6.79468e-06 -0.000431394 -0.259216 
10 0.000456371 9.91423e-06 -0.000428051 -0.258717 
10 0.000869278 7.73562e-07 1.88117e-06 -0.258717 
20.7873 0.000862094 2.43769e-06 3.17072e-06 -0.257646 
46.2278 0.000845378 1.45138e-06 2.37561e-06 -0.255136 
86.4005 0.000819581 2.12527e-06 2.8642e-06 -0.251213 
141.56 0.000785381 1.44262e-06 2.28064e-06 -0.245916 
212.071 0.000743556 1.90058e-06 2.57699e-06 -0.239278 
298.42 0.000695202 1.32635e-06 2.05734e-06 -0.231367 
401.233 0.000641348 1.66123e-06 2.23987e-06 -0.222225 
521.31 0.000583391 1.15166e-06 1.75664e-06 -0.211946 
659.658 0.000522447 1.40497e-06 1.86502e-06 -0.200571 
817.55 0.000460077 9.46467e-07 1.4152e-06 -0.188218 
996.613 0.000397291 1.1451e-06 1.47816e-06 -0.174904 
1198.95 0.000335694 7.33598e-07 1.0662e-06 -0.160775 
1427.33 0.000275994 8.98464e-07 1.10731e-06 -0.145779 
1685.55 0.00021978 5.31934e-07 7.38394e-07 -0.130089 
1978.96 0.000167262 6.81685e-07 7.78247e-07 -0.113487 
2315.66 0.000120102 3.55059e-07 4.53799e-07 -0.0961657 
2708.98 7.77821e-05 5.12053e-07 5.1429e-07 -0.0773902 
3184.38 4.2662e-05 2.07258e-07 2.24583e-07 -0.0573148 
3807.11 1.32352e-05 4.38103e-07 3.61709e-07 -0.0319236 
