0 0.000430128 6.59015e-21 -0.000408572 -0.25889 
1.72673 0.000429985 2.53877e-07 -0.0004083 -0.258847 
5 0.000428929 2.12695e-06 -0.000406293 -0.258529 
8.27327 0.00042685 5.81392e-06 -0.000402343 -0.257902 
10 0.000425344 8.48407e-06 -0.000399482 -0.257446 
10 0.000810178 5.97e-07 1.52876e-06 -0.257446 
21.2564 0.000803762 2.13496e-06 2.72188e-06 -0.256425 
47.8033 0.000788821 1.21693e-06 1.98507e-06 -0.25403 
89.723 0.000765734 1.85259e-06 2.45142e-06 -0.250285 
147.281 0.000735071 1.22245e-06 1.91891e-06 -0.245223 
220.859 0.000697478 1.66184e-06 2.21289e-06 -0.23887 
310.962 0.000653887 1.13501e-06 1.74414e-06 -0.231285 
418.247 0.000605155 1.46332e-06 1.93674e-06 -0.2225 
543.546 0.000552491 9.97133e-07 1.50347e-06 -0.212598 
687.91 0.000496828 1.25163e-06 1.62931e-06 -0.201604 
852.669 0.000439548 8.31594e-07 1.22605e-06 -0.189627 
1039.52 0.000381504 1.03592e-06 1.30956e-06 -0.176663 
1250.65 0.000324162 6.56634e-07 9.38057e-07 -0.162846 
1488.97 0.000268125 8.29193e-07 9.9939e-07 -0.148103 
1758.41 0.000214904 4.87466e-07 6.62629e-07 -0.132593 
2064.59 0.000164675 6.45208e-07 7.20002e-07 -0.116068 
2415.93 0.0001191 3.35277e-07 4.18107e-07 -0.0987081 
2826.35 7.77001e-05 4.99821e-07 4.92371e-07 -0.0797273 
3322.42 4.29324e-05 2.03244e-07 2.1508e-07 -0.0592637 
3972.23 1.34037e-05 4.42105e-07 3.6297e-07 -0.0331138 
