0 0.195167 1.6136e-13 -0.00155775 0.386589 
0.575577 0.193672 2.22766e-05 -0.00153388 0.385106 
1.66667 0.182867 0.000183257 -0.0013614 0.374209 
2.75776 0.162733 0.000483243 -0.00103999 0.353008 
3.33333 0.149067 0.000686815 -0.000821857 0.33786 
3.33333 0.149067 0.000686778 -0.000821876 0.33786 
3.90891 0.133823 0.000914008 -0.000578474 0.320119 
5 0.102288 0.00138377 -7.51184e-05 0.279871 
6.09109 0.0702386 0.00186137 0.000436545 0.231918 
6.66667 0.0543231 0.00209829 0.0006905 0.203957 
6.66667 0.0543231 0.00209826 0.000690479 0.203957 
7.24224 0.0397332 0.00231589 0.000923523 0.174431 
8.33333 0.0172642 0.0026505 0.00128211 0.114979 
9.42442 0.00358041 0.00285455 0.00150064 0.0523616 
10 0.000453576 0.00290082 0.00155039 0.0186368 
10 0.000863954 0.000548296 0.000856713 0.0186368 
10.1184 0.000682842 0.000433356 0.000677119 0.0165686 
10.3975 0.000392071 0.000248822 0.000388785 0.0125548 
10.8384 0.000163258 0.00010361 0.00016189 0.00810146 
11.4436 4.90275e-05 3.11147e-05 4.86166e-05 0.00443962 
12.2174 1.05343e-05 6.68547e-06 1.04461e-05 0.00205793 
13.1649 1.6024e-06 1.01694e-06 1.58897e-06 0.000802623 
14.2931 1.7021e-07 1.08022e-07 1.68784e-07 0.000261589 
15.6107 1.24079e-08 7.87448e-09 1.23039e-08 7.06276e-05 
17.1289 6.07241e-10 3.85377e-10 6.02152e-10 1.56245e-05 
18.8615 1.94047e-11 1.2315e-11 1.92421e-11 2.79306e-06 
20.8264 3.90792e-13 2.48011e-13 3.87517e-13 3.96368e-07 
23.0466 4.73767e-15 3.00669e-15 4.69796e-15 4.36424e-08 
25.5528 3.25428e-17 2.06533e-17 3.22704e-17 3.61704e-09 
28.3862 1.1665e-19 7.40076e-20 1.15655e-19 2.16555e-10 
31.6059 1.93343e-22 1.23537e-22 1.92375e-22 8.81637e-12 
35.3006 1.40674e-25 7.06228e-26 1.24921e-25 2.37811e-13 
39.6166 1.70895e-28 3.29641e-28 3.42264e-28 -8.28878e-15 
44.8333 2.27969e-28 1.43568e-28 2.25192e-28 9.57335e-15 
51.6667 1.3815e-28 8.76389e-29 1.36964e-28 -7.45249e-15 
