0 0.195008 9.7521e-12 -0.00169235 -0.464642 
0.863366 0.191667 5.41495e-05 -0.00163434 -0.460644 
2.5 0.168162 0.000434832 -0.00122642 -0.431475 
4.13663 0.127513 0.00109352 -0.000520785 -0.375724 
5 0.102407 0.00149971 -8.53051e-05 -0.33671 
5 0.102407 0.00149936 -8.54929e-05 -0.33671 
5.86337 0.0769643 0.00191263 0.000356699 -0.291902 
7.5 0.0339518 0.00260866 0.00110285 -0.193876 
9.13663 0.00635912 0.00305652 0.00158224 -0.0839055 
10 0.00049303 0.00314988 0.00168316 -0.023363 
10 0.000939105 0.00059555 0.000930548 -0.023363 
10.1235 0.000742415 0.000470816 0.00073565 -0.0207728 
10.4148 0.000426515 0.000270482 0.000422629 -0.0157449 
10.8748 0.000177758 0.000112728 0.000176138 -0.0101645 
11.5064 5.34467e-05 3.38942e-05 5.29597e-05 -0.00557355 
12.3138 1.15017e-05 7.29401e-06 1.13969e-05 -0.00258555 
13.3025 1.75288e-06 1.11162e-06 1.7369e-06 -0.00100936 
14.4798 1.86616e-07 1.18346e-07 1.84915e-07 -0.000329341 
15.8547 1.36397e-08 8.64989e-09 1.35154e-08 -8.90378e-05 
17.4389 6.69564e-10 4.24616e-10 6.63462e-10 -1.97273e-05 
19.2468 2.14708e-11 1.36161e-11 2.12751e-11 -3.53261e-06 
21.2972 4.34106e-13 2.75296e-13 4.30151e-13 -5.02307e-07 
23.614 5.28626e-15 3.35237e-15 5.23809e-15 -5.54301e-08 
26.2291 3.6494e-17 2.31438e-17 3.61618e-17 -4.60556e-09 
29.1858 1.31558e-19 8.34046e-20 1.3034e-19 -2.76523e-10 
32.5455 2.19478e-22 1.40117e-22 2.18205e-22 -1.12945e-11 
36.4009 1.60498e-25 8.09025e-26 1.42723e-25 -3.05426e-13 
40.9046 1.83894e-28 3.65628e-28 3.76756e-28 1.03385e-14 
46.3481 2.50108e-28 1.57573e-28 2.47018e-28 -1.20569e-14 
53.4787 1.51606e-28 9.62186e-29 1.50283e-28 9.38706e-15 
