0 0.194846 1.04456e-11 -0.00183852 0.464336 
0.863366 0.191517 5.86598e-05 -0.00177568 0.460352 
2.5 0.168095 0.000471109 -0.00133372 0.431285 
4.13663 0.127573 0.00118505 -0.000568901 0.375722 
5 0.102532 0.00162553 -9.66489e-05 0.336835 
5 0.102532 0.00162515 -9.68514e-05 0.336835 
5.86337 0.0771422 0.00207356 0.000382939 0.292168 
7.5 0.034164 0.00282974 0.00119357 0.194434 
9.13663 0.00649153 0.00331809 0.0017163 0.0847541 
10 0.000535924 0.00342119 0.00182772 0.0243522 
10 0.00102081 0.000646845 0.00101069 0.0243522 
10.1289 0.000807215 0.000511499 0.000799217 0.0216551 
10.4329 0.000464024 0.000294033 0.000459427 0.0164186 
10.9129 0.000193576 0.000122661 0.000191658 0.0106046 
11.5719 5.82794e-05 3.69293e-05 5.7702e-05 0.00581868 
12.4144 1.25628e-05 7.96055e-06 1.24384e-05 0.00270153 
13.4462 1.91855e-06 1.2157e-06 1.89954e-06 0.00105573 
14.6746 2.04755e-07 1.29745e-07 2.02727e-07 0.000344893 
16.1094 1.50085e-08 9.5103e-09 1.48598e-08 9.33761e-05 
17.7624 7.39195e-10 4.68398e-10 7.31872e-10 2.07227e-05 
19.649 2.37932e-11 1.50768e-11 2.35574e-11 3.71786e-06 
21.7885 4.83123e-13 3.06135e-13 4.78337e-13 5.2978e-07 
24.2061 5.91165e-15 3.74597e-15 5.85308e-15 5.86032e-08 
26.9349 4.10346e-17 2.60025e-17 4.06284e-17 4.88249e-09 
30.0202 1.48841e-19 9.42864e-20 1.47345e-19 2.94055e-10 
33.526 2.50074e-22 1.59501e-22 2.48408e-22 1.20532e-11 
37.549 1.8387e-25 9.31069e-26 1.63764e-25 3.2683e-13 
42.2486 1.97286e-28 4.0547e-28 4.14439e-28 -1.07057e-14 
47.9288 2.7449e-28 1.72689e-28 2.70799e-28 1.26279e-14 
55.3695 1.66479e-28 1.05532e-28 1.64862e-28 -9.83436e-15 
