0 0.19468 1.1181e-11 -0.00199725 -0.464016 
0.863366 0.191363 6.35358e-05 -0.00192919 -0.460047 
2.5 0.168027 0.000510336 -0.00145043 -0.431085 
4.13663 0.127637 0.00128405 -0.000621572 -0.375718 
5 0.102665 0.00176167 -0.000109501 -0.336964 
5 0.102665 0.00176127 -0.000109719 -0.336964 
5.86337 0.077329 0.00224775 0.000410819 -0.292445 
7.5 0.0343863 0.00306924 0.00129146 -0.195014 
9.13663 0.00663113 0.00360179 0.0018615 -0.0856379 
10 0.000582564 0.00371568 0.00198457 -0.0253831 
10 0.00110964 0.000702523 0.00109769 -0.0253831 
10.1345 0.000877708 0.000555682 0.000868253 -0.022575 
10.4517 0.00050488 0.000319642 0.000499441 -0.0171217 
10.9526 0.000210839 0.000133483 0.000208568 -0.0110644 
11.6403 6.35676e-05 4.0245e-05 6.28828e-05 -0.00607533 
12.5194 1.37278e-05 8.69116e-06 1.35799e-05 -0.00282327 
13.596 2.10115e-06 1.33025e-06 2.07852e-06 -0.00110454 
14.8779 2.24842e-07 1.42349e-07 2.2242e-07 -0.000361319 
16.375 1.65323e-08 1.04667e-08 1.63542e-08 -9.79757e-05 
18.1 8.17166e-10 5.17353e-10 8.08364e-10 -2.17825e-05 
20.0686 2.64107e-11 1.67208e-11 2.61262e-11 -3.916e-06 
22.3011 5.38767e-13 3.41097e-13 5.32964e-13 -5.5931e-07 
24.8239 6.62719e-15 4.19571e-15 6.5558e-15 -6.20322e-08 
27.6714 4.62744e-17 2.92972e-17 4.57764e-17 -5.1835e-09 
30.8908 1.68974e-19 1.06947e-19 1.67129e-19 -3.13229e-10 
34.5491 2.86087e-22 1.82285e-22 2.83913e-22 -1.28885e-11 
38.7471 2.11621e-25 1.07671e-25 1.88788e-25 -3.50535e-13 
43.651 2.11366e-28 4.50617e-28 4.56589e-28 1.10782e-14 
49.5783 3.01594e-28 1.8944e-28 2.97173e-28 -1.32332e-14 
57.3425 1.8297e-28 1.15865e-28 1.81019e-28 1.03072e-14 
