0 0.19451 1.19598e-11 -0.00216964 -0.463681 
0.863366 0.191207 6.8806e-05 -0.00209594 -0.459727 
2.5 0.16796 0.000552743 -0.00157738 -0.430874 
4.13663 0.127707 0.00139112 -0.000679247 -0.375712 
5 0.102804 0.00190896 -0.000124062 -0.337096 
5 0.102804 0.00190852 -0.000124297 -0.337096 
5.86337 0.0775252 0.00243627 0.000440398 -0.292731 
7.5 0.0346193 0.00332869 0.00139707 -0.195617 
9.13663 0.00677835 0.00390948 0.00201876 -0.0865585 
10 0.000633281 0.00403533 0.00215472 -0.0264573 
10 0.00120625 0.000762958 0.00119212 -0.0264573 
10.1403 0.00095441 0.000603668 0.000943231 -0.0235339 
10.4713 0.000549393 0.000347493 0.000542959 -0.0178554 
10.994 0.000229687 0.000145278 0.000226997 -0.011545 
11.7116 6.93578e-05 4.38691e-05 6.85455e-05 -0.00634417 
12.629 1.5008e-05 9.49261e-06 1.48322e-05 -0.00295113 
13.7524 2.30268e-06 1.45645e-06 2.27571e-06 -0.00115596 
15.09 2.47121e-07 1.56305e-07 2.44226e-07 -0.000378688 
16.6523 1.82318e-08 1.15317e-08 1.80183e-08 -0.000102859 
18.4522 9.04685e-10 5.72217e-10 8.94089e-10 -2.29127e-05 
20.5064 2.93694e-11 1.85763e-11 2.90254e-11 -4.12834e-06 
22.8361 6.02147e-13 3.80861e-13 5.95095e-13 -5.91124e-07 
25.4685 7.44907e-15 4.71156e-15 7.36182e-15 -6.57474e-08 
28.4398 5.23483e-17 3.31112e-17 5.17357e-17 -5.51161e-09 
31.7993 1.92546e-19 1.21751e-19 1.90263e-19 -3.34267e-10 
35.6167 3.28721e-22 2.0922e-22 3.25889e-22 -1.38115e-11 
39.9972 2.44769e-25 1.25173e-25 2.18742e-25 -3.76882e-13 
45.1144 2.25883e-28 5.01246e-28 5.03217e-28 1.1449e-14 
51.2994 3.31644e-28 2.07599e-28 3.26067e-28 -1.38728e-14 
59.4013 2.01309e-28 1.27103e-28 1.98775e-28 1.08083e-14 
