0 0.194337 1.27835e-11 -0.00235686 -0.463329 
0.863366 0.191047 7.45013e-05 -0.00227705 -0.459391 
2.5 0.167892 0.00059858 -0.00171548 -0.430653 
4.13663 0.127781 0.0015069 -0.000742421 -0.375703 
5 0.102952 0.00206828 -0.000140561 -0.337232 
5 0.102952 0.00206781 -0.000140815 -0.337232 
5.86337 0.0777311 0.00264026 0.000471728 -0.293028 
7.5 0.0348637 0.00360969 0.00151095 -0.196245 
9.13663 0.00693369 0.00424317 0.00218904 -0.0875173 
10 0.00068844 0.00438229 0.00233931 -0.0275768 
10 0.00131131 0.000828554 0.00129462 -0.0275768 
10.1464 0.00103788 0.000655785 0.00102466 -0.0245338 
10.4918 0.000597906 0.000377787 0.000590292 -0.0186212 
11.0372 0.000250276 0.000158137 0.000247089 -0.0120476 
11.7861 7.57021e-05 4.78324e-05 7.47381e-05 -0.00662591 
12.7433 1.64161e-05 1.03725e-05 1.6207e-05 -0.0030855 
13.9156 2.52537e-06 1.59565e-06 2.49321e-06 -0.00121019 
15.3114 2.71871e-07 1.71782e-07 2.68409e-07 -0.000397075 
16.9416 2.01314e-08 1.272e-08 1.98751e-08 -0.000108051 
18.8198 1.00317e-09 6.33854e-10 9.90397e-10 -2.41201e-05 
20.9633 3.27239e-11 2.06766e-11 3.23072e-11 -4.35636e-06 
23.3943 6.74599e-13 4.26245e-13 6.66008e-13 -6.25481e-07 
26.1412 8.39703e-15 5.30565e-15 8.29009e-15 -6.97837e-08 
29.2418 5.94227e-17 3.7547e-17 5.86666e-17 -5.8704e-09 
32.7473 2.20294e-19 1.39153e-19 2.17458e-19 -3.57432e-10 
36.7307 3.79506e-22 2.41257e-22 3.75819e-22 -1.48355e-11 
41.3017 2.84642e-25 1.46312e-25 2.54815e-25 -4.06294e-13 
46.6414 2.40759e-28 5.60325e-28 5.56601e-28 1.18163e-14 
53.0955 3.65097e-28 2.2834e-28 3.58615e-28 -1.45511e-14 
61.5497 2.21716e-28 1.39908e-28 2.18749e-28 1.13394e-14 
