0 0.19416 1.36536e-11 -0.00256019 0.462961 
0.863366 0.190885 8.06546e-05 -0.00247379 0.459039 
2.5 0.167825 0.000648115 -0.00186573 0.43042 
4.13663 0.127861 0.00163207 -0.00081164 0.375692 
5 0.103108 0.00224058 -0.000159259 0.337372 
5 0.103108 0.00224007 -0.000159532 0.337372 
5.86337 0.0779475 0.00286097 0.000504852 0.293335 
7.5 0.0351199 0.00391402 0.00163371 0.196897 
9.13663 0.00709767 0.00460503 0.00237339 0.0885159 
10 0.00074844 0.00475887 0.00253953 0.0287437 
10 0.0014256 0.000899752 0.00140586 0.0287437 
10.1528 0.00112874 0.000712391 0.00111311 0.0255764 
10.5132 0.000650796 0.000410743 0.000641785 0.0194207 
11.0823 0.000272777 0.00017216 0.000269001 0.0125732 
11.8637 8.2659e-05 5.21693e-05 8.15146e-05 0.00692131 
12.8626 1.79666e-05 1.13394e-05 1.77178e-05 0.00322683 
14.0859 2.7718e-06 1.74939e-06 2.73342e-06 0.00126743 
15.5424 2.99418e-07 1.88974e-07 2.95272e-07 0.000416564 
17.2434 2.22595e-08 1.40488e-08 2.19513e-08 0.00011358 
19.2033 1.11431e-09 7.03282e-10 1.09888e-09 2.54124e-05 
21.4401 3.65397e-11 2.30616e-11 3.60338e-11 4.60178e-06 
23.9768 7.57737e-13 4.78237e-13 7.47246e-13 6.62678e-07 
26.8431 9.49526e-15 5.99282e-15 9.36379e-15 7.41817e-08 
30.0785 6.77044e-17 4.27317e-17 6.67676e-17 6.264e-09 
33.7365 2.5315e-19 1.59728e-19 2.4961e-19 3.83029e-10 
37.8931 4.404e-22 2.7961e-22 4.35597e-22 1.5976e-11 
42.663 3.32952e-25 1.72036e-25 2.98574e-25 4.39273e-13 
48.2349 2.55682e-28 6.2952e-28 6.17884e-28 -1.21729e-14 
54.9696 4.0241e-28 2.52012e-28 3.95304e-28 1.52714e-14 
63.7914 2.44478e-28 1.54486e-28 2.41239e-28 -1.19032e-14 
