0 0.19398 1.45714e-11 -0.00278102 -0.462574 
0.863366 0.190719 8.73015e-05 -0.0026875 -0.458669 
2.5 0.167759 0.000701634 -0.00202922 -0.430175 
4.13663 0.127947 0.00176738 -0.000887511 -0.375679 
5 0.103272 0.00242689 -0.000180448 -0.337515 
5 0.103272 0.00242635 -0.000180742 -0.337515 
5.86337 0.0781747 0.00309972 0.000539804 -0.293654 
7.5 0.0353886 0.00424357 0.00176599 -0.197576 
9.13663 0.00727087 0.00499743 0.00257295 -0.0895562 
10 0.000813718 0.00516761 0.0027567 -0.0299598 
10 0.00154994 0.000977028 0.00152661 -0.0299598 
10.1595 0.00122766 0.000773876 0.00120918 -0.0266638 
10.5355 0.000708478 0.0004466 0.000697813 -0.0202556 
11.1294 0.000297383 0.00018746 0.000292906 -0.0131232 
11.9448 9.02939e-05 5.69182e-05 8.89346e-05 -0.00723122 
12.9871 1.96758e-05 1.24029e-05 1.93796e-05 -0.00337558 
14.2636 3.04491e-06 1.91941e-06 2.99908e-06 -0.00132791 
15.7834 3.30137e-07 2.08107e-07 3.25167e-07 -0.00043725 
17.5584 2.46493e-08 1.55381e-08 2.42782e-08 -0.000119477 
19.6036 1.24008e-09 7.81706e-10 1.22142e-09 -2.67983e-05 
21.9376 4.08952e-11 2.57789e-11 4.02796e-11 -4.86652e-06 
24.5846 8.53529e-13 5.38036e-13 8.40681e-13 -7.03059e-07 
27.5756 1.07736e-14 6.79131e-15 1.06114e-14 -7.89884e-08 
30.9517 7.74521e-17 4.8824e-17 7.62868e-17 -6.69728e-09 
34.7688 2.92293e-19 1.84202e-19 2.87854e-19 -4.11426e-10 
39.1062 5.13927e-22 3.25837e-22 5.07655e-22 -1.72517e-11 
44.0834 3.91952e-25 2.03675e-25 3.52146e-25 -4.76429e-13 
49.8977 2.70316e-28 7.07283e-28 6.85689e-28 1.25118e-14 
56.9252 4.43973e-28 2.7743e-28 4.35387e-28 -1.60347e-14 
66.1307 2.69884e-28 1.70255e-28 2.65922e-28 1.25018e-14 
