0 0.196563 4.44467e-15 -0.000678598 0.339719 
0.431683 0.195696 5.58391e-06 -0.000672615 0.33897 
1.25 0.189376 4.63113e-05 -0.000628979 0.333451 
2.06832 0.177306 0.000124095 -0.00054564 0.32265 
2.5 0.168868 0.000178471 -0.000487377 0.314879 
2.5 0.168868 0.000178468 -0.000487379 0.314879 
2.93168 0.159185 0.000240879 -0.000420516 0.305718 
3.75 0.138037 0.000377156 -0.0002745 0.284687 
4.56832 0.11438 0.00052962 -0.000111151 0.259146 
5 0.101392 0.000613299 -2.14852e-05 0.24399 
5 0.101392 0.000613294 -2.14877e-05 0.24399 
5.43168 0.0883494 0.000697371 6.85806e-05 0.227757 
6.25 0.0642921 0.000852388 0.000234679 0.194289 
7.06832 0.0423802 0.000993615 0.000385983 0.157743 
7.5 0.0321629 0.00105942 0.000456511 0.137419 
7.5 0.0321629 0.00105942 0.000456509 0.137419 
7.93168 0.0231115 0.00111779 0.000519028 0.116489 
8.75 0.00970298 0.00120418 0.000611596 0.0754784 
9.56832 0.0018855 0.00125458 0.000665587 0.0332723 
10 0.000196908 0.00126541 0.000677221 0.0107523 
10 0.000375062 0.00023917 0.000373702 0.0107523 
10.0773 0.000295978 0.000188739 0.000294905 0.00955166 
10.2597 0.000169322 0.000107973 0.000168708 0.00722448 
10.5477 7.00994e-05 4.4701e-05 6.98453e-05 0.00464844 
10.9432 2.08849e-05 1.33179e-05 2.08092e-05 0.00253727 
11.4487 4.44217e-06 2.83268e-06 4.42606e-06 0.00117016 
12.0677 6.67366e-07 4.25566e-07 6.64947e-07 0.000453557 
12.8048 6.98482e-08 4.45408e-08 6.9595e-08 0.000146733 
13.6656 5.00453e-09 3.19129e-09 4.98639e-09 3.92764e-05 
14.6574 2.40095e-10 1.53104e-10 2.39225e-10 8.60283e-06 
15.7894 7.50008e-12 4.78265e-12 7.47289e-12 1.52049e-06 
17.0731 1.47203e-13 9.38682e-14 1.46669e-13 2.13014e-07 
18.5236 1.73338e-15 1.10534e-15 1.72709e-15 2.31151e-08 
20.1609 1.15216e-17 7.34729e-18 1.148e-17 1.88455e-09 
22.0121 3.97942e-20 2.53673e-20 3.96432e-20 1.10754e-10 
24.1156 6.32034e-23 4.06121e-23 6.32153e-23 4.41387e-12 
26.5294 4.45587e-26 2.16983e-26 3.91504e-26 1.17197e-13 
29.3491 7.84073e-29 1.27383e-28 1.38579e-28 -4.91618e-15 
32.7573 9.32524e-29 5.91658e-29 9.26804e-29 5.36142e-15 
37.2217 5.63732e-29 3.59747e-29 5.61896e-29 -4.16856e-15 
