0 0.193796 1.5538e-11 -0.00302088 -0.462168 
0.863366 0.19055 9.44798e-05 -0.00291967 -0.458282 
2.5 0.167692 0.000759448 -0.00220713 -0.429917 
4.13663 0.128038 0.00191361 -0.000970703 -0.375662 
5 0.103445 0.00262832 -0.000204466 -0.337663 
5 0.103445 0.00262773 -0.000204783 -0.337663 
5.86337 0.0784134 0.00335796 0.000576603 -0.293984 
7.5 0.0356706 0.0046004 0.00190847 -0.198282 
9.13663 0.00745389 0.00542292 0.00278894 -0.0906399 
10 0.000884751 0.00561124 0.00299223 -0.0312276 
10 0.00168524 0.0010609 0.00165766 -0.0312276 
10.1664 0.00133539 0.000840662 0.00131353 -0.0277979 
10.5588 0.000771412 0.000485623 0.000758786 -0.0211276 
11.1785 0.000324306 0.000204159 0.000318998 -0.0136989 
12.0294 9.86803e-05 6.21217e-05 9.70652e-05 -0.00755654 
13.117 2.15624e-05 1.35741e-05 2.12095e-05 -0.00353229 
14.449 3.34811e-06 2.10772e-06 3.29331e-06 -0.0013919 
16.0349 3.64467e-07 2.29441e-07 3.58501e-07 -0.000459237 
17.8871 2.734e-08 1.72112e-08 2.68925e-08 -0.000125779 
20.0212 1.38288e-09 8.70557e-10 1.36025e-09 -2.82878e-05 
22.4568 4.58856e-11 2.88861e-11 4.51346e-11 -5.15283e-06 
25.2189 9.64385e-13 6.07104e-13 9.48601e-13 -7.47021e-07 
28.3399 1.22692e-14 7.72374e-15 1.20684e-14 -8.42588e-08 
31.8629 8.89916e-17 5.60234e-17 8.75358e-17 -7.17599e-09 
35.8459 3.39234e-19 2.135e-19 3.33638e-19 -4.43055e-10 
40.3719 6.03373e-22 3.81965e-22 5.95159e-22 -1.86853e-11 
45.5656 4.64596e-25 2.42871e-25 4.18239e-25 -5.18496e-13 
51.6327 2.84119e-28 7.97017e-28 7.62404e-28 1.28221e-14 
58.9659 4.9039e-28 3.05561e-28 4.79902e-28 -1.68453e-14 
68.5717 2.98348e-28 1.87784e-28 2.93439e-28 1.31392e-14 
