0 0.193608 1.65543e-11 -0.00328142 -0.461743 
0.863366 0.190378 0.00010223 -0.00317191 -0.457875 
2.5 0.167626 0.000821886 -0.00240077 -0.429645 
4.13663 0.128136 0.00207162 -0.00106196 -0.375642 
5 0.103628 0.00284606 -0.000231693 -0.337813 
5 0.103628 0.00284542 -0.000232034 -0.337813 
5.86337 0.0786641 0.00363723 0.000615252 -0.294325 
7.5 0.0359665 0.00498671 0.00206187 -0.199016 
9.13663 0.00764739 0.00588427 0.00302267 -0.0917689 
10 0.000962065 0.00609273 0.00324766 -0.0325492 
10 0.00183251 0.00115193 0.00179989 -0.0325492 
10.1736 0.00145275 0.000913211 0.00142689 -0.028981 
10.5831 0.000840106 0.0005281 0.000825156 -0.0220387 
11.2298 0.000353786 0.000222393 0.00034749 -0.0143017 
12.1176 0.000107901 6.78279e-05 0.000105981 -0.00789826 
13.2526 2.36476e-05 1.48651e-05 2.32267e-05 -0.00369753 
14.6425 3.6853e-06 2.31662e-06 3.61971e-06 -0.00145967 
16.2974 4.02918e-07 2.53278e-07 3.95747e-07 -0.000482643 
18.2301 3.0378e-08 1.90959e-08 2.98374e-08 -0.000132525 
20.457 1.54555e-09 9.71546e-10 1.51804e-09 -2.98923e-05 
22.9985 5.16261e-11 3.24527e-11 5.07073e-11 -5.46327e-06 
25.8807 1.09327e-12 6.87241e-13 1.07381e-12 -7.95027e-07 
29.1375 1.40282e-14 8.81827e-15 1.37786e-14 -9.00574e-08 
32.8136 1.02736e-16 6.45823e-17 1.00909e-16 -7.70691e-09 
36.9699 3.95921e-19 2.48816e-19 3.88825e-19 -4.78435e-10 
41.6927 7.13048e-22 4.50656e-22 7.02254e-22 -2.03038e-11 
47.1123 5.54872e-25 2.91781e-25 5.00453e-25 -5.66389e-13 
53.4432 2.96742e-28 9.04205e-28 8.5214e-28 1.30981e-14 
61.0953 5.42608e-28 3.37924e-28 5.30479e-28 -1.77117e-14 
71.1189 3.30291e-28 2.07861e-28 3.24598e-28 1.38187e-14 
