0 0.193416 1.76211e-11 -0.00356444 0.461296 
0.863366 0.190202 0.000110597 -0.00344597 0.457448 
2.5 0.167561 0.000889304 -0.00261155 0.429359 
4.13663 0.128241 0.00224232 -0.0011621 0.375619 
5 0.103821 0.00308138 -0.000262563 0.337968 
5 0.103821 0.00308069 -0.000262929 0.337968 
5.86337 0.0789275 0.00393919 0.000655731 0.294678 
7.5 0.0362772 0.00540491 0.00222694 0.199779 
9.13663 0.0078521 0.00638447 0.00327555 0.0929451 
10 0.00104624 0.00661532 0.00352464 0.0339273 
10 0.00199283 0.00125073 0.00195427 0.0339273 
10.1812 0.00158063 0.000992027 0.00155004 0.0302154 
10.6085 0.000915124 0.000574346 0.000897416 0.0229908 
11.2832 0.000386087 0.000242314 0.000378616 0.0149333 
12.2097 0.000118051 7.40904e-05 0.000115766 0.00825748 
13.394 2.59555e-05 1.62901e-05 2.54533e-05 0.00387194 
14.8443 4.061e-06 2.54875e-06 3.98242e-06 0.00153155 
16.5712 4.46089e-07 2.79972e-07 4.37457e-07 0.000507603 
18.5881 3.38183e-08 2.12249e-08 3.31639e-08 0.000139762 
20.9118 1.73151e-09 1.08672e-09 1.69801e-09 3.16247e-05 
23.5637 5.82576e-11 3.65634e-11 5.71303e-11 5.80082e-06 
26.5713 1.24386e-12 7.80665e-13 1.21979e-12 8.47615e-07 
29.9698 1.6109e-14 1.01103e-14 1.57973e-14 9.64602e-08 
33.8057 1.19216e-16 7.48228e-17 1.1691e-16 8.29812e-09 
38.1428 4.64889e-19 2.91699e-19 4.55837e-19 5.18189e-10 
43.071 8.4867e-22 5.35415e-22 8.34417e-22 2.21403e-11 
48.7262 6.68112e-25 3.53531e-25 6.03788e-25 6.21209e-13 
55.3325 3.07236e-28 1.02827e-27 9.53978e-28 -1.33214e-14 
63.3173 6.01219e-28 3.73297e-28 5.86431e-28 1.8635e-14 
73.7768 3.66204e-28 2.29961e-28 3.59216e-28 -1.45437e-14 
