0 0.19322 1.87388e-11 -0.00387191 0.460827 
0.863366 0.190023 0.000119626 -0.00374377 0.456999 
2.5 0.167496 0.000962083 -0.00284104 0.429057 
4.13663 0.128353 0.00242669 -0.00127204 0.37559 
5 0.104024 0.00333565 -0.00029757 0.338126 
5 0.104024 0.00333491 -0.000297963 0.338126 
5.86337 0.0792041 0.00426563 0.000697993 0.295043 
7.5 0.0366033 0.00585758 0.0024045 0.200573 
9.13663 0.00806878 0.00692679 0.00354909 0.0941708 
10 0.0011379 0.00718252 0.00382498 0.0353642 
10 0.00216743 0.00135797 0.00212182 0.0353642 
10.1891 0.00172003 0.00107766 0.00168384 0.0315036 
10.6349 0.000997091 0.000624711 0.000976112 0.0239861 
11.339 0.000421508 0.000264089 0.000412639 0.0155953 
12.3058 0.000129234 8.09697e-05 0.000126515 0.00863537 
13.5416 2.85141e-05 1.7865e-05 2.79141e-05 0.00405622 
15.055 4.48048e-06 2.80717e-06 4.38621e-06 0.00160788 
16.857 4.94685e-07 3.09937e-07 4.84276e-07 0.000534264 
18.9615 3.77266e-08 2.3637e-08 3.69328e-08 0.000147542 
21.3863 1.94493e-09 1.21856e-09 1.90401e-09 3.34999e-05 
24.1536 6.5953e-11 4.13218e-11 6.45653e-11 6.16892e-06 
27.292 1.42074e-12 8.90139e-13 1.39084e-12 9.05416e-07 
30.8382 1.85855e-14 1.16444e-14 1.81944e-14 1.03557e-07 
34.841 1.39111e-16 8.7159e-17 1.36185e-16 8.95926e-09 
39.3666 5.49467e-19 3.44177e-19 5.37841e-19 5.6307e-10 
44.5092 1.0179e-21 6.40937e-22 9.98971e-22 2.4235e-11 
50.4104 8.11607e-25 4.32202e-25 7.34923e-25 6.84329e-13 
57.3039 3.14517e-28 1.17604e-27 1.07273e-27 -1.34714e-14 
65.636 6.67172e-28 4.13225e-28 6.49399e-28 1.96205e-14 
76.5503 4.06717e-28 2.54961e-28 3.98268e-28 -1.53193e-14 
