0 0.193019 1.99073e-11 -0.00420598 0.460334 
0.863366 0.189839 0.000129368 -0.00406739 0.456527 
2.5 0.167432 0.00104063 -0.00309094 0.428738 
4.13663 0.128472 0.00262579 -0.00139278 0.375558 
5 0.104238 0.00361035 -0.000337277 0.338287 
5 0.104238 0.00360956 -0.000337699 0.338287 
5.86337 0.0794946 0.00461848 0.00074196 0.295421 
7.5 0.0369459 0.00634749 0.00259537 0.201399 
9.13663 0.00829828 0.00751473 0.00384493 0.095448 
10 0.00123775 0.00779813 0.0041506 0.0368629 
10 0.00235762 0.00147435 0.00230368 0.0368629 
10.1973 0.00187205 0.0011707 0.00182922 0.0328482 
10.6626 0.0010867 0.000679576 0.00106184 0.0250269 
11.3973 0.000460383 0.000287904 0.00044985 0.0162897 
12.4061 0.000141573 8.85338e-05 0.000138334 0.00903323 
13.6956 3.13553e-05 1.96082e-05 3.06378e-05 0.00425116 
15.2748 4.94986e-06 3.09543e-06 4.83661e-06 0.00168908 
17.1552 5.4954e-07 3.43659e-07 5.36967e-07 0.000562798 
19.3512 4.21817e-08 2.63786e-08 4.12166e-08 0.000155925 
21.8815 2.19085e-09 1.37007e-09 2.14073e-09 3.55353e-05 
24.7691 7.49262e-11 4.68556e-11 7.32119e-11 6.57158e-06 
28.044 1.62966e-12 1.01912e-12 1.59237e-12 9.69172e-07 
31.7444 2.15519e-14 1.34776e-14 2.10588e-14 1.11454e-07 
35.9213 1.63308e-16 1.02128e-16 1.59573e-16 9.70191e-09 
40.6437 6.54066e-19 4.0893e-19 6.39027e-19 6.13993e-10 
46.0099 1.23109e-21 7.73553e-22 1.2058e-21 2.66377e-11 
52.1677 9.95434e-25 5.33524e-25 9.03145e-25 7.57459e-13 
59.361 3.17361e-28 1.35306e-27 1.21213e-27 -1.35248e-14 
68.0555 7.41755e-28 4.58161e-28 7.2033e-28 2.06768e-14 
79.4444 4.52539e-28 2.83174e-28 4.42322e-28 -1.61503e-14 
