0 0.192813 2.11265e-11 -0.00456896 0.459816 
0.863366 0.189652 0.000139877 -0.00441912 0.456031 
2.5 0.167368 0.00112538 -0.00336311 0.428402 
4.13663 0.128598 0.00284075 -0.00152547 0.37552 
5 0.104463 0.00390706 -0.000382324 0.338452 
5 0.104463 0.00390621 -0.000382777 0.338452 
5.86337 0.0797997 0.00499981 0.000787512 0.295812 
7.5 0.0373058 0.00687764 0.00280044 0.202257 
9.13663 0.0085415 0.00815211 0.0041648 0.0967793 
10 0.00134656 0.00846629 0.0045036 0.0384262 
10 0.00256487 0.00160067 0.00250105 0.0384262 
10.2059 0.00203789 0.0012718 0.00198719 0.034252 
10.6914 0.00118473 0.000739361 0.00115525 0.0261159 
11.458 0.00050309 0.000313967 0.000490573 0.0170184 
12.5107 0.000155204 9.68594e-05 0.000151343 0.00945251 
13.8563 3.45159e-05 2.15405e-05 3.36571e-05 0.00445764 
15.5042 5.47632e-06 3.41764e-06 5.34006e-06 0.00177558 
17.4663 6.11645e-07 3.81713e-07 5.96426e-07 0.000593396 
19.7579 4.72786e-08 2.95055e-08 4.61023e-08 0.000164979 
22.3982 2.47547e-09 1.54488e-09 2.41388e-09 3.77506e-05 
25.4114 8.5443e-11 5.33229e-11 8.33171e-11 7.01348e-06 
28.8286 1.87791e-12 1.17196e-12 1.83118e-12 1.03976e-06 
32.69 2.51297e-14 1.56828e-14 2.45044e-14 1.20279e-07 
37.0485 1.92972e-16 1.20431e-16 1.88172e-16 1.054e-08 
41.9763 7.84593e-19 4.89537e-19 7.64987e-19 6.72074e-10 
47.5759 1.50242e-21 9.41906e-22 1.46839e-21 2.94098e-11 
54.0015 1.23372e-24 6.65514e-25 1.12144e-24 8.42758e-13 
61.5076 3.14151e-28 1.568e-27 1.37817e-27 -1.34482e-14 
70.5802 8.26352e-28 5.09126e-28 8.00651e-28 2.18111e-14 
82.4644 5.04483e-28 3.15241e-28 4.92247e-28 -1.70419e-14 
