0 0.192602 2.23955e-11 -0.00496342 -0.45927 
0.863366 0.18946 0.000151208 -0.00480143 -0.455509 
2.5 0.167303 0.0012168 -0.00365961 -0.428046 
4.13663 0.128732 0.00307277 -0.00167135 -0.375476 
5 0.1047 0.00422747 -0.000433443 -0.33862 
5 0.1047 0.00422657 -0.000433929 -0.33862 
5.86337 0.08012 0.00541184 0.000834479 -0.296216 
7.5 0.037684 0.00745126 0.00302062 -0.20315 
9.13663 0.00879943 0.00884303 0.00451057 -0.098167 
10 0.00146516 0.00919147 0.00488625 -0.0400572 
10 0.00279078 0.00173777 0.00271527 -0.0400572 
10.2148 0.00221891 0.00138167 0.00215887 -0.035718 
10.7214 0.00129204 0.000804528 0.00125708 -0.0272556 
11.5214 0.000550052 0.000342508 0.000535168 -0.0177836 
12.6199 0.000170285 0.000106033 0.000165677 -0.00989478 
14.0241 3.80387e-05 2.3686e-05 3.70094e-05 -0.00467661 
15.7436 6.06827e-06 3.77861e-06 5.90407e-06 -0.00186789 
17.791 6.82177e-07 4.2478e-07 6.63718e-07 -0.000626277 
20.1823 5.31323e-08 3.30845e-08 5.16946e-08 -0.000174782 
22.9373 2.80639e-09 1.74749e-09 2.73045e-09 -4.01691e-05 
26.0816 9.78362e-11 6.09209e-11 9.51889e-11 -7.50011e-06 
29.6475 2.17476e-12 1.35418e-12 2.11591e-12 -1.11821e-06 
33.6768 2.94766e-14 1.83545e-14 2.86789e-14 -1.30184e-07 
38.2248 2.29642e-16 1.42996e-16 2.2343e-16 -1.14906e-08 
43.3669 9.49043e-19 5.90827e-19 9.23265e-19 -7.38688e-10 
49.21 1.85156e-21 1.15793e-21 1.80536e-21 -3.26278e-11 
55.915 1.54637e-24 8.39683e-25 1.40826e-24 -9.42919e-13 
63.7476 3.02914e-28 1.82789e-27 1.5754e-27 1.31971e-14 
73.2147 9.22313e-28 5.65586e-28 8.90542e-28 -2.3028e-14 
85.6158 5.63617e-28 3.51023e-28 5.48419e-28 1.80015e-14 
