0 0.192384 2.37128e-11 -0.00539212 0.458697 
0.863366 0.189262 0.000163424 -0.00521705 0.454959 
2.5 0.167239 0.00131539 -0.00398268 0.427671 
4.13663 0.128874 0.00332314 -0.00183181 0.375425 
5 0.104949 0.0045734 -0.000491469 0.33879 
5 0.104949 0.00457243 -0.00049199 0.33879 
5.86337 0.0804562 0.00585694 0.000882633 0.296634 
7.5 0.0380814 0.00807184 0.00325686 0.204078 
9.13663 0.00907316 0.00959197 0.00488425 0.0996139 
10 0.0015945 0.00997855 0.00530096 0.0417593 
10 0.00303715 0.00188657 0.00294777 0.0417593 
10.2242 0.00241657 0.00150109 0.00234545 0.0372495 
10.7528 0.00140959 0.000875586 0.0013681 0.0284489 
11.5876 0.000601749 0.000373786 0.00058404 0.0185878 
12.7338 0.000186994 0.000116154 0.000181491 0.0103618 
14.1991 4.19734e-05 2.60724e-05 4.07381e-05 0.00490916 
15.9934 6.73567e-06 4.18396e-06 6.53744e-06 0.00196658 
18.1299 7.62552e-07 4.73671e-07 7.40111e-07 0.000661691 
20.6251 5.98826e-08 3.7197e-08 5.81203e-08 0.000185426 
23.4999 3.19304e-09 1.9834e-09 3.09907e-09 4.28176e-05 
26.781 1.12525e-10 6.98968e-11 1.09214e-10 8.03795e-06 
30.5019 2.53213e-12 1.57287e-12 2.45761e-12 1.20577e-06 
34.7064 3.47991e-14 2.16159e-14 3.37749e-14 1.41353e-07 
39.4523 2.75381e-16 1.71059e-16 2.67278e-16 1.25744e-08 
44.818 1.15836e-18 7.19386e-19 1.12415e-18 8.15533e-10 
50.9151 2.30607e-21 1.43831e-21 2.24278e-21 3.63879e-11 
57.9118 1.96218e-24 1.07238e-24 1.79001e-24 1.06143e-12 
66.085 2.81308e-28 2.15146e-27 1.81734e-27 -1.2709e-14 
75.9638 1.03184e-27 6.30228e-28 9.93103e-28 2.43404e-14 
88.9041 6.31119e-28 3.92117e-28 6.12614e-28 -1.9036e-14 
