0 0.19216 2.50765e-11 -0.00585809 -0.458093 
0.863366 0.189058 0.000176589 -0.00566892 -0.45438 
2.5 0.167174 0.00142168 -0.00433477 -0.427274 
4.13663 0.129024 0.00359323 -0.00200841 -0.375368 
5 0.105211 0.00494678 -0.000557353 -0.338963 
5 0.105211 0.00494574 -0.000557912 -0.338963 
5.86337 0.080809 0.00633765 0.000931674 -0.297065 
7.5 0.0384993 0.0087431 0.00351014 -0.205044 
9.13663 0.00936384 0.0104037 0.00528796 -0.101123 
10 0.00173561 0.0108328 0.00575036 -0.0435359 
10 0.00330593 0.00204807 0.0032001 -0.0435359 
10.2339 0.00263253 0.00163089 0.00254827 -0.0388498 
10.7856 0.00153846 0.000953096 0.00148921 -0.0296992 
11.6567 0.000658724 0.000408088 0.000637638 -0.0194336 
12.8527 0.000205538 0.000127334 0.000198959 -0.0108554 
14.3817 4.63777e-05 2.87316e-05 4.48932e-05 -0.00515651 
16.254 7.49026e-06 4.64032e-06 7.2505e-06 -0.00207229 
18.4834 8.54471e-07 5.29357e-07 8.2712e-07 -0.000699923 
21.0871 6.77012e-08 4.19418e-08 6.55341e-08 -0.000197015 
24.087 3.64716e-09 2.25947e-09 3.53042e-09 -4.57276e-05 
27.5107 1.30043e-10 8.05634e-11 1.2588e-10 -8.63465e-06 
31.3935 2.96544e-12 1.83713e-12 2.87052e-12 -1.30391e-06 
35.7808 4.13702e-14 2.56294e-14 4.0046e-14 -1.54009e-07 
40.7331 3.32974e-16 2.06284e-16 3.22317e-16 -1.38168e-08 
46.3321 1.42769e-18 8.84302e-19 1.38186e-18 -9.04728e-10 
52.6944 2.90515e-21 1.80671e-21 2.81757e-21 -4.08118e-11 
59.9954 2.5231e-24 1.38766e-24 2.30528e-24 -1.20273e-12 
68.524 2.47404e-28 2.55844e-27 2.11852e-27 1.19098e-14 
78.8324 1.15721e-27 7.03911e-28 1.11002e-27 -2.57577e-14 
92.3355 7.08399e-28 4.39124e-28 6.85927e-28 2.0153e-14 
