0 0.191927 2.42155e-08 -0.0063646 -0.616474 
1.72673 0.179799 0.000754615 -0.00555816 -0.596678 
5 0.105489 0.00533978 -0.000637599 -0.457037 
8.27327 0.0229956 0.0104771 0.00485013 -0.213388 
10 0.00188962 0.0117123 0.0062118 -0.0611694 
10 0.00359929 0.00222333 0.00347396 -0.0611694 
10.2441 0.00286862 0.00177199 0.00276874 -0.0546088 
10.8197 0.00167986 0.00103767 0.00162137 -0.041789 
11.7287 0.000721591 0.000445738 0.000696466 -0.0273887 
12.9768 0.000226154 0.000139699 0.000218279 -0.015333 
14.5722 5.13194e-05 3.17008e-05 4.95324e-05 -0.0073041 
16.526 8.34605e-06 5.15548e-06 8.05544e-06 -0.00294555 
18.8523 9.59992e-07 5.93002e-07 9.26565e-07 -0.000998987 
21.5693 7.67989e-08 4.74399e-08 7.41248e-08 -0.000282555 
24.6996 4.1835e-09 2.58421e-09 4.03783e-09 -6.59471e-05 
28.2722 1.5107e-10 9.33185e-11 1.4581e-10 -1.25319e-05 
32.3238 3.49485e-12 2.15882e-12 3.37316e-12 -1.90608e-06 
36.902 4.95546e-14 3.06106e-14 4.78291e-14 -2.2697e-07 
42.0696 4.06231e-16 2.50938e-16 3.92088e-16 -2.055e-08 
47.9121 1.77828e-18 1.09827e-18 1.71621e-18 -1.35965e-09 
54.5511 3.70534e-21 2.29707e-21 3.58275e-21 -6.2064e-11 
62.1696 3.29137e-24 1.82143e-24 3.01138e-24 -1.84976e-12 
71.0691 1.99613e-28 3.07312e-27 2.49721e-27 1.44052e-14 
81.8258 1.30117e-27 7.86364e-28 1.24228e-27 -3.67785e-14 
95.9161 7.97224e-28 4.92184e-28 7.69252e-28 2.87883e-14 
