0 0.196439 8.43529e-14 -0.000737545 0.388407 
0.575577 0.194904 1.07585e-05 -0.000726019 0.386887 
1.66667 0.183815 8.84703e-05 -0.000642754 0.37572 
2.75776 0.163178 0.000233117 -0.000487781 0.354001 
3.33333 0.149189 0.000331133 -0.000382751 0.338488 
3.33333 0.149189 0.000331114 -0.000382761 0.338488 
3.90891 0.133608 0.000440373 -0.000265727 0.320324 
5 0.101462 0.000665631 -2.4358e-05 0.279142 
6.09109 0.068954 0.000893512 0.000219774 0.23012 
6.66667 0.0529006 0.00100592 0.000340268 0.20156 
6.66667 0.0529006 0.0010059 0.000340257 0.20156 
7.24224 0.0382637 0.00110862 0.000450239 0.171422 
8.33333 0.0159887 0.00126466 0.000617463 0.11081 
9.42442 0.00288695 0.00135656 0.000715892 0.0470862 
10 0.000214062 0.00137514 0.000735879 0.0128216 
10 0.000407736 0.000259922 0.000406129 0.0128216 
10.0807 0.000321796 0.000205137 0.000320527 0.0113905 
10.271 0.000184137 0.000117383 0.000183411 0.00861638 
10.5715 7.62624e-05 4.86156e-05 7.59618e-05 0.0055451 
10.9842 2.27332e-05 1.44919e-05 2.26436e-05 0.0030275 
11.5117 4.83858e-06 3.08448e-06 4.8195e-06 0.00139673 
12.1576 7.27526e-07 4.63781e-07 7.24658e-07 0.000541599 
12.9267 7.62203e-08 4.85887e-08 7.59198e-08 0.000175303 
13.825 5.46741e-09 3.48535e-09 5.44586e-09 4.6951e-05 
14.86 2.62653e-10 1.67435e-10 2.61617e-10 1.02907e-05 
16.0411 8.21722e-12 5.23829e-12 8.18483e-12 1.82019e-06 
17.3807 1.61557e-13 1.02989e-13 1.6092e-13 2.55221e-07 
18.8943 1.90612e-15 1.21511e-15 1.89861e-15 2.77223e-08 
20.6028 1.26978e-17 8.09473e-18 1.26479e-17 2.26265e-09 
22.5345 4.39658e-20 2.80177e-20 4.3785e-20 1.33141e-10 
24.7294 7.00289e-23 4.49806e-23 7.00175e-23 5.31364e-12 
27.2482 4.947e-26 2.41489e-26 4.35038e-26 1.41229e-13 
30.1906 8.49545e-29 1.39237e-28 1.51088e-28 -5.85257e-15 
33.747 1.01781e-28 6.44041e-29 1.01006e-28 6.406e-15 
38.4055 6.15404e-29 3.91848e-29 6.1262e-29 -4.9812e-15 
