0 0.191686 2.5556e-08 -0.00691531 0.615626 
1.72673 0.179644 0.000815058 -0.00604425 0.595975 
5 0.105777 0.0057737 -0.000722994 0.457317 
8.27327 0.0234228 0.0113525 0.00523671 0.2152 
10 0.00205781 0.0127151 0.00673741 0.0637859 
10 0.00391964 0.00241354 0.00377116 0.0637859 
10.2547 0.00312687 0.00192539 0.00300843 0.0569714 
10.8554 0.00183514 0.00113 0.00176563 0.0436452 
11.8039 0.000791055 0.000487097 0.000761089 0.0286553 
13.1062 0.000249117 0.000153395 0.00023968 0.0160806 
14.771 5.68778e-05 3.50229e-05 5.47233e-05 0.00768375 
16.8098 9.31975e-06 5.7387e-06 8.96671e-06 0.00311031 
19.2373 1.08162e-06 6.66014e-07 1.04065e-06 0.00105959 
22.0724 8.74374e-08 5.38401e-08 8.41252e-08 0.000301266 
25.3389 4.82067e-09 2.96836e-09 4.63806e-09 7.07384e-05 
29.0668 1.76486e-10 1.08673e-10 1.69801e-10 1.3535e-05 
33.2946 4.14689e-12 2.55348e-12 3.98981e-12 2.07474e-06 
38.0719 5.98441e-14 3.68494e-14 5.75772e-14 2.49237e-07 
43.4642 5.00422e-16 3.08142e-16 4.81469e-16 2.27913e-08 
49.5609 2.24035e-18 1.37927e-18 2.1553e-18 1.52496e-09 
56.4886 4.7894e-21 2.95897e-21 4.61569e-21 7.05087e-11 
64.4383 4.36097e-24 2.42747e-24 3.99435e-24 2.12762e-12 
73.7248 1.38691e-28 3.74482e-27 2.99236e-27 -1.19985e-14 
84.9493 1.46719e-27 8.81963e-28 1.39484e-27 3.90252e-14 
99.6524 8.9971e-28 5.53968e-28 8.65602e-28 -3.056e-14 
