0 0.191433 2.69314e-08 -0.0075141 -0.614724 
1.72673 0.179481 0.000880121 -0.00657348 -0.595225 
5 0.106078 0.00624162 -0.000820027 -0.457598 
8.27327 0.0238738 0.0122999 0.00565213 -0.217086 
10 0.00224156 0.0138033 0.00730664 -0.0665192 
10 0.00426964 0.00261995 0.00409367 -0.0665192 
10.2658 0.00340955 0.00209218 0.00326902 -0.0594429 
10.8926 0.00200584 0.00123083 0.00192317 -0.0455932 
11.8823 0.000867912 0.000532571 0.000832142 -0.0299909 
13.2413 0.000274744 0.000168589 0.00026342 -0.0168739 
14.9785 6.31468e-05 3.87483e-05 6.05442e-05 -0.0080896 
17.1059 1.04314e-05 6.40095e-06 1.00015e-05 -0.00328793 
19.639 1.22241e-06 7.50099e-07 1.17203e-06 -0.00112554 
22.5974 9.99425e-08 6.1327e-08 9.58234e-08 -0.00032183 
26.0059 5.58235e-09 3.42546e-09 5.35228e-09 -7.60607e-05 
29.896 2.07433e-10 1.27285e-10 1.98883e-10 -1.46619e-05 
34.3077 4.95691e-12 3.04168e-12 4.75262e-12 -2.26651e-06 
39.2927 7.29094e-14 4.47388e-14 6.99044e-14 -2.7488e-07 
44.9195 6.22927e-16 3.82247e-16 5.97257e-16 -2.5408e-08 
51.2813 2.85741e-18 1.75309e-18 2.73942e-18 -1.72083e-09 
58.5103 6.28049e-21 3.86576e-21 6.03095e-21 -8.06767e-11 
66.8057 5.87637e-24 3.28908e-24 5.38668e-24 -2.46778e-12 
76.4961 7.06261e-29 4.6286e-27 3.64995e-27 8.55528e-15 
88.2087 1.65939e-27 9.90131e-28 1.56904e-27 -4.14692e-14 
103.551 1.01835e-27 6.24523e-28 9.76097e-28 3.24862e-14 
