0 0.191168 2.83364e-08 -0.00816524 0.613766 
1.72673 0.17931 0.000950122 -0.00714976 0.594425 
5 0.106392 0.00674599 -0.000930326 0.457877 
8.27327 0.0243502 0.0133247 0.00609817 0.219051 
10 0.00244243 0.0149842 0.00792291 0.0693754 
10 0.00465224 0.0028439 0.0044436 0.0693754 
10.2773 0.00371916 0.00227352 0.00355237 0.0620294 
10.9314 0.00219367 0.00134099 0.00209529 0.0476388 
11.9642 0.000953078 0.000582614 0.000910334 0.0314007 
13.3823 0.000303404 0.00018547 0.000289797 0.0177168 
15.195 7.02369e-05 4.29357e-05 6.7087e-05 0.00852427 
17.415 1.17052e-05 7.15536e-06 1.11803e-05 0.00347988 
20.0582 1.38613e-06 8.47337e-07 1.32396e-06 0.0011975 
23.1452 1.14723e-07 7.01299e-08 1.09578e-07 0.000344509 
26.702 6.49892e-09 3.97277e-09 6.20745e-09 8.19964e-05 
30.7613 2.45408e-10 1.50017e-10 2.34402e-10 1.59338e-05 
35.3648 5.97238e-12 3.6509e-12 5.70453e-12 2.4857e-06 
40.5666 8.96756e-14 5.48184e-14 8.56538e-14 3.04587e-07 
46.4381 7.84217e-16 4.79395e-16 7.4905e-16 2.84835e-08 
53.0765 3.69314e-18 2.25727e-18 3.52725e-18 1.95467e-09 
60.6199 8.3649e-21 5.12795e-21 8.00108e-21 9.30261e-11 
69.2761 8.06396e-24 4.53626e-24 7.39511e-24 2.88834e-12 
79.3879 1.32442e-29 5.82267e-27 4.55529e-27 -3.70158e-15 
91.6098 1.88314e-27 1.11458e-27 1.77011e-27 4.41383e-14 
107.62 1.15628e-27 7.06416e-28 1.1041e-27 -3.45865e-14 
