0 0.190887 2.97649e-08 -0.00887333 0.612744 
1.72673 0.179127 0.00102539 -0.00777738 0.59357 
5 0.106718 0.00728938 -0.00105576 0.458153 
8.27327 0.0248535 0.014433 0.00657663 0.221098 
10 0.00266213 0.0162654 0.00858985 0.0723612 
10 0.00507073 0.00308687 0.00482323 0.0723612 
10.2894 0.00405854 0.00247069 0.00386045 0.0647374 
10.9719 0.00240057 0.00146138 0.0022834 0.0497883 
12.0496 0.0010476 0.000637739 0.000996467 0.0328903 
13.5294 0.000335529 0.000204257 0.000319152 0.0186138 
15.421 7.82799e-05 4.76539e-05 7.44592e-05 0.00899075 
17.7374 1.31704e-05 8.01764e-06 1.25276e-05 0.00368782 
20.4956 1.57742e-06 9.60274e-07 1.50043e-06 0.00127627 
23.7169 1.32295e-07 8.05365e-08 1.25838e-07 0.000369609 
27.4283 7.60957e-09 4.63242e-09 7.23816e-09 8.86443e-05 
31.6641 2.92395e-10 1.77999e-10 2.78123e-10 1.73762e-05 
36.4678 7.25778e-12 4.41826e-12 6.90353e-12 2.73761e-06 
41.8958 1.11435e-13 6.78371e-14 1.05996e-13 3.39219e-07 
48.0227 9.99354e-16 6.08375e-16 9.50581e-16 3.2124e-08 
54.9498 4.8422e-18 2.94734e-18 4.60554e-18 2.2361e-09 
62.8212 1.13296e-20 6.91488e-21 1.07906e-20 1.08163e-10 
71.8539 1.1286e-23 6.37693e-24 1.03495e-23 3.41382e-12 
82.4054 9.27688e-30 7.47657e-27 5.84548e-27 3.09508e-15 
95.1588 2.14458e-27 1.25859e-27 2.00323e-27 4.70589e-14 
111.865 1.31731e-27 8.02009e-28 1.25308e-27 -3.6882e-14 
