0 0.190588 3.12091e-08 -0.00964341 -0.611656 
1.72673 0.178931 0.00110627 -0.00846096 -0.592656 
5 0.107058 0.00787447 -0.00119846 -0.458425 
8.27327 0.0253855 0.0156311 0.00708932 -0.22323 
10 0.00290258 0.0176552 0.00931126 -0.0754834 
10 0.00552872 0.00335039 0.00523499 -0.0754834 
10.302 0.00443081 0.00268506 0.00419541 -0.0675741 
11.0141 0.00262873 0.001593 0.00248907 -0.0520489 
12.1387 0.00115268 0.00069852 0.00109144 -0.0344661 
13.6828 0.00037162 0.000225201 0.000351877 -0.0195699 
15.6567 8.74326e-05 5.2984e-05 8.27874e-05 -0.00949239 
18.0739 1.48626e-05 9.00671e-06 1.4073e-05 -0.00391369 
20.952 1.80206e-06 1.09205e-06 1.70632e-06 -0.00136277 
24.3134 1.53316e-07 9.29093e-08 1.45171e-07 -0.000397496 
28.1863 8.96542e-09 5.43303e-09 8.4891e-09 -9.61223e-05 
32.6062 3.51042e-10 2.12731e-10 3.32392e-10 -1.90204e-05 
37.6189 8.90164e-12 5.39438e-12 8.42871e-12 -3.02882e-06 
43.2829 1.40013e-13 8.48475e-14 1.32574e-13 -3.7986e-07 
49.6762 1.29033e-15 7.81942e-16 1.22178e-15 -3.6466e-08 
56.9046 6.44758e-18 3.90673e-18 6.10465e-18 -2.57773e-09 
65.1183 1.56252e-20 9.49099e-21 1.48124e-20 -1.26897e-10 
74.5437 1.61346e-23 9.15137e-24 1.47882e-23 -4.07773e-12 
85.5541 1.53674e-28 9.81218e-27 7.73852e-27 -1.25846e-14 
98.8622 2.45179e-27 1.42209e-27 2.27178e-27 -5.02667e-14 
116.295 1.50576e-27 9.12314e-28 1.42563e-27 3.93928e-14 
