0 0.190267 3.26597e-08 -0.0104809 -0.610494 
1.72673 0.178718 0.00119311 -0.00920556 -0.591677 
5 0.107408 0.00850405 -0.00136087 -0.45869 
8.27327 0.0259479 0.0169257 0.00763797 -0.225451 
10 0.00316588 0.0191623 0.0100911 -0.0787495 
10 0.00603026 0.00363614 0.00568147 -0.0787495 
10.3151 0.00483948 0.00291812 0.00455957 -0.0705471 
11.0582 0.00288062 0.00173697 0.00271401 -0.0544281 
12.2317 0.00126969 0.000765603 0.00119625 -0.0361351 
13.843 0.00041227 0.000248591 0.000388424 -0.0205907 
15.9027 9.78826e-05 5.90215e-05 9.22211e-05 -0.010033 
18.425 1.68254e-05 1.01454e-05 1.58522e-05 -0.0041597 
21.4283 2.06728e-06 1.24654e-06 1.94771e-06 -0.00145807 
24.9359 1.78626e-07 1.07709e-07 1.68295e-07 -0.0004286 
28.9771 1.06336e-08 6.41185e-09 1.00185e-08 -0.000104573 
33.5893 4.24926e-10 2.56223e-10 4.00348e-10 -2.09043e-05 
38.8199 1.1027e-11 6.64907e-12 1.03892e-11 -3.3675e-06 
44.7303 1.78029e-13 1.07348e-13 1.67732e-13 -4.27883e-07 
51.4017 1.68973e-15 1.01888e-15 1.592e-15 -4.16858e-08 
58.9444 8.72926e-18 5.26299e-18 8.2239e-18 -2.99619e-09 
67.5153 2.19736e-20 1.32774e-20 2.07243e-20 -1.50325e-10 
77.3506 2.36011e-23 1.34266e-23 2.16075e-23 -4.92658e-12 
88.8398 6.50087e-28 1.32252e-26 1.06385e-26 -2.58563e-14 
102.727 2.81474e-27 1.61133e-27 2.58482e-27 -5.38021e-14 
120.917 1.72762e-27 1.04196e-27 1.62788e-27 4.21506e-14 
