0 0.189918 3.41058e-08 -0.0113916 0.609253 
1.72673 0.178484 0.00128626 -0.0100166 0.590627 
5 0.107769 0.00918093 -0.0015458 0.458946 
8.27327 0.0265427 0.0183237 0.00822422 0.227765 
10 0.0034544 0.020796 0.0109335 0.0821676 
10 0.0065798 0.00394586 0.0061654 0.0821676 
10.3288 0.00528846 0.00317145 0.00495539 0.0736645 
11.1043 0.00315906 0.00189446 0.0029601 0.0569341 
12.3288 0.00140024 0.000839715 0.00131206 0.0379049 
14.0101 0.00045817 0.000274761 0.000429314 0.0216824 
16.1594 0.000109855 6.58795e-05 0.000102937 0.0106171 
18.7914 1.91122e-05 1.14615e-05 1.79085e-05 0.00442843 
21.9253 2.38217e-06 1.42857e-06 2.23214e-06 0.00156344 
25.5854 2.09311e-07 1.25522e-07 1.96128e-07 0.000463436 
29.8024 1.2703e-08 7.61786e-09 1.19029e-08 0.000114168 
34.6152 5.18922e-10 3.11194e-10 4.8624e-10 2.30752e-05 
40.0733 1.38067e-11 8.27979e-12 1.29372e-11 3.76391e-06 
46.2407 2.29287e-13 1.37502e-13 2.14847e-13 4.85047e-07 
53.2021 2.24667e-15 1.34732e-15 2.10518e-15 4.80135e-08 
61.0729 1.2032e-17 7.21475e-18 1.12736e-17 3.51368e-09 
70.0165 3.15563e-20 1.89592e-20 2.95963e-20 1.79944e-10 
80.2795 3.5386e-23 2.01741e-23 3.23397e-23 6.02573e-12 
92.2684 1.9287e-27 1.8352e-26 1.52411e-26 4.44863e-14 
106.759 3.24641e-27 1.8262e-27 2.94769e-27 5.77159e-14 
125.741 1.98948e-27 1.19266e-27 1.86385e-27 -4.51818e-14 
