0 0.189538 3.55343e-08 -0.0123817 -0.607925 
1.72673 0.178223 0.00138607 -0.0109001 -0.589501 
5 0.108139 0.00990797 -0.00175645 -0.459191 
8.27327 0.0271718 0.0198325 0.00884953 -0.230177 
10 0.00377072 0.022566 0.0118426 -0.0857461 
10 0.00718232 0.00428138 0.00668966 -0.0857461 
10.3431 0.00578212 0.00344672 0.00538551 -0.0769353 
11.1523 0.00346721 0.00206681 0.00322939 -0.0595762 
12.4301 0.00154617 0.000921671 0.00144011 -0.0397842 
14.1845 0.000510141 0.000304095 0.000475149 -0.0228522 
16.4272 0.000123623 7.36919e-05 0.000115144 -0.0112495 
19.1737 2.17892e-05 1.29886e-05 2.02947e-05 -0.00472284 
22.4439 2.75825e-06 1.6442e-06 2.56906e-06 -0.00168035 
26.2632 2.46781e-07 1.47106e-07 2.29854e-07 -0.000502618 
30.6636 1.52926e-08 9.11592e-09 1.42436e-08 -0.000125119 
35.6857 6.39755e-10 3.81358e-10 5.95872e-10 -2.55911e-05 
41.3811 1.74873e-11 1.04242e-11 1.62878e-11 -4.231e-06 
47.8167 2.99403e-13 1.78474e-13 2.78866e-13 -5.53618e-07 
55.0809 3.03644e-15 1.81004e-15 2.82817e-15 -5.57525e-08 
63.2939 1.69068e-17 1.00772e-17 1.57464e-17 -4.16019e-09 
72.6265 4.63519e-20 2.76755e-20 4.32078e-20 -2.17829e-10 
83.3358 5.44847e-23 3.10969e-23 4.96682e-23 -7.46826e-12 
95.8461 4.89847e-27 2.63574e-26 2.28729e-26 -7.08129e-14 
110.967 3.76396e-27 2.07493e-27 3.37393e-27 -6.20733e-14 
130.774 2.30005e-27 1.37147e-27 2.1426e-27 4.85233e-14 
