0 0.189117 3.69298e-08 -0.013458 0.606503 
1.72673 0.177929 0.00149287 -0.0118621 0.588289 
5 0.108515 0.010688 -0.00199647 0.459422 
8.27327 0.0278371 0.0214592 0.00951505 0.232691 
10 0.00411772 0.0244825 0.0128226 0.0894944 
10 0.00784328 0.00464462 0.00725722 0.0894944 
10.358 0.00632532 0.00374572 0.00585269 0.080369 
11.2024 0.00380869 0.00225542 0.0035241 0.0623641 
12.5357 0.00170959 0.00101238 0.00158185 0.0417823 
14.3665 0.000569148 0.000337038 0.000526621 0.0241079 
16.7068 0.000139515 8.2618e-05 0.000129091 0.011936 
19.5727 2.49384e-05 1.4768e-05 2.3075e-05 0.0050464 
22.9851 3.21019e-06 1.90101e-06 2.97032e-06 0.00181056 
26.9704 2.92887e-07 1.73441e-07 2.71002e-07 0.000546886 
31.5622 1.85631e-08 1.09927e-08 1.71761e-08 0.000137681 
36.8027 7.96799e-10 4.71847e-10 7.37262e-10 2.85247e-05 
42.7458 2.24243e-11 1.32792e-11 2.07488e-11 4.78527e-06 
49.4613 3.96789e-13 2.3497e-13 3.67141e-13 6.36542e-07 
57.0414 4.17655e-15 2.47328e-15 3.86449e-15 6.53064e-08 
65.6115 2.42533e-17 1.43611e-17 2.24402e-17 4.9766e-09 
75.35 6.97547e-20 4.13658e-20 6.45883e-20 2.66891e-10 
86.5251 8.63218e-23 4.92685e-23 7.84269e-23 9.38874e-12 
99.5793 1.14987e-26 3.92952e-26 3.60191e-26 1.0836e-13 
115.358 4.38929e-27 2.35488e-27 3.87041e-27 6.6949e-14 
136.026 2.66903e-27 1.58082e-27 2.46982e-27 -5.22064e-14 
