0 0.188649 3.82748e-08 -0.0146274 -0.604977 
1.72673 0.177595 0.00160696 -0.0129095 -0.586985 
5 0.108893 0.0115235 -0.00227005 -0.459634 
8.27327 0.0285405 0.0232111 0.0102216 -0.235311 
10 0.00449859 0.0265556 0.0138774 -0.0934221 
10 0.00856874 0.00503751 0.00787111 -0.0934221 
10.3736 0.0069235 0.00407029 0.00635982 -0.0839758 
11.2547 0.00418756 0.00246184 0.00384663 -0.0653088 
12.646 0.00189297 0.00111287 0.00173885 -0.04391 
14.5564 0.00063634 0.000374101 0.000584533 -0.0254587 
16.9984 0.000157932 9.28472e-05 0.000145074 -0.0126831 
19.989 2.86622e-05 1.68504e-05 2.63287e-05 -0.00540314 
23.5498 3.75683e-06 2.20862e-06 3.45097e-06 -0.00195615 
27.7084 3.50073e-07 2.05806e-07 3.21571e-07 -0.000597132 
32.4999 2.27338e-08 1.33651e-08 2.0883e-08 -0.000152169 
37.9683 1.00329e-09 5.89827e-10 9.21605e-10 -3.19671e-05 
44.1698 2.91385e-11 1.71304e-11 2.67662e-11 -5.44785e-06 
51.1774 5.34265e-13 3.14091e-13 4.90768e-13 -7.37683e-07 
59.0871 5.85399e-15 3.44155e-15 5.3774e-15 -7.72178e-08 
68.03 3.55728e-17 2.09116e-17 3.26755e-17 -6.01936e-09 
78.1919 1.07738e-19 6.34155e-20 9.90266e-20 -3.31265e-10 
89.853 1.41019e-22 8.03898e-23 1.27573e-22 -1.19848e-11 
103.475 2.59308e-26 6.11061e-26 5.9649e-26 -1.62517e-13 
119.94 5.15379e-27 2.66851e-27 4.45187e-27 -7.24527e-14 
141.507 3.10886e-27 1.82788e-27 2.85591e-27 5.6272e-14 
