0 0.196311 9.08364e-14 -0.000801576 0.388239 
0.575577 0.19478 1.1671e-05 -0.000789072 0.386722 
1.66667 0.183719 9.59774e-05 -0.000698741 0.375581 
2.75776 0.16313 0.000252915 -0.000530598 0.35391 
3.33333 0.149172 0.000359275 -0.000416628 0.338431 
3.33333 0.149172 0.000359256 -0.000416638 0.338431 
3.90891 0.133623 0.00047783 -0.000289625 0.320307 
5 0.101535 0.000722357 -2.76097e-05 0.279213 
6.09109 0.0690714 0.000969847 0.00023753 0.23029 
6.66667 0.0530312 0.001092 0.000368462 0.201787 
6.66667 0.0530312 0.00109198 0.000368451 0.201787 
7.24224 0.0383989 0.00120365 0.00048802 0.171706 
8.33333 0.0161056 0.00137348 0.000670029 0.111202 
9.42442 0.00294862 0.00147385 0.000777523 0.0475813 
10 0.000232704 0.00149438 0.000799612 0.0133668 
10 0.000443245 0.000282461 0.000441345 0.0133668 
10.0842 0.00034986 0.00022295 0.00034836 0.0118755 
10.2828 0.000200249 0.00012761 0.000199391 0.00898446 
10.5964 8.29704e-05 5.28734e-05 8.26147e-05 0.00578319 
11.027 2.47471e-05 1.57702e-05 2.4641e-05 0.00315841 
11.5774 5.27111e-06 3.35905e-06 5.24851e-06 0.00145766 
12.2514 7.93279e-07 5.05522e-07 7.89878e-07 0.000565482 
13.054 8.31985e-08 5.30188e-08 8.28418e-08 0.000183132 
13.9914 5.97549e-09 3.80792e-09 5.94987e-09 4.90787e-05 
15.0713 2.87477e-10 1.83196e-10 2.86244e-10 1.07648e-05 
16.3039 9.00876e-12 5.74089e-12 8.97013e-12 1.90563e-06 
17.7016 1.77452e-13 1.13082e-13 1.76691e-13 2.67452e-07 
19.2811 2.0981e-15 1.33703e-15 2.0891e-15 2.90817e-08 
21.0639 1.40102e-17 8.92827e-18 1.39503e-17 2.37645e-09 
23.0796 4.86413e-20 3.09865e-20 4.84245e-20 1.40026e-10 
25.37 7.77173e-23 4.98988e-23 7.76755e-23 5.59713e-12 
27.9983 5.50253e-26 2.69168e-26 4.84234e-26 1.48932e-13 
31.0686 9.2062e-29 1.53005e-28 1.65369e-28 -6.09181e-15 
34.7797 1.11155e-28 7.04745e-29 1.10397e-28 6.69376e-15 
39.6408 6.71952e-29 4.28739e-29 6.69488e-29 -5.20445e-15 
