0 0.188123 3.95487e-08 -0.0158973 0.603338 
1.72673 0.177212 0.00172861 -0.0140492 0.58558 
5 0.109271 0.0124171 -0.00258193 0.459825 
8.27327 0.029284 0.0250952 0.0109692 0.238043 
10 0.00491681 0.0287957 0.0150108 0.0975398 
10 0.00936535 0.00546199 0.00853436 0.0975398 
10.3898 0.00758266 0.0044223 0.00690985 0.0877668 
11.3093 0.00460843 0.0026877 0.00419952 0.0684221 
12.7611 0.00209916 0.00122426 0.00191291 0.0461788 
14.7545 0.000713078 0.000415876 0.000649807 0.0269146 
17.3028 0.000179361 0.000104605 0.000163446 0.0134984 
20.4234 3.30889e-05 1.92979e-05 3.01529e-05 0.00579777 
24.139 4.42248e-06 2.57925e-06 4.03007e-06 0.00211959 
28.4785 4.21596e-07 2.4588e-07 3.84188e-07 0.000654437 
33.4784 2.81068e-08 1.63922e-08 2.56128e-08 0.000168976 
39.1845 1.27813e-09 7.45419e-10 1.16472e-09 3.60335e-05 
45.6558 3.84035e-11 2.23974e-11 3.49959e-11 6.24604e-06 
52.9681 7.31698e-13 4.26735e-13 6.66774e-13 8.62155e-07 
61.2218 8.37232e-15 4.88287e-15 7.62946e-15 9.22237e-08 
70.5536 5.34301e-17 3.11592e-17 4.86878e-17 7.36737e-09 
81.1574 1.71103e-19 9.98917e-20 1.56001e-19 4.16915e-10 
93.3256 2.38062e-22 1.35366e-22 2.14225e-22 1.55512e-11 
107.54 5.7479e-26 9.95491e-26 1.03962e-25 2.41643e-13 
124.721 6.10126e-27 3.01407e-27 5.13469e-27 7.8728e-14 
147.226 3.63436e-27 2.12067e-27 3.31271e-27 -6.07622e-14 
