0 0.187526 4.07283e-08 -0.017275 -0.601574 
1.72673 0.176767 0.001858 -0.0152885 -0.584062 
5 0.109642 0.0133706 -0.00293751 -0.459988 
8.27327 0.0300693 0.0271178 0.0117574 -0.240891 
10 0.00537621 0.0312127 0.0162258 -0.101858 
10 0.0102404 0.00591992 0.00924988 -0.101858 
10.4068 0.00830947 0.00480366 0.00750572 -0.091754 
11.3662 0.00507652 0.00293471 0.00458548 -0.0717169 
12.8812 0.00233147 0.00134781 0.00210595 -0.0486019 
14.9613 0.000800981 0.000463043 0.000723505 -0.0284872 
17.6203 0.000204399 0.000118162 0.000184628 -0.0143906 
20.8767 3.83803e-05 2.21874e-05 3.46679e-05 -0.0062358 
24.7539 5.23876e-06 3.0285e-06 4.73203e-06 -0.00230384 
29.2821 5.11837e-07 2.9589e-07 4.62328e-07 -0.000720119 
34.4994 3.51027e-08 2.02927e-08 3.17073e-08 -0.000188586 
40.4537 1.64868e-09 9.53093e-10 1.48921e-09 -4.08702e-05 
47.2064 5.13862e-11 2.97061e-11 4.64158e-11 -7.21542e-06 
54.8367 1.02045e-12 5.89914e-13 9.21741e-13 -1.01679e-06 
63.4493 1.22349e-14 7.07298e-15 1.10515e-14 -1.11337e-07 
73.1869 8.23167e-17 4.75844e-17 7.43525e-17 -9.13235e-09 
84.2519 2.79946e-19 1.61974e-19 2.52976e-19 -5.32568e-10 
96.9493 4.16244e-22 2.35747e-22 3.72168e-22 -2.05358e-11 
111.782 1.27241e-25 1.70539e-25 1.907e-25 -3.59047e-13 
129.71 7.29852e-27 3.37626e-27 5.93399e-27 -8.59915e-14 
153.193 4.26196e-27 2.46533e-27 3.8509e-27 6.57117e-14 
