0 0.186843 4.17869e-08 -0.0187682 0.599674 
1.72673 0.176246 0.00199524 -0.0166348 0.58242 
5 0.109999 0.0143853 -0.00334285 0.460119 
8.27327 0.0308979 0.0292844 0.0125844 0.24386 
10 0.00588095 0.0338156 0.0175248 0.10639 
10 0.0112018 0.00641302 0.0100203 0.10639 
10.4245 0.00911125 0.00521617 0.00815027 0.09595 
11.4256 0.00559767 0.00320466 0.00500728 0.0752072 
13.0065 0.0025937 0.00148489 0.00232014 0.0511936 
15.177 0.000901978 0.000516381 0.000806845 0.0301893 
17.9517 0.000233779 0.000133838 0.000209122 0.0153695 
21.3497 4.47411e-05 2.56142e-05 4.00222e-05 0.00672372 
25.3955 6.24707e-06 3.57644e-06 5.58818e-06 0.00251243 
30.1207 6.26731e-07 3.58803e-07 5.60629e-07 0.000795786 
35.5648 4.43142e-08 2.53698e-08 3.96403e-08 0.000211606 
41.7781 2.15508e-09 1.23378e-09 1.92778e-09 4.66646e-05 
48.8244 6.98757e-11 4.00037e-11 6.25058e-11 8.4027e-06 
56.7865 1.45095e-12 8.30663e-13 1.29791e-12 1.21082e-06 
65.7737 1.82953e-14 1.04741e-14 1.63657e-14 1.35965e-07 
75.9348 1.30304e-16 7.45958e-17 1.16558e-16 1.14745e-08 
87.4809 4.7281e-19 2.70872e-19 4.2309e-19 6.91193e-10 
100.73 7.55553e-22 4.25575e-22 6.70412e-22 2.76305e-11 
116.208 2.84591e-25 3.08404e-25 3.68228e-25 5.36249e-13 
134.916 8.85057e-27 3.72895e-27 6.87178e-27 9.45674e-14 
159.421 5.01068e-27 2.87135e-27 4.48434e-27 -7.11548e-14 
