0 0.186057 4.26951e-08 -0.0203839 -0.597622 
1.72673 0.175633 0.00214026 -0.0180954 -0.580641 
5 0.110333 0.0154615 -0.00380478 -0.46021 
8.27327 0.0317709 0.0315988 0.0134472 -0.246955 
10 0.0064355 0.0366121 0.0189085 -0.111146 
10 0.0122581 0.0069427 0.010848 -0.111146 
10.443 0.00999598 0.0056615 0.00884609 -0.100368 
11.4876 0.00617845 0.00349933 0.00546771 -0.0789084 
13.1372 0.00289025 0.00163697 0.00255777 -0.0539698 
15.4022 0.00101836 0.000576778 0.000901215 -0.0320357 
18.2975 0.000268403 0.000152017 0.000237527 -0.0164466 
21.8432 5.2432e-05 2.96963e-05 4.64005e-05 -0.00726912 
26.065 7.50192e-06 4.24892e-06 6.63894e-06 -0.0027496 
30.9957 7.744e-07 4.38603e-07 6.85316e-07 -0.000883418 
36.6766 5.65848e-08 3.20483e-08 5.00755e-08 -0.000238799 
43.16 2.85699e-09 1.61813e-09 2.52833e-09 -5.36584e-05 
50.5128 9.66595e-11 5.47458e-11 8.55403e-11 -9.86974e-06 
58.8212 2.10593e-12 1.19275e-12 1.86367e-12 -1.45682e-06 
68.1992 2.80346e-14 1.58782e-14 2.48096e-14 -1.68086e-07 
78.8021 2.123e-16 1.20238e-16 1.87875e-16 -1.46271e-08 
90.8504 8.25999e-19 4.6809e-19 7.31185e-19 -9.12375e-10 
104.676 1.42718e-21 7.98173e-22 1.25507e-21 -3.79247e-11 
120.827 6.49146e-25 5.90629e-25 7.48665e-25 -8.08825e-13 
140.348 1.09384e-26 4.01403e-27 7.976e-27 -1.04993e-13 
165.919 5.90015e-27 3.34601e-27 5.22478e-27 7.71107e-14 
