0 0.185144 4.342e-08 -0.0221287 -0.595404 
1.72673 0.174908 0.00229283 -0.0196769 -0.57871 
5 0.110632 0.0165985 -0.00433086 -0.460253 
8.27327 0.0326886 0.0340623 0.0143407 -0.250181 
10 0.00704459 0.0396073 0.0203762 -0.116141 
10 0.0134183 0.00750996 0.0117343 -0.116141 
10.4622 0.0109723 0.00614098 0.00959528 -0.105023 
11.5523 0.00682613 0.00382046 0.00596947 -0.0828368 
13.2736 0.00322619 0.00180564 0.00282131 -0.0569483 
15.6371 0.00115287 0.000645241 0.00100819 -0.0340429 
18.6584 0.00030938 0.000173154 0.000270554 -0.0176353 
22.3583 6.17855e-05 3.45802e-05 5.40316e-05 -0.00788096 
26.7637 9.07561e-06 5.07945e-06 7.93664e-06 -0.00302046 
31.9087 9.66046e-07 5.40678e-07 8.44809e-07 -0.00098545 
37.8367 7.3129e-08 4.09289e-08 6.39515e-08 -0.000271132 
44.6021 3.84437e-09 2.15162e-09 3.36191e-09 -6.21654e-05 
52.2746 1.36157e-10 7.62043e-11 1.19069e-10 -1.16992e-05 
60.9443 3.1239e-12 1.74839e-12 2.73186e-12 -1.77209e-06 
70.7301 4.40859e-14 2.46742e-14 3.85533e-14 -2.10516e-07 
81.7942 3.5663e-16 1.99594e-16 3.1187e-16 -1.89341e-08 
94.3664 1.49571e-18 8.37487e-19 1.30829e-18 -1.22619e-09 
108.793 2.81212e-21 1.55888e-21 2.44748e-21 -5.31683e-11 
125.646 1.52201e-24 1.20116e-24 1.60391e-24 -1.23693e-12 
146.016 1.38969e-26 4.12705e-27 9.30071e-27 -1.18194e-13 
172.699 6.94718e-27 3.89698e-27 6.08218e-27 8.3568e-14 
