0 0.18408 4.39258e-08 -0.0240079 0.593001 
1.72673 0.174045 0.00245246 -0.0213853 0.576611 
5 0.110883 0.0177933 -0.00492936 0.46024 
8.27327 0.0336507 0.036673 0.0152575 0.253542 
10 0.00771318 0.0428031 0.0219243 0.121386 
10 0.0146918 0.0081151 0.0126798 0.121386 
10.4823 0.0120493 0.0066555 0.0103992 0.109929 
11.6198 0.00754874 0.0041696 0.006515 0.08701 
13.416 0.00360731 0.00199252 0.00311332 0.0601483 
15.8823 0.00130874 0.000722894 0.00112952 0.0362293 
19.0349 0.00035808 0.000197788 0.000309044 0.0189506 
22.8957 7.32279e-05 4.04479e-05 6.31999e-05 0.00856979 
27.4927 1.10645e-05 6.11157e-06 9.54933e-06 0.00333118 
32.8615 1.21726e-06 6.7236e-07 1.05056e-06 0.0011049 
39.0472 9.57152e-08 5.28689e-08 8.26077e-08 0.000309829 
46.1069 5.25479e-09 2.90252e-09 4.53519e-09 7.25955e-05 
54.113 1.95494e-10 1.07983e-10 1.68723e-10 1.40023e-05 
63.1597 4.7417e-12 2.61911e-12 4.09237e-12 2.18072e-06 
73.3712 7.12503e-14 3.93557e-14 6.14932e-14 2.67316e-07 
84.9164 6.18745e-16 3.41761e-16 5.34007e-16 2.49108e-08 
98.0353 2.81302e-18 1.55431e-18 2.42821e-18 1.67965e-09 
113.09 5.79387e-21 3.17771e-21 4.9828e-21 7.62283e-11 
130.676 3.69368e-24 2.59942e-24 3.62473e-24 1.92469e-12 
151.931 1.84006e-26 3.883e-27 1.0974e-26 1.35846e-13 
179.775 8.16116e-27 4.52471e-27 7.05671e-27 -9.04707e-14 
