0 0.182832 4.41746e-08 -0.0260249 -0.590395 
1.72673 0.173015 0.0026183 -0.0232248 -0.574325 
5 0.111067 0.0190408 -0.00560921 -0.46016 
8.27327 0.0346554 0.0394244 0.0161872 -0.25704 
10 0.00844623 0.0461961 0.0235456 -0.126896 
10 0.0160881 0.00875746 0.0136835 -0.126896 
10.5033 0.0132365 0.00720521 0.0112581 -0.115102 
11.6902 0.00835496 0.00454798 0.00710622 -0.0914467 
13.5645 0.00404016 0.00219924 0.00343632 -0.063591 
16.1381 0.00148983 0.00081098 0.00126716 -0.0386157 
19.4278 0.00041619 0.000226551 0.000353986 -0.02041 
23.4565 8.73069e-05 4.75251e-05 7.4258e-05 -0.00934803 
28.2534 1.3598e-05 7.40199e-06 1.15656e-05 -0.00368921 
33.8557 1.5499e-06 8.43679e-07 1.31825e-06 -0.00124551 
40.3104 1.26947e-07 6.91029e-08 1.07973e-07 -0.000356457 
47.6771 7.30165e-09 3.97462e-09 6.21034e-09 -8.54882e-05 
56.0314 2.86374e-10 1.55886e-10 2.43573e-10 -1.69302e-05 
65.4715 7.37311e-12 4.01352e-12 6.27112e-12 -2.71657e-06 
76.127 1.1851e-13 6.45106e-14 1.00798e-13 -3.44409e-07 
88.1743 1.11059e-15 6.04534e-16 9.44592e-16 -3.33405e-08 
101.864 5.50575e-18 2.99777e-18 4.68344e-18 -2.34749e-09 
117.573 1.25108e-20 6.77573e-21 1.0614e-20 -1.11902e-10 
135.924 9.33547e-24 5.99531e-24 8.65392e-24 -3.05678e-12 
158.104 2.59343e-26 3.01868e-27 1.33874e-26 -1.61114e-13 
187.158 9.53056e-27 5.2208e-27 8.13181e-27 9.76686e-14 
