0 0.181364 4.41267e-08 -0.0281803 -0.587563 
1.72673 0.171782 0.00278911 -0.0251974 -0.571832 
5 0.111162 0.0203329 -0.00637975 -0.459999 
8.27327 0.0356993 0.0423035 0.0171156 -0.260681 
10 0.00924858 0.0497758 0.0252285 -0.132683 
10 0.0176163 0.00943504 0.0147423 -0.132683 
10.5252 0.0145434 0.00778922 0.0121707 -0.120557 
11.7637 0.00925402 0.00495631 0.00774424 -0.0961665 
13.7196 0.00453211 0.00242733 0.0037927 -0.067299 
16.405 0.00170063 0.000910833 0.00142318 -0.0412253 
19.8378 0.000485789 0.000260181 0.000406533 -0.0220334 
24.0417 0.000104727 5.60903e-05 8.76412e-05 -0.0102303 
29.0472 1.68501e-05 9.02463e-06 1.4101e-05 -0.00410354 
34.8931 1.99488e-06 1.06843e-06 1.66942e-06 -0.00141194 
41.6286 1.70699e-07 9.14236e-08 1.42849e-07 -0.000413022 
49.3156 1.03207e-08 5.52758e-09 8.63685e-09 -0.000101558 
58.0332 4.28356e-10 2.29421e-10 3.5847e-10 -2.069e-05 
67.8839 1.17572e-11 6.29695e-12 9.83898e-12 -3.42775e-06 
79.0028 2.03125e-13 1.08791e-13 1.69986e-13 -4.50547e-07 
91.574 2.06544e-15 1.1062e-15 1.72845e-15 -4.54323e-08 
105.859 1.12351e-17 6.0184e-18 9.40293e-18 -3.35079e-09 
122.251 2.83737e-20 1.51434e-20 2.37031e-20 -1.6839e-10 
141.4 2.47072e-23 1.47526e-23 2.18636e-23 -4.96901e-12 
164.544 4.01176e-26 1.37573e-27 1.7861e-26 -2.00228e-13 
194.862 1.10024e-26 5.95987e-27 9.25984e-27 1.04858e-13 
