0 0.179632 4.37427e-08 -0.0304703 -0.584481 
1.72673 0.170307 0.00296305 -0.0273011 -0.569108 
5 0.111141 0.0216572 -0.00725043 -0.459744 
8.27327 0.0367767 0.0452894 0.0180239 -0.264463 
10 0.0101245 0.0535222 0.0269552 -0.138761 
10 0.0192849 0.0101441 0.0158501 -0.138761 
10.548 0.0159791 0.00840516 0.0131331 -0.126309 
11.8405 0.0102554 0.00539447 0.00842886 -0.101189 
13.8813 0.00509126 0.00267806 0.00418447 -0.0712969 
16.6835 0.00194643 0.00102385 0.00159976 -0.0440836 
20.2656 0.000569424 0.000299523 0.000468005 -0.0238438 
24.6523 0.000126396 6.64858e-05 0.000103884 -0.0112337 
29.8755 2.10562e-05 1.10758e-05 1.73059e-05 -0.00458509 
35.9757 2.59619e-06 1.36562e-06 2.13379e-06 -0.00161 
43.004 2.32796e-07 1.22453e-07 1.91333e-07 -0.000482109 
51.0253 1.48473e-08 7.80987e-09 1.22029e-08 -0.000121754 
60.1221 6.54717e-10 3.44389e-10 5.38107e-10 -2.55673e-05 
70.4011 1.92432e-11 1.01221e-11 1.58158e-11 -4.38325e-06 
82.0035 3.59163e-13 1.88924e-13 2.95193e-13 -5.9883e-07 
95.1214 3.98542e-15 2.09636e-15 3.27558e-15 -6.30805e-08 
110.027 2.39419e-17 1.25952e-17 1.96789e-17 -4.8892e-09 
127.133 6.77163e-20 3.55374e-20 5.55914e-20 -2.60019e-10 
147.114 6.88004e-23 3.87521e-23 5.85484e-23 -8.28807e-12 
171.265 7.08126e-26 1.53067e-30 2.91014e-26 -2.65897e-13 
202.901 1.24441e-26 6.68389e-27 1.03356e-26 1.11465e-13 
