0 0.177587 4.29853e-08 -0.0328855 0.581123 
1.72673 0.168541 0.00313767 -0.0295293 0.566127 
5 0.110972 0.0229965 -0.00823023 0.459377 
8.27327 0.0378791 0.0483503 0.0188875 0.268387 
10 0.0110775 0.057403 0.0287003 0.145139 
10 0.0211 0.0108783 0.0169974 0.145139 
10.5719 0.0175513 0.00904875 0.0141387 0.132372 
11.9205 0.0113685 0.00586114 0.00915803 0.106535 
14.0501 0.00572635 0.00295227 0.00461293 0.0756102 
16.9742 0.00223329 0.00115139 0.00179905 0.0472187 
20.7121 0.000670198 0.000345527 0.000539886 0.0258668 
25.2895 0.000153479 7.91273e-05 0.000123636 0.0123784 
30.7399 2.65353e-05 1.36805e-05 2.13758e-05 0.00514699 
37.1053 3.41679e-06 1.76156e-06 2.75243e-06 0.00184693 
44.4393 3.22078e-07 1.6605e-07 2.59454e-07 0.000567051 
52.8094 2.17473e-08 1.1212e-08 1.75188e-08 0.000147348 
62.3018 1.02306e-09 5.27449e-10 8.2414e-10 3.1959e-05 
73.0278 3.23495e-11 1.66781e-11 2.60595e-11 5.68297e-06 
85.1348 6.5571e-13 3.38058e-13 5.28215e-13 8.09091e-07 
98.8232 7.98736e-15 4.11794e-15 6.4343e-15 8.92983e-08 
114.377 5.33494e-17 2.75068e-17 4.29778e-17 7.29804e-09 
132.226 1.70329e-19 8.76884e-20 1.37112e-19 4.12368e-10 
153.077 2.02377e-22 1.08679e-22 1.66419e-22 1.42142e-11 
178.278 1.48372e-25 6.44844e-27 6.47992e-26 3.84873e-13 
211.29 1.35786e-26 7.29458e-27 1.11681e-26 -1.16431e-13 
