0 0.196181 9.77742e-14 -0.000871124 0.388063 
0.575577 0.194654 1.26593e-05 -0.000857561 0.38655 
1.66667 0.18362 0.000104108 -0.000759578 0.375435 
2.75776 0.163081 0.000274362 -0.000577168 0.353815 
3.33333 0.149155 0.000389763 -0.00045351 0.338372 
3.33333 0.149155 0.000389741 -0.000453522 0.338372 
3.90891 0.13364 0.000518412 -0.000315695 0.320289 
5 0.101613 0.00078383 -3.12939e-05 0.279286 
6.09109 0.0691944 0.00105259 0.000256638 0.230468 
6.66667 0.0531679 0.00118532 0.000398904 0.202022 
6.66667 0.0531679 0.0011853 0.000398892 0.202022 
7.24224 0.0385403 0.00130669 0.00052888 0.172001 
8.33333 0.0162279 0.00149154 0.000726982 0.111611 
9.42442 0.00301361 0.00160117 0.00084439 0.048097 
10 0.000252963 0.00162387 0.000868809 0.0139349 
10 0.000481834 0.000306936 0.000479588 0.0139349 
10.0879 0.000380366 0.000242299 0.000378592 0.012381 
10.2951 0.000217773 0.000138725 0.000216758 0.00936821 
10.6223 9.02723e-05 5.75049e-05 8.98514e-05 0.00603159 
11.0716 2.69419e-05 1.71624e-05 2.68163e-05 0.0032951 
11.646 5.74321e-06 3.65852e-06 5.71643e-06 0.00152136 
12.3494 8.65178e-07 5.51132e-07 8.61144e-07 0.000590482 
13.1868 9.08456e-08 5.78701e-08 9.0422e-08 0.00019134 
14.1649 6.53364e-09 4.16203e-09 6.50318e-09 5.13135e-05 
15.2919 3.14825e-10 2.00548e-10 3.13357e-10 1.12639e-05 
16.578 9.88351e-12 6.29596e-12 9.83743e-12 1.99577e-06 
18.0366 1.95079e-13 1.24269e-13 1.9417e-13 2.80388e-07 
19.6847 2.31184e-15 1.47268e-15 2.30106e-15 3.05234e-08 
21.5451 1.54776e-17 9.85972e-18 1.54056e-17 2.49751e-09 
23.6484 5.38942e-20 3.43199e-20 5.36339e-20 1.47375e-10 
26.0384 8.64012e-23 5.54495e-23 8.63192e-23 5.90084e-12 
28.781 6.13239e-26 3.00769e-26 5.40166e-26 1.57206e-13 
31.9849 9.97209e-29 1.67646e-28 1.80601e-28 -6.33939e-15 
35.8573 1.21383e-28 7.68306e-29 1.20432e-28 6.99412e-15 
40.9298 7.34213e-29 4.67595e-29 7.30704e-29 -5.43958e-15 
