0 0.175172 4.18221e-08 -0.0354086 0.57746 
1.72673 0.166429 0.00330968 -0.0318682 0.562864 
5 0.110616 0.0243278 -0.00932682 0.458879 
8.27327 0.0389938 0.0514417 0.019676 0.27245 
10 0.0121092 0.0613696 0.0304289 0.151826 
10 0.0230652 0.0116286 0.0181697 0.151826 
10.5967 0.0192658 0.00971311 0.0151767 0.138759 
12.004 0.0126018 0.00635336 0.00992713 0.112224 
14.2262 0.00644643 0.00325006 0.00507822 0.0802653 
17.2775 0.00256806 0.00129472 0.002023 0.0506606 
21.1779 0.000791857 0.000399226 0.000623791 0.0281314 
25.9544 0.000187465 9.45134e-05 0.000147677 0.0136877 
31.6418 3.37194e-05 1.70001e-05 2.65627e-05 0.00580508 
38.2841 4.54716e-06 2.29252e-06 3.58206e-06 0.00213176 
45.937 4.52068e-07 2.27917e-07 3.5612e-07 0.000672156 
54.6711 3.24365e-08 1.63533e-08 2.55521e-08 0.000180047 
64.5763 1.63477e-09 8.24191e-10 1.2878e-09 4.042e-05 
75.7688 5.58772e-11 2.81713e-11 4.40177e-11 7.47284e-06 
88.4023 1.23665e-12 6.23473e-13 9.74177e-13 1.11171e-06 
102.686 1.66375e-14 8.38804e-15 1.31063e-14 1.28947e-07 
118.917 1.24411e-16 6.2726e-17 9.80073e-17 1.11506e-08 
137.542 4.52005e-19 2.27697e-19 3.55923e-19 6.72109e-10 
159.299 6.30742e-22 3.25275e-22 5.02557e-22 2.5107e-11 
185.596 3.78827e-25 5.88259e-26 1.9517e-25 6.15303e-13 
220.044 1.38922e-26 7.64646e-27 1.14456e-26 -1.1783e-13 
