0 0.172325 4.02299e-08 -0.0380127 0.57346 
1.72673 0.163912 0.0034749 -0.0342953 0.559286 
5 0.110028 0.0256207 -0.0105454 0.458227 
8.27327 0.0401038 0.054503 0.0203517 0.276645 
10 0.013219 0.0653543 0.0320953 0.158828 
10 0.025179 0.0123821 0.0193471 0.158828 
10.6227 0.0211243 0.0103882 0.0162316 0.145479 
12.0912 0.0139619 0.00686596 0.0107281 0.118272 
14.41 0.00726043 0.00357043 0.00557879 0.0852884 
17.594 0.00295828 0.00145478 0.00227309 0.0544413 
21.664 0.000938851 0.000461694 0.000721398 0.0306695 
26.6483 0.00023025 0.000113229 0.00017692 0.0151883 
32.5829 4.31924e-05 2.12405e-05 3.31883e-05 0.00657828 
39.5141 6.11762e-06 3.00843e-06 4.70068e-06 0.00247571 
47.4998 6.43581e-07 3.16491e-07 4.94517e-07 0.000802991 
56.6138 4.92562e-08 2.42225e-08 3.78476e-08 0.000222146 
66.9497 2.67095e-09 1.31348e-09 2.05232e-09 5.173e-05 
78.6289 9.91656e-11 4.87662e-11 7.61972e-11 9.96758e-06 
91.8118 2.40942e-12 1.18487e-12 1.85135e-12 1.55369e-06 
106.717 3.60238e-14 1.77152e-14 2.76801e-14 1.89978e-07 
123.653 3.03701e-16 1.49352e-16 2.33361e-16 1.74434e-08 
143.088 1.26591e-18 6.22275e-19 9.72504e-19 1.12619e-09 
165.792 2.08683e-21 1.0379e-21 1.6126e-21 4.57248e-11 
193.233 1.18005e-24 3.36073e-25 7.15924e-25 1.08733e-12 
229.178 1.25318e-26 7.55894e-27 1.072e-26 -1.12051e-13 
