0 0.168978 3.81992e-08 -0.0406582 -0.569092 
1.72673 0.160923 0.00362814 -0.0367766 -0.555364 
5 0.109157 0.0268375 -0.0118873 -0.457397 
8.27327 0.0411863 0.0574561 0.0208701 -0.28096 
10 0.0144025 0.0692661 0.0336414 -0.166145 
10 0.0274334 0.0131216 0.0205025 -0.166145 
10.6497 0.0231234 0.0110601 0.0172814 -0.152536 
12.1821 0.0154523 0.00739095 0.0115484 -0.124694 
14.6018 0.00817635 0.00391082 0.00611065 -0.0907042 
17.9242 0.00341193 0.00163196 0.00254993 -0.0585933 
22.1713 0.00111637 0.000533968 0.000834325 -0.0335159 
27.3723 0.000284207 0.000135938 0.000212404 -0.0169108 
33.565 5.57393e-05 2.66605e-05 4.16571e-05 -0.00748908 
40.7976 8.3157e-06 3.97747e-06 6.21479e-06 -0.00289266 
49.1306 9.28785e-07 4.44245e-07 6.94133e-07 -0.00096673 
58.6409 7.61098e-08 3.64039e-08 5.68811e-08 -0.000276737 
69.4263 4.45956e-09 2.13304e-09 3.33288e-09 -6.69875e-05 
81.6135 1.80719e-10 8.64396e-11 1.35062e-10 -1.3485e-05 
95.3696 4.84695e-12 2.31833e-12 3.6224e-12 -2.20842e-06 
110.923 8.10334e-14 3.8759e-14 6.05609e-14 -2.85548e-07 
128.596 7.75633e-16 3.70992e-16 5.79674e-16 -2.79367e-08 
148.876 3.73954e-18 1.78839e-18 2.79456e-18 -1.9398e-09 
172.567 7.33342e-21 3.52406e-21 5.49351e-21 -8.59015e-11 
201.201 4.38521e-24 1.67946e-24 2.95073e-24 -2.1006e-12 
238.71 8.41994e-27 6.92472e-27 8.55628e-27 9.20454e-14 
