0 0.165062 3.57389e-08 -0.0432915 0.564323 
1.72673 0.157397 0.00376327 -0.0392651 0.551064 
5 0.107946 0.0279325 -0.0133476 0.45636 
8.27327 0.0422121 0.0602036 0.0211808 0.285379 
10 0.015651 0.0729889 0.0349964 0.17377 
10 0.0298114 0.0138251 0.0216017 0.17377 
10.678 0.0252517 0.0117105 0.0182977 0.15993 
12.277 0.0170715 0.00791694 0.0123702 0.131498 
14.8019 0.00920019 0.00426661 0.00666657 0.0965344 
18.2688 0.003937 0.00182579 0.0028528 0.063149 
22.7006 0.00133027 0.000616917 0.000963932 0.0367074 
28.1278 0.000352268 0.000163365 0.000255258 0.0188895 
34.5898 7.2405e-05 3.35779e-05 5.24655e-05 0.00856382 
42.1369 1.14102e-05 5.29151e-06 8.26798e-06 0.00339962 
50.8323 1.35743e-06 6.29511e-07 9.8361e-07 0.00117258 
60.7562 1.19542e-07 5.5438e-08 8.66219e-08 0.000347972 
72.0106 7.60057e-09 3.52478e-09 5.50747e-09 8.77418e-05 
84.7278 3.37787e-10 1.56649e-10 2.44765e-10 1.84972e-05 
99.0822 1.00543e-11 4.66269e-12 7.28545e-12 3.19124e-06 
115.312 1.89103e-13 8.76973e-14 1.37027e-13 4.37656e-07 
133.753 2.06929e-15 9.59627e-16 1.49942e-15 4.57819e-08 
154.915 1.16319e-17 5.39432e-18 8.42861e-18 3.43248e-09 
179.636 2.73442e-20 1.26949e-20 1.98248e-20 1.66424e-10 
209.516 1.87996e-23 8.16484e-24 1.319e-23 4.36373e-12 
248.656 1.83578e-27 5.99191e-27 5.34629e-27 -4.31215e-14 
