0 0.160514 3.2882e-08 -0.0458432 0.559122 
1.72673 0.153268 0.00387328 -0.0416987 0.546356 
5 0.106338 0.0288531 -0.0149133 0.455086 
8.27327 0.0431455 0.0626297 0.0212292 0.289879 
10 0.0169491 0.0763811 0.0360777 0.181687 
10 0.032284 0.0144657 0.0226026 0.181687 
10.7075 0.0274877 0.0123166 0.0192446 0.167648 
12.376 0.0188109 0.00842869 0.0131698 0.138686 
15.0108 0.0103344 0.0046306 0.00723531 0.102795 
18.6284 0.00454068 0.00203457 0.00317901 0.0681381 
23.2529 0.00158692 0.00071106 0.00111103 0.0402816 
28.9161 0.000437965 0.000196241 0.000306627 0.0211616 
35.6592 9.456e-05 4.237e-05 6.62032e-05 0.00983293 
43.5345 1.57832e-05 7.07208e-06 1.10501e-05 0.00401723 
52.608 2.00623e-06 8.98942e-07 1.4046e-06 0.00143225 
62.9635 1.9055e-07 8.53808e-08 1.33407e-07 0.000441401 
74.7073 1.31995e-08 5.91439e-09 9.24123e-09 0.000116174 
87.9775 6.46277e-10 2.89581e-10 4.5247e-10 2.57062e-05 
102.956 2.14588e-11 9.61514e-12 1.50237e-11 4.68416e-06 
119.891 4.56703e-13 2.04638e-13 3.19746e-13 6.83354e-07 
139.135 5.75113e-15 2.5769e-15 4.02644e-15 7.66842e-08 
161.217 3.79805e-17 1.70195e-17 2.65919e-17 6.23174e-09 
187.013 1.07877e-19 4.8308e-20 7.5504e-20 3.32119e-10 
218.192 9.00025e-23 4.03824e-23 6.30549e-23 9.59304e-12 
259.034 4.51601e-27 5.99565e-27 6.26497e-27 6.79527e-14 
