0 0.155279 2.96889e-08 -0.048228 0.553459 
1.72673 0.148481 0.00395069 -0.0440004 0.54121 
5 0.104275 0.0295417 -0.016561 0.453545 
8.27327 0.0439443 0.0646039 0.0209605 0.294429 
10 0.0182746 0.0792785 0.0367947 0.189869 
10 0.0348087 0.0150124 0.0234569 0.189869 
10.7383 0.0297975 0.0128511 0.0200799 0.175671 
12.4793 0.0206523 0.00890701 0.0139172 0.146249 
15.2287 0.0115761 0.00499258 0.00780091 0.109494 
19.0036 0.00522837 0.00225491 0.0035233 0.0735856 
23.8292 0.00189278 0.000816324 0.00127551 0.0442751 
29.7387 0.000545405 0.000235224 0.000367538 0.0237667 
36.775 0.000123964 5.34637e-05 8.3537e-05 0.0113307 
44.9928 2.19704e-05 9.47548e-06 1.48054e-05 0.00477012 
54.461 2.99255e-06 1.29064e-06 2.01662e-06 0.00176048 
65.2667 3.0756e-07 1.32645e-07 2.07258e-07 0.000564383 
77.5213 2.32987e-08 1.00483e-08 1.57005e-08 0.000155337 
91.3686 1.2621e-09 5.44322e-10 8.50504e-10 3.6154e-05 
106.999 4.69715e-11 2.0258e-11 3.16531e-11 6.97472e-06 
124.67 1.13734e-12 4.90517e-13 7.66431e-13 1.08531e-06 
144.751 1.65834e-14 7.15204e-15 1.11752e-14 1.31053e-07 
167.794 1.29578e-16 5.58912e-17 8.73249e-17 1.15844e-08 
194.711 4.48111e-19 1.93024e-19 3.01787e-19 6.81243e-10 
227.246 4.68688e-22 2.06958e-22 3.19605e-22 2.20319e-11 
269.864 1.00734e-25 1.28963e-26 4.40167e-26 3.22997e-13 
