0 0.14932 2.62487e-08 -0.0503478 -0.547314 
1.72673 0.142998 0.00398806 -0.0460799 -0.535603 
5 0.101708 0.0299402 -0.0182547 -0.451705 
8.27327 0.0445614 0.0659885 0.0203257 -0.29899 
10 0.0195967 0.081503 0.0370547 -0.198276 
10 0.0373271 0.0154315 0.0241118 -0.198276 
10.7704 0.0321324 0.013284 0.0207563 -0.183962 
12.5872 0.0225662 0.0093292 0.0145769 -0.154165 
15.456 0.012915 0.00533924 0.00834257 -0.116628 
19.3952 0.00600223 0.00248141 0.0038772 -0.0795085 
24.4306 0.0022538 0.000931753 0.00145586 -0.0487209 
30.5971 0.000679155 0.000280772 0.000438706 -0.0267449 
37.9394 0.000162812 6.73086e-05 0.00010517 -0.0130948 
46.5146 3.07081e-05 1.26951e-05 1.98362e-05 -0.005687 
56.3945 4.49358e-06 1.85771e-06 2.90267e-06 -0.00217547 
67.6702 5.01205e-07 2.07205e-07 3.23758e-07 -0.000726549 
80.4577 4.16599e-08 1.72228e-08 2.69106e-08 -0.000209467 
94.9071 2.50622e-09 1.03611e-09 1.61891e-09 -5.13767e-05 
111.217 1.04993e-10 4.34055e-11 6.78212e-11 -1.05157e-05 
129.657 2.90623e-12 1.20148e-12 1.87731e-12 -1.74953e-06 
150.611 4.93346e-14 2.03953e-14 3.18679e-14 -2.27947e-07 
174.656 4.58971e-16 1.89768e-16 2.96495e-16 -2.19862e-08 
202.744 1.94616e-18 8.03517e-19 1.25632e-18 -1.43168e-09 
236.694 2.60087e-21 1.10359e-21 1.70221e-21 -5.23379e-11 
281.165 8.37817e-25 8.10457e-26 3.33915e-25 -9.39359e-13 
