0 0.142631 2.26762e-08 -0.0520968 -0.540671 
1.72673 0.136808 0.00397883 -0.0478384 -0.52952 
5 0.0986006 0.0299954 -0.0199455 -0.449538 
8.27327 0.0449474 0.0666514 0.0192888 -0.303514 
10 0.020877 0.0828767 0.0367728 -0.206853 
10 0.0397658 0.0156895 0.0245149 -0.206853 
10.8039 0.0344294 0.0135841 0.0212251 -0.192473 
12.6997 0.02451 0.00967036 0.0151099 -0.162397 
15.6933 0.0143315 0.00565446 0.00883509 -0.12418 
19.8038 0.00685956 0.00270643 0.00422879 -0.0859121 
25.0582 0.00267452 0.00105522 0.00164879 -0.0536449 
31.4928 0.000843949 0.000332978 0.000520278 -0.0301345 
39.1544 0.000213731 8.4327e-05 0.000131761 -0.0151649 
48.1025 4.29804e-05 1.69578e-05 2.64966e-05 -0.00680051 
58.4121 6.77146e-06 2.67166e-06 4.17448e-06 -0.00269928 
70.1781 8.21691e-07 3.24197e-07 5.06557e-07 -0.000940287 
83.5217 7.51488e-08 2.96498e-08 4.63278e-08 -0.000284359 
98.5996 5.03649e-09 1.98713e-09 3.1049e-09 -7.36156e-05 
115.619 2.38349e-10 9.40401e-11 1.46938e-10 -1.60145e-05 
134.861 7.57258e-12 2.98775e-12 4.66836e-12 -2.85449e-06 
156.726 1.50343e-13 5.93167e-14 9.26831e-14 -4.02206e-07 
181.816 1.67407e-15 6.60575e-16 1.03209e-15 -4.24417e-08 
211.126 8.75611e-18 3.45073e-18 5.39487e-18 -3.06946e-09 
246.552 1.51181e-20 6.094e-21 9.42094e-21 -1.27542e-10 
292.958 5.93837e-24 8.01263e-25 2.45643e-24 -2.52778e-12 
