0 0.135244 1.91039e-08 -0.0533709 -0.533531 
1.72673 0.129935 0.00391825 -0.0491769 -0.522956 
5 0.0949396 0.0296666 -0.0215729 -0.447018 
8.27327 0.0450552 0.0664818 0.0178352 -0.307945 
10 0.0220703 0.083242 0.0358844 -0.215529 
10 0.0420387 0.0157565 0.0246196 -0.215529 
10.8388 0.0366121 0.0137226 0.0214416 -0.201138 
12.8171 0.0264281 0.00990553 0.0154774 -0.170889 
15.9409 0.0157955 0.00592031 0.00925048 -0.132114 
20.2301 0.00779126 0.00292024 0.00456288 -0.0927865 
25.713 0.00315692 0.00118324 0.00184882 -0.0590626 
32.4275 0.00104422 0.000391385 0.00061154 -0.0339686 
40.4223 0.000279708 0.000104837 0.000163808 -0.0175806 
49.7595 6.00564e-05 2.25098e-05 3.51715e-05 -0.00814631 
60.5174 1.02035e-05 3.82439e-06 5.97561e-06 -0.00335781 
72.7951 1.34955e-06 5.05824e-07 7.9035e-07 -0.00122117 
86.719 1.36091e-07 5.10082e-08 7.97003e-08 -0.000387789 
102.453 1.01853e-08 3.81756e-09 5.96495e-09 -0.000106089 
120.212 5.45977e-10 2.04638e-10 3.19746e-10 -2.45623e-05 
140.291 1.99703e-11 7.48511e-12 1.16955e-11 -4.69758e-06 
163.106 4.65315e-13 1.74402e-13 2.72505e-13 -7.17058e-07 
189.288 6.22613e-15 2.33384e-15 3.64645e-15 -8.2945e-08 
219.873 4.03545e-17 1.51115e-17 2.36225e-17 -6.6777e-09 
256.84 9.05846e-20 3.44837e-20 5.34654e-20 -3.16379e-10 
305.263 4.26555e-23 8.1252e-24 1.88382e-23 -6.86545e-12 
