0 0.127234 1.56689e-08 -0.0540795 -0.525908 
1.72673 0.122448 0.00380441 -0.0500071 -0.515922 
5 0.0907407 0.0289336 -0.0230682 -0.444129 
8.27327 0.0448452 0.0654089 0.0159795 -0.312224 
10 0.0231277 0.0824849 0.0343582 -0.22422 
10 0.0440528 0.0156112 0.0243924 -0.22422 
10.8753 0.0385958 0.0136773 0.0213708 -0.209874 
12.9396 0.0282547 0.0100127 0.0156449 -0.17957 
16.1993 0.0172665 0.00611879 0.00956061 -0.140375 
20.675 0.00878062 0.00311162 0.00486191 -0.100104 
26.3964 0.00369925 0.00131092 0.00204831 -0.0649748 
33.4028 0.00128345 0.000454822 0.000710659 -0.0382717 
41.7453 0.000363899 0.000128956 0.000201494 -0.0203788 
51.4886 8.3497e-05 2.95892e-05 4.62331e-05 -0.00976166 
62.7143 1.53139e-05 5.42685e-06 8.47945e-06 -0.00418053 
75.5259 2.21024e-06 7.83252e-07 1.22383e-06 -0.00158821 
90.0554 2.46082e-07 8.72052e-08 1.36258e-07 -0.000529942 
106.473 2.05976e-08 7.29924e-09 1.14051e-08 -0.000153319 
125.005 1.25274e-09 4.43937e-10 6.93652e-10 -3.7811e-05 
145.957 5.28543e-11 1.87302e-11 2.92659e-11 -7.76655e-06 
169.765 1.44844e-12 5.13284e-13 8.02012e-13 -1.2857e-06 
197.085 2.33471e-14 8.27425e-15 1.2928e-14 -1.63232e-07 
228.999 1.88064e-16 6.65995e-17 1.04097e-16 -1.46501e-08 
267.574 5.50529e-19 1.97151e-19 3.06441e-19 -7.92644e-10 
318.103 3.23002e-22 7.70676e-23 1.49634e-22 -1.91995e-11 
