0 0.196047 1.05192e-13 -0.000946663 -0.38788 
0.575577 0.194523 1.37294e-05 -0.000931954 -0.38637 
1.66667 0.183519 0.000112914 -0.000825683 -0.375283 
2.75776 0.163032 0.00029759 -0.000627821 -0.353715 
3.33333 0.149139 0.000422785 -0.000493668 -0.338309 
3.33333 0.149139 0.000422761 -0.00049368 -0.338309 
3.90891 0.133658 0.000562372 -0.000344135 -0.320269 
5 0.101694 0.000850436 -3.5468e-05 -0.279361 
6.09109 0.0693233 0.00114228 0.00027719 -0.230652 
6.66667 0.0533111 0.00128648 0.000431762 -0.202268 
6.66667 0.0533111 0.00128646 0.000431749 -0.202268 
7.24224 0.0386883 0.00141843 0.000573058 -0.172309 
8.33333 0.016356 0.00161963 0.000788678 -0.112036 
9.42442 0.00308212 0.00173938 0.000916929 -0.0486343 
10 0.00027498 0.00176449 0.000943933 -0.0145267 
10 0.000523772 0.000333514 0.000521116 -0.0145267 
10.0917 0.000413527 0.000263315 0.00041143 -0.0129077 
10.3079 0.000236834 0.000150805 0.000235633 -0.0097683 
10.6494 9.82221e-05 6.25434e-05 9.77241e-05 -0.00629074 
11.1182 2.93345e-05 1.86789e-05 2.91858e-05 -0.00343785 
11.7176 6.2587e-06 3.98526e-06 6.22697e-06 -0.00158796 
12.4515 9.43841e-07 6.00995e-07 9.39055e-07 -0.000616661 
13.3254 9.92314e-08 6.31861e-08 9.87282e-08 -0.00019995 
14.3461 7.14735e-09 4.55111e-09 7.11111e-09 -5.36624e-05 
15.522 3.44986e-10 2.19672e-10 3.43237e-10 -1.17896e-05 
16.8641 1.08516e-11 6.90979e-12 1.07965e-11 -2.09095e-06 
18.3861 2.14661e-13 1.36687e-13 2.13573e-13 -2.94086e-07 
20.1059 2.55028e-15 1.6239e-15 2.53734e-15 -3.20546e-08 
22.0471 1.71222e-17 1.09029e-17 1.70356e-17 -2.6265e-09 
24.2419 5.98113e-20 3.80725e-20 5.94982e-20 -1.55235e-10 
26.7359 9.62397e-23 6.17331e-23 9.61049e-23 -6.22694e-12 
29.5978 6.84879e-26 3.3691e-26 6.03914e-26 -1.66113e-13 
32.9409 1.07899e-28 1.83583e-28 1.971e-28 6.59336e-15 
36.9818 1.32624e-28 8.36675e-29 1.31341e-28 -7.30984e-15 
42.2749 8.02312e-29 5.09595e-29 7.97243e-29 5.6855e-15 
