0 0.118725 1.24967e-08 -0.0541587 -0.517835 
1.72673 0.114458 0.00363894 -0.0502631 -0.508446 
5 0.0860535 0.0278022 -0.024361 -0.440865 
8.27327 0.0442911 0.0634176 0.0137695 -0.316285 
10 0.0240014 0.0805579 0.0322073 -0.23283 
10 0.0457169 0.0152445 0.0238195 -0.23283 
10.9134 0.0402945 0.0134364 0.0209943 -0.218587 
13.0674 0.0299181 0.00997629 0.015588 -0.188351 
16.4689 0.0186955 0.0062341 0.00974078 -0.148891 
21.1392 0.00980315 0.0032689 0.00510765 -0.107816 
27.1094 0.004295 0.00143219 0.00223779 -0.0713646 
34.4206 0.00156336 0.00052131 0.000814546 -0.0430557 
43.1258 0.000469315 0.000156495 0.000244523 -0.0235903 
53.2928 0.000115112 3.83846e-05 5.99759e-05 -0.0116832 
65.0067 2.27987e-05 7.60232e-06 1.18786e-05 -0.00519943 
78.3755 3.59215e-06 1.19781e-06 1.87159e-06 -0.00206385 
93.5368 4.41765e-07 1.47308e-07 2.30169e-07 -0.000723763 
110.669 4.1375e-08 1.37966e-08 2.15572e-08 -0.000221498 
130.006 2.85678e-09 9.52602e-10 1.48844e-09 -5.82021e-05 
151.869 1.39119e-10 4.63899e-11 7.24841e-11 -1.28438e-05 
176.712 4.48735e-12 1.49631e-12 2.33799e-12 -2.30673e-06 
205.221 8.72067e-14 2.90812e-14 4.5438e-14 -3.2157e-07 
238.523 8.739e-16 2.91261e-16 4.55208e-16 -3.21908e-08 
278.775 3.33783e-18 1.1206e-18 1.74501e-18 -1.98945e-09 
331.502 2.54909e-21 6.81234e-22 1.19628e-21 -5.49786e-11 
