0 0.109878 9.68562e-09 -0.0535822 0.509364 
1.72673 0.106119 0.00342728 -0.0499129 0.500574 
5 0.0809609 0.0263074 -0.0253874 0.43723 
8.27327 0.043385 0.0605585 0.0112853 0.320068 
10 0.0246497 0.0774948 0.0294946 0.241256 
10 0.0469518 0.014663 0.0229109 0.241256 
10.9531 0.0416305 0.0130011 0.0203143 0.227174 
13.2008 0.0313479 0.0097899 0.0152967 0.197132 
16.7502 0.020029 0.00625503 0.00977349 0.157573 
21.6237 0.0108276 0.00338145 0.00528352 0.115856 
27.8535 0.00493245 0.0015404 0.00240687 0.0781958 
35.4826 0.00188319 0.000588118 0.000918934 0.0483169 
44.5664 0.000598395 0.000186878 0.000291996 0.0272362 
55.1755 0.000156848 4.89834e-05 7.65365e-05 0.0139441 
67.3988 3.35344e-05 1.04727e-05 1.63636e-05 0.00644759 
81.349 5.76565e-06 1.8006e-06 2.81344e-06 0.00267348 
97.1696 7.82861e-07 2.44486e-07 3.8201e-07 0.000985132 
115.046 8.20008e-08 2.56087e-08 4.00136e-08 0.000318831 
135.225 6.42391e-09 2.00617e-09 3.13465e-09 8.92384e-05 
158.039 3.60841e-10 1.1269e-10 1.76078e-10 2.115e-05 
183.962 1.36892e-11 4.27506e-12 6.67982e-12 4.11946e-06 
213.711 3.20474e-13 1.00088e-13 1.56384e-13 6.30302e-07 
248.461 3.99134e-15 1.24605e-15 1.9473e-15 7.03414e-08 
290.464 1.98543e-17 6.22714e-18 9.70908e-18 4.96112e-09 
345.483 2.03657e-20 5.63579e-21 9.37185e-21 1.58892e-10 
