0 0.100884 7.29559e-09 -0.0523674 -0.500562 
1.72673 0.097608 0.00317831 -0.0489644 -0.492368 
5 0.0755738 0.0245114 -0.0260983 -0.433245 
8.27327 0.0421399 0.0569466 0.00863282 -0.323515 
10 0.0250427 0.0734133 0.0263292 -0.249395 
10 0.0477003 0.0138891 0.0217017 -0.249395 
10.9945 0.0425437 0.0123876 0.0193556 -0.235529 
13.34 0.0324832 0.00945823 0.0147785 -0.205805 
17.0437 0.0212141 0.00617699 0.00965155 -0.166318 
22.1291 0.0118186 0.00344125 0.00537695 -0.124139 
28.6299 0.00559495 0.0016291 0.00254547 -0.0854132 
36.5907 0.00223914 0.000651977 0.00101871 -0.0540341 
46.0696 0.000752535 0.000219118 0.000342372 -0.031325 
57.1401 0.000210601 6.13215e-05 9.58148e-05 -0.0165713 
69.895 4.85559e-05 1.41382e-05 2.20909e-05 -0.00795698 
84.4518 9.09913e-06 2.64943e-06 4.13973e-06 -0.00344451 
100.96 1.36223e-06 3.96645e-07 6.19758e-07 -0.00133276 
119.615 1.59335e-07 4.6394e-08 7.24907e-08 -0.000455808 
140.67 1.4138e-08 4.11661e-09 6.43221e-09 -0.000135775 
164.477 9.14256e-10 2.66208e-10 4.15949e-10 -3.45272e-05 
191.528 4.07032e-11 1.18516e-11 1.85182e-11 -7.2852e-06 
222.57 1.14499e-12 3.33402e-13 5.20931e-13 -1.22188e-06 
258.831 1.76712e-14 5.14411e-15 8.03867e-15 -1.51796e-07 
302.661 1.1402e-16 3.32887e-17 5.1944e-17 -1.21932e-08 
360.073 1.59741e-19 4.35672e-20 7.03747e-20 -4.5639e-10 
