0 0.0919394 5.34469e-09 -0.0505743 -0.491513 
1.72673 0.0891154 0.00290332 -0.0474655 -0.483905 
5 0.0700205 0.0224963 -0.0264655 -0.42894 
8.27327 0.0405893 0.052749 0.00593093 -0.32658 
10 0.0251655 0.0685038 0.0228553 -0.25715 
10 0.0479343 0.0129588 0.0202481 -0.25715 
11.0378 0.0429991 0.0116246 0.0181634 -0.243553 
13.4853 0.0332793 0.00899687 0.0140576 -0.214265 
17.35 0.0222048 0.00600293 0.00937957 -0.17502 
22.6566 0.0127397 0.00344411 0.00538142 -0.13257 
29.44 0.00626213 0.00169293 0.00264521 -0.0929448 
37.7471 0.00262426 0.000709452 0.00110852 -0.0601682 
47.6382 0.000931676 0.000251873 0.000393552 -0.0358506 
59.1901 0.000277977 7.51495e-05 0.000117421 -0.0195825 
72.4997 6.89973e-05 1.8653e-05 2.91454e-05 -0.00975618 
87.6896 1.40656e-05 3.80256e-06 5.9415e-06 -0.00440497 
104.916 2.31676e-06 6.26323e-07 9.7863e-07 -0.00178774 
124.382 3.01859e-07 8.16057e-08 1.27509e-07 -0.000645306 
146.353 3.02536e-08 8.17888e-09 1.27795e-08 -0.000204292 
171.194 2.24523e-09 6.06985e-10 9.48414e-10 -5.56537e-05 
199.422 1.1689e-10 3.16003e-11 4.93757e-11 -1.26985e-05 
231.814 3.9349e-12 1.06381e-12 1.66217e-12 -2.32986e-06 
269.653 7.48989e-14 2.0245e-14 3.16355e-14 -3.21441e-07 
315.388 6.23064e-16 1.68722e-16 2.63409e-16 -2.93177e-08 
375.297 1.19826e-18 3.12691e-19 4.9737e-19 -1.2857e-09 
