0 0.0832324 3.81344e-09 -0.0482974 -0.482308 
1.72673 0.0808212 0.0026146 -0.0454976 -0.475271 
5 0.0644336 0.0203539 -0.0264852 -0.42436 
8.27327 0.0387831 0.0481638 0.00329729 -0.32923 
10 0.0250203 0.0630042 0.0192337 -0.264439 
10 0.0476578 0.0119172 0.0186206 -0.264439 
11.0829 0.0429902 0.01075 0.0167969 -0.251155 
13.6368 0.0337131 0.00843022 0.0131722 -0.222412 
17.6697 0.0229664 0.00574293 0.00897333 -0.183571 
23.207 0.0135581 0.0033903 0.00529734 -0.141045 
30.2855 0.00691191 0.00172837 0.00270059 -0.100706 
38.9538 0.00302885 0.000757385 0.00118341 -0.0666648 
49.275 0.00113404 0.000283576 0.000443087 -0.0407918 
61.3293 0.000360036 9.00296e-05 0.000140671 -0.0229843 
75.2177 9.5994e-05 2.4004e-05 3.75063e-05 -0.0118681 
91.0681 2.12342e-05 5.30978e-06 8.29653e-06 -0.00558182 
109.044 3.83689e-06 9.59443e-07 1.49913e-06 -0.00237273 
129.356 5.55072e-07 1.388e-07 2.16875e-07 -0.00090247 
152.283 6.26068e-08 1.56553e-08 2.44614e-08 -0.000303088 
178.204 5.31013e-09 1.32784e-09 2.07475e-09 -8.82695e-05 
207.659 3.21757e-10 8.04572e-11 1.25715e-10 -2.17281e-05 
241.46 1.28918e-11 3.22376e-12 5.03708e-12 -4.34926e-06 
280.944 3.00739e-13 7.51931e-14 1.17496e-13 -6.64282e-07 
328.668 3.2002e-15 8.01053e-16 1.251e-15 -6.85245e-08 
391.183 8.42302e-18 2.0665e-18 3.25995e-18 -3.51554e-09 
