0 0.0749219 2.655e-09 -0.0456526 -0.473042 
1.72673 0.0728806 0.00232396 -0.0431638 -0.466553 
5 0.0589373 0.0181745 -0.0261763 -0.419556 
8.27327 0.0367821 0.043395 0.000834702 -0.331446 
10 0.0246246 0.0571699 0.0156221 -0.271194 
10 0.0469039 0.0108126 0.0168947 -0.271194 
11.13 0.0425381 0.00980615 0.0153221 -0.258264 
13.795 0.0337838 0.00778806 0.0121688 -0.23016 
18.0032 0.0234796 0.00541267 0.00845729 -0.191876 
23.7814 0.014247 0.0032843 0.00513172 -0.149464 
31.1676 0.00752265 0.00173417 0.00270964 -0.108608 
40.2129 0.0034413 0.00079331 0.00123955 -0.0734575 
50.983 0.00135615 0.000312628 0.000488482 -0.0461136 
63.5615 0.000457077 0.000105368 0.000164638 -0.0267713 
78.0539 0.000130558 3.00972e-05 4.70268e-05 -0.0143079 
94.5936 3.12422e-05 7.20214e-06 1.12533e-05 -0.00699915 
113.351 6.17171e-06 1.42274e-06 2.22303e-06 -0.00311084 
134.546 9.87482e-07 2.27641e-07 3.55689e-07 -0.00124434 
158.47 1.24793e-07 2.8768e-08 4.49499e-08 -0.000442353 
185.519 1.20368e-08 2.77479e-09 4.33561e-09 -0.000137382 
216.255 8.44075e-10 1.94581e-10 3.04033e-10 -3.63802e-05 
251.526 3.99925e-11 9.21948e-12 1.44053e-11 -7.91889e-06 
292.727 1.13475e-12 2.61568e-13 4.08717e-13 -1.3339e-06 
342.527 1.53031e-14 3.52992e-15 5.51382e-15 -1.54905e-07 
407.76 5.4672e-17 1.24792e-17 1.95957e-17 -9.25886e-09 
