0 0.0671284 1.80777e-09 -0.0427624 -0.463805 
1.72673 0.0654129 0.00204159 -0.0405759 -0.45784 
5 0.0536368 0.0160378 -0.0255762 -0.414585 
8.27327 0.0346506 0.0386304 -0.0013784 -0.333225 
10 0.0240079 0.051244 0.0121586 -0.27737 
10 0.0457294 0.00969098 0.0151422 -0.27737 
11.1791 0.0416865 0.00883421 0.0138035 -0.264825 
13.96 0.0335111 0.00710168 0.0110964 -0.237441 
18.3513 0.02374 0.00503099 0.00786092 -0.199849 
24.3807 0.0147885 0.00313398 0.00489684 -0.157733 
32.0882 0.00807528 0.00171131 0.00267393 -0.116558 
41.5268 0.00384921 0.000815725 0.00127457 -0.0804724 
52.7653 0.00159303 0.000337596 0.000527494 -0.0517695 
65.8908 0.000568521 0.000120481 0.000188252 -0.0309268 
81.0134 0.000173453 3.67581e-05 5.74346e-05 -0.0170825 
98.2724 4.47486e-05 9.48312e-06 1.48174e-05 -0.00867663 
117.846 9.62686e-06 2.04013e-06 3.1877e-06 -0.00402442 
139.963 1.69615e-06 3.59448e-07 5.61638e-07 -0.00168925 
164.927 2.38983e-07 5.06454e-08 7.91334e-08 -0.000634082 
193.152 2.60678e-08 5.52429e-09 8.6317e-09 -0.000209418 
225.225 2.10219e-09 4.45495e-10 6.96086e-10 -5.94699e-05 
262.029 1.16929e-10 2.47798e-11 3.87182e-11 -1.40256e-05 
305.022 4.00126e-12 8.47911e-13 1.32489e-12 -2.59454e-06 
356.987 6.76829e-14 1.43477e-14 2.24149e-14 -3.37443e-07 
425.057 3.24468e-16 6.84713e-17 1.07213e-16 -2.3364e-08 
