0 0.0599308 1.20672e-09 -0.0397433 0.45468 
1.72673 0.0584977 0.00177533 -0.0378419 0.449211 
5 0.0486126 0.0140067 -0.024734 0.409501 
8.27327 0.0324508 0.0340254 -0.00329202 0.334575 
10 0.0232077 0.0454351 0.00894995 0.282942 
10 0.0442052 0.00859176 0.0134246 0.282942 
11.2304 0.0404946 0.00787055 0.0122977 0.270806 
14.1322 0.0329305 0.00640039 0.0100006 0.244208 
18.7144 0.0237573 0.00461749 0.00721483 0.207424 
25.0061 0.0151739 0.00294921 0.00460814 0.165771 
33.0487 0.00855482 0.00166272 0.002598 0.12447 
42.8978 0.00424054 0.000824194 0.0012878 0.0876336 
54.6251 0.00183871 0.000357372 0.000558394 0.0577054 
68.3213 0.000692898 0.000134672 0.000210425 0.0354238 
84.1016 0.000225079 4.37466e-05 6.83541e-05 0.0201896 
102.111 6.23754e-05 1.21233e-05 1.89427e-05 0.0106284 
122.536 1.45534e-05 2.82861e-06 4.4197e-06 0.00513384 
145.614 2.81042e-06 5.46235e-07 8.53493e-07 0.00225604 
171.664 4.39167e-07 8.53567e-08 1.3337e-07 0.000891815 
201.117 5.38508e-08 1.04665e-08 1.63539e-08 0.000312289 
234.584 4.96037e-09 9.64099e-10 1.50641e-09 9.47801e-05 
272.989 3.21395e-10 6.24668e-11 9.76042e-11 2.41257e-05 
317.852 1.31441e-11 2.55467e-12 3.99169e-12 4.87894e-06 
372.077 2.75821e-13 5.36103e-14 8.37648e-14 7.06763e-07 
443.107 1.75071e-15 3.40283e-16 5.31682e-16 5.63077e-08 
