0 0.0533682 7.91636e-10 -0.0366968 0.445739 
1.72673 0.0521766 0.00153044 -0.0350576 0.440735 
5 0.0439194 0.012125 -0.0237042 0.404359 
8.27327 0.0302378 0.0296953 -0.00488378 0.335517 
10 0.0222646 0.0399049 0.00606816 0.287903 
10 0.0424087 0.00754546 0.0117898 0.287903 
11.2839 0.0390292 0.00694418 0.0108503 0.276194 
14.3119 0.0320875 0.00570908 0.00892044 0.25043 
19.0934 0.023552 0.00419043 0.00654754 0.214552 
25.6587 0.0154033 0.0027406 0.00428218 0.173511 
34.0511 0.00895113 0.00159261 0.00248845 0.132269 
44.3285 0.0046046 0.000819262 0.0012801 0.094867 
56.5657 0.00208669 0.000371269 0.000580108 0.0638628 
70.8576 0.00082796 0.000147313 0.000230176 0.0402275 
87.3241 0.000285415 5.07818e-05 7.93466e-05 0.0236188 
106.117 8.4645e-05 1.50602e-05 2.35316e-05 0.0128623 
127.429 2.13279e-05 3.79471e-06 5.92924e-06 0.00645643 
151.512 4.49252e-06 7.99319e-07 1.24894e-06 0.00296322 
178.695 7.74356e-07 1.37775e-07 2.15274e-07 0.00123024 
209.428 1.06087e-07 1.88752e-08 2.94925e-08 0.000455354 
244.351 1.10842e-08 1.97213e-09 3.08144e-09 0.000147187 
284.426 8.29895e-10 1.47656e-10 2.30713e-10 4.02745e-05 
331.24 4.0185e-11 7.1501e-12 1.11718e-11 8.86239e-06 
387.823 1.03431e-12 1.83974e-13 2.87501e-13 1.42182e-06 
461.942 8.56806e-15 1.53078e-15 2.3869e-15 1.29408e-07 
