0 0.0474464 5.11599e-10 -0.033704 -0.43704 
1.72673 0.0464592 0.00130982 -0.032301 -0.432469 
5 0.0395878 0.0104184 -0.0225402 -0.399208 
8.27327 0.028057 0.0257152 -0.00615453 -0.336077 
10 0.0212182 0.034765 0.00355152 -0.292263 
10 0.0404157 0.00657316 0.0102706 -0.292263 
11.3398 0.0373582 0.00607589 0.00949357 -0.28099 
14.4995 0.0310321 0.00504703 0.00788599 -0.256097 
19.4889 0.0231515 0.00376533 0.00588333 -0.221202 
26.3396 0.0154839 0.00251829 0.00393482 -0.1809 
35.097 0.00925898 0.00150587 0.00235292 -0.139888 
45.8214 0.00493271 0.00080225 0.00125351 -0.102104 
58.5907 0.00233055 0.000379039 0.000592248 -0.0701824 
73.5042 0.000970865 0.0001579 0.000246719 -0.0452979 
90.6868 0.000353992 5.75728e-05 8.99575e-05 -0.0273524 
110.297 0.000111925 1.82033e-05 2.84426e-05 -0.0153802 
132.536 3.03256e-05 4.93212e-06 7.70643e-06 -0.00800577 
157.666 6.93405e-06 1.12774e-06 1.7621e-06 -0.00382818 
186.031 1.31118e-06 2.13249e-07 3.33201e-07 -0.00166468 
218.101 1.99462e-07 3.24401e-08 5.06877e-08 -0.000649274 
254.543 2.34735e-08 3.81774e-09 5.96519e-09 -0.000222735 
296.36 2.01465e-09 3.27653e-10 5.11964e-10 -6.52528e-05 
345.21 1.14422e-10 1.86116e-11 2.9079e-11 -1.55508e-05 
404.254 3.57149e-12 5.80453e-13 9.07277e-13 -2.74741e-06 
481.596 3.8046e-14 6.24304e-15 9.71156e-15 -2.83565e-07 
