0 0.195909 1.13119e-13 -0.00102871 -0.387688 
0.575577 0.19439 1.48881e-05 -0.00101276 -0.386182 
1.66667 0.183416 0.000122447 -0.000897511 -0.375123 
2.75776 0.162983 0.000322743 -0.000682915 -0.353611 
3.33333 0.149124 0.000458547 -0.000537394 -0.338243 
3.33333 0.149124 0.000458521 -0.000537407 -0.338243 
3.90891 0.133679 0.000609984 -0.000375166 -0.320249 
5 0.101781 0.000922595 -4.01972e-05 -0.279439 
6.09109 0.0694584 0.00123948 0.000299283 -0.230843 
6.66667 0.0534609 0.00139614 0.000467214 -0.202522 
6.66667 0.0534609 0.00139612 0.0004672 -0.202522 
7.24224 0.0388431 0.00153958 0.00062081 -0.172628 
8.33333 0.0164902 0.00175857 0.000855499 -0.112478 
9.42442 0.00315436 0.0018894 0.000995614 -0.0491939 
10 0.000298908 0.00191717 0.00102549 -0.0151434 
10 0.000569348 0.000362374 0.000566209 -0.0151434 
10.0957 0.000449575 0.000286142 0.000447096 -0.0134566 
10.3213 0.000257567 0.000163934 0.000256147 -0.0101854 
10.6776 0.000106879 6.80252e-05 0.000106289 -0.00656115 
11.1669 3.19435e-05 2.03311e-05 3.17673e-05 -0.00358695 
11.7923 6.8218e-06 4.34188e-06 6.78418e-06 -0.00165762 
12.5581 1.02995e-06 6.55535e-07 1.02427e-06 -0.000644085 
13.47 1.08434e-07 6.90153e-08 1.07836e-07 -0.000208986 
14.5351 7.82282e-09 4.979e-09 7.77969e-09 -5.61328e-05 
15.7621 3.78292e-10 2.40772e-10 3.76206e-10 -1.23438e-05 
17.1626 1.19244e-11 7.58957e-12 1.18587e-11 -2.19156e-06 
18.7508 2.36453e-13 1.50495e-13 2.35149e-13 -3.08608e-07 
20.5454 2.81681e-15 1.79282e-15 2.80128e-15 -3.36832e-08 
22.571 1.89698e-17 1.2074e-17 1.88654e-17 -2.76418e-09 
24.8613 6.64953e-20 4.23085e-20 6.61179e-20 -1.63655e-10 
27.4637 1.07422e-22 6.88689e-23 1.07219e-22 -6.5778e-12 
30.4501 7.66677e-26 3.7835e-26 6.76811e-26 -1.75728e-13 
33.9386 1.16753e-28 2.01215e-28 2.15254e-28 6.85754e-15 
38.1551 1.44927e-28 9.11595e-29 1.43283e-28 -7.64029e-15 
43.6784 8.7717e-29 5.5562e-29 8.70246e-29 5.94397e-15 
