0 0.0421462 3.2642e-10 -0.0308252 -0.428626 
1.72673 0.0413304 0.0011144 -0.0296315 -0.424457 
5 0.0356279 0.0088975 -0.0212913 -0.394089 
8.27327 0.0259435 0.0221243 -0.0071224 -0.33629 
10 0.0201054 0.0300812 0.00141012 -0.296044 
10 0.038296 0.00568727 0.00888636 -0.296044 
11.398 0.035545 0.00527872 0.008248 -0.285212 
14.6951 0.0298144 0.00442768 0.00691825 -0.261211 
19.9015 0.022587 0.00335436 0.00524119 -0.227357 
27.0502 0.0154281 0.00229121 0.00358001 -0.187904 
36.1884 0.00947753 0.00140749 0.00219921 -0.147274 
47.3792 0.00521849 0.000774989 0.00121092 -0.109283 
60.7039 0.00256436 0.000380828 0.000595044 -0.076607 
76.2658 0.00111841 0.000166094 0.000259521 -0.0505918 
94.1957 0.000429924 6.38474e-05 9.97615e-05 -0.0313671 
114.659 0.000144385 2.14424e-05 3.35038e-05 -0.0181778 
137.865 4.18908e-05 6.22113e-06 9.72052e-06 -0.00979125 
164.088 1.03483e-05 1.53681e-06 2.40126e-06 -0.00486646 
193.686 2.1352e-06 3.17096e-07 4.95462e-07 -0.00221054 
227.151 3.58494e-07 5.3239e-08 8.31862e-08 -0.000905774 
265.177 4.7194e-08 7.00881e-09 1.09512e-08 -0.000328641 
308.814 4.60656e-09 6.84075e-10 1.0689e-09 -0.000102676 
359.788 3.04051e-10 4.51643e-11 7.05612e-11 -2.63786e-05 
421.399 1.13812e-11 1.68803e-12 2.63924e-12 -5.10356e-06 
502.105 1.53628e-13 2.31568e-14 3.59155e-14 -5.92945e-07 
