0 0.0374314 2.0603e-10 -0.0281012 -0.42053 
1.72673 0.0367583 0.000943664 -0.0270904 -0.416732 
5 0.032035 0.00756123 -0.0199993 -0.389037 
8.27327 0.0239226 0.0189336 -0.00781662 -0.336188 
10 0.0189576 0.0258813 -0.000367269 -0.299275 
10 0.0361098 0.00489298 0.00764528 -0.299275 
11.4588 0.033646 0.00455913 0.00712364 -0.288885 
14.8993 0.0284807 0.00385923 0.00603004 -0.265787 
20.3321 0.0218904 0.00296622 0.00463472 -0.233016 
27.7917 0.0152517 0.00206665 0.00322913 -0.194499 
37.3273 0.00960956 0.00130212 0.00203457 -0.154387 
49.0047 0.00545795 0.000739568 0.00115558 -0.116352 
62.9089 0.00278297 0.000377101 0.000589221 -0.0830832 
79.1476 0.00126728 0.00017172 0.000268313 -0.0560654 
97.8572 0.000511982 6.93751e-05 0.000108399 -0.0356357 
119.21 0.000181982 2.4659e-05 3.85298e-05 -0.0212458 
143.426 5.63078e-05 7.62989e-06 1.19217e-05 -0.011818 
170.789 1.49588e-05 2.02696e-06 3.16713e-06 -0.00609126 
201.674 3.35051e-06 4.54007e-07 7.09384e-07 -0.0028828 
236.594 6.17238e-07 8.36365e-08 1.30683e-07 -0.00123733 
276.274 9.02921e-08 1.22353e-08 1.91173e-08 -0.000473242 
321.808 9.94692e-09 1.3477e-09 2.10589e-09 -0.000157074 
374.999 7.56203e-10 1.02509e-10 1.60138e-10 -4.33089e-05 
439.29 3.35815e-11 4.54085e-12 7.10253e-12 -9.12659e-06 
523.505 5.66156e-13 7.84615e-14 1.21232e-13 -1.18502e-06 
