0 0.0332557 1.2887e-10 -0.0255566 0.41277 
1.72673 0.0327009 0.000796124 -0.0247037 0.409313 
5 0.0287932 0.0064005 -0.0186984 0.384079 
8.27327 0.0220106 0.016133 -0.0082722 0.335808 
10 0.0178011 0.0221642 -0.00180626 0.301995 
10 0.0339069 0.00419007 0.00654699 0.301995 
11.5223 0.0317087 0.00391843 0.00612255 0.292041 
15.1124 0.0270724 0.0033455 0.00522735 0.269848 
20.7814 0.0210922 0.00260649 0.00407264 0.238186 
28.5654 0.0149718 0.00185015 0.00289086 0.200674 
38.5157 0.00966052 0.00119381 0.00186533 0.161196 
50.7009 0.00564923 0.000698109 0.0010908 0.123268 
65.2097 0.00298227 0.000368537 0.000575839 0.089563 
82.1547 0.00141423 0.000174765 0.00027307 0.0616758 
101.678 0.000598673 7.39817e-05 0.000115596 0.0401282 
123.959 0.000224449 2.77365e-05 4.33383e-05 0.0245705 
149.228 7.37766e-05 9.11705e-06 1.42454e-05 0.0140869 
177.781 2.09855e-05 2.59329e-06 4.05203e-06 0.00751303 
210.01 5.07722e-06 6.2743e-07 9.80353e-07 0.00369546 
246.448 1.02055e-06 1.26113e-07 1.97053e-07 0.00165681 
287.854 1.64839e-07 2.03714e-08 3.18294e-08 0.000665864 
335.368 2.0346e-08 2.51381e-09 3.92819e-09 0.000233935 
390.872 1.76645e-09 2.18437e-10 3.41194e-10 6.89297e-05 
457.959 9.21103e-11 1.13463e-11 1.7757e-11 1.57402e-05 
545.837 1.91269e-12 2.44083e-13 3.75348e-13 2.26818e-06 
