0 0.0295682 8.00016e-11 -0.0232028 -0.405356 
1.72673 0.0291111 0.000669738 -0.0224853 -0.402211 
5 0.0258803 0.0054014 -0.0174152 -0.379236 
8.27327 0.020217 0.0136991 -0.00852585 -0.335184 
10 0.0166565 0.0189091 -0.00294084 -0.304241 
10 0.0317268 0.00357458 0.00558528 -0.304241 
11.5885 0.0297716 0.0033543 0.0052411 -0.294717 
15.3347 0.0256245 0.00288705 0.00451102 -0.273421 
21.2503 0.0202201 0.00227815 0.00355961 -0.242882 
29.3728 0.014606 0.00164563 0.0025713 -0.206429 
39.7558 0.00963765 0.00108585 0.00169664 -0.167683 
52.4709 0.00579233 0.000652609 0.0010197 -0.129996 
67.6107 0.00315916 0.000355936 0.00055615 -0.0960042 
85.2925 0.00155627 0.000175341 0.00027397 -0.0673824 
105.665 0.000688351 7.75552e-05 0.00012118 -0.0448135 
128.915 0.000271322 3.05692e-05 4.77644e-05 -0.028135 
155.283 9.43952e-05 1.06354e-05 1.66177e-05 -0.0165951 
185.077 2.86299e-05 3.22563e-06 5.04008e-06 -0.00913933 
218.708 7.44703e-06 8.39059e-07 1.31102e-06 -0.00466118 
256.731 1.62464e-06 1.83037e-07 2.86001e-07 -0.00217712 
299.937 2.88003e-07 3.24522e-08 5.07038e-08 -0.000916649 
349.518 3.95542e-08 4.45513e-09 6.9622e-09 -0.000339704 
407.435 3.8903e-09 4.38771e-10 6.85221e-10 -0.000106536 
477.44 2.35884e-10 2.64542e-11 4.14302e-11 -2.62333e-05 
569.139 5.95308e-12 7.0094e-13 1.07161e-12 -4.1675e-06 
