0 0.0263176 4.93549e-11 -0.0210419 -0.398291 
1.72673 0.025941 0.000562211 -0.0204396 -0.395431 
5 0.0232703 0.00454759 -0.0161692 -0.374522 
8.27327 0.0185455 0.0116006 -0.00861319 -0.334346 
10 0.0155397 0.0160828 -0.00380872 -0.306054 
10 0.0295993 0.00304019 0.00475031 -0.306054 
11.6576 0.0278647 0.00286204 0.00447193 -0.29695 
15.5667 0.0241656 0.00248209 0.00387827 -0.276538 
21.7395 0.0192984 0.00198218 0.00309716 -0.247125 
30.2152 0.0141712 0.00145555 0.0022743 -0.211768 
41.0498 0.00954921 0.000980818 0.00153253 -0.173836 
54.3179 0.00588871 0.000604839 0.000945061 -0.136511 
70.1161 0.0033116 0.000340142 0.000531471 -0.102371 
88.5668 0.00169077 0.000173661 0.000271346 -0.0731473 
109.825 0.000779303 8.0044e-05 0.000125068 -0.0496603 
134.086 0.000321964 3.30692e-05 5.16709e-05 -0.0319198 
161.601 0.00011815 1.21356e-05 1.89617e-05 -0.0193363 
192.691 3.80609e-05 3.90922e-06 6.10822e-06 -0.0109748 
227.784 1.05971e-05 1.08849e-06 1.70073e-06 -0.00579094 
267.461 2.49668e-06 2.56419e-07 4.0067e-07 -0.00281085 
312.546 4.83012e-07 4.962e-08 7.75243e-08 -0.00123633 
364.283 7.33349e-08 7.52874e-09 1.17665e-08 -0.000481739 
424.719 8.10903e-09 8.3421e-10 1.30242e-09 -0.000160192 
497.768 5.66513e-10 5.78162e-11 9.0628e-11 -4.2341e-05 
593.455 1.71576e-11 1.86848e-12 2.83654e-12 -7.3686e-06 
