0 0.0234543 3.02916e-11 -0.0190693 0.391568 
1.72673 0.0231439 0.000471213 -0.0185645 0.388968 
5 0.0209358 0.00382202 -0.0149741 0.369947 
8.27327 0.0169959 0.00980251 -0.00856696 0.333324 
10 0.0144619 0.0136455 -0.00444794 0.307473 
10 0.0275464 0.00257938 0.0040303 0.307473 
11.7296 0.0260104 0.00243559 0.0038056 0.298778 
15.8088 0.0227187 0.00212734 0.00332397 0.279233 
22.2501 0.018348 0.00171809 0.00268451 0.25094 
31.0944 0.0136829 0.00128124 0.00200194 0.216702 
42.4001 0.00940387 0.000880567 0.00137588 0.17965 
56.2452 0.00594091 0.000556295 0.000869213 0.142791 
72.7304 0.00343848 0.000321975 0.000503085 0.108632 
91.9835 0.00181553 0.000170002 0.00026563 0.0789363 
114.166 0.000869839 8.1451e-05 0.000127267 0.0546379 
139.483 0.000375602 3.51703e-05 5.49539e-05 0.0359036 
168.194 0.000144916 1.357e-05 2.12029e-05 0.0223014 
200.636 4.94025e-05 4.6258e-06 7.22795e-06 0.0130211 
237.255 1.46626e-05 1.37307e-06 2.14535e-06 0.00709381 
278.657 3.71336e-06 3.47669e-07 5.43267e-07 0.00356992 
325.703 7.79862e-07 7.30462e-08 1.14118e-07 0.001636 
379.69 1.30104e-07 1.21738e-08 1.90286e-08 0.000668221 
442.754 1.60595e-08 1.50724e-09 2.35236e-09 0.000234769 
518.98 1.28164e-09 1.18986e-10 1.86716e-10 6.63221e-05 
618.828 4.6027e-11 4.64849e-12 6.99874e-12 1.25684e-05 
