0 0.0209323 1.85127e-11 -0.0172761 -0.385178 
1.72673 0.0206763 0.000394513 -0.0168534 -0.382816 
5 0.0188498 0.00320811 -0.0138387 -0.365516 
8.27327 0.015565 0.00826947 -0.00841621 -0.332145 
10 0.013431 0.0115551 -0.00489478 -0.308537 
10 0.0255829 0.00218416 0.00341279 -0.308537 
11.8049 0.024225 0.00206829 0.00323169 -0.300238 
16.0614 0.0213013 0.00181864 0.00284164 -0.281537 
22.7828 0.017386 0.00148439 0.00231935 -0.254351 
32.0117 0.013155 0.00112313 0.0017549 -0.221247 
43.8091 0.00921027 0.000786357 0.00122868 -0.185127 
58.2563 0.00595225 0.000508186 0.000794043 -0.148824 
75.4584 0.00353947 0.000302195 0.000472177 -0.114763 
95.5488 0.00192882 0.000164676 0.000257308 -0.0847186 
118.696 0.000958361 8.18239e-05 0.000127849 -0.0597169 
145.114 0.000431373 3.68287e-05 5.75456e-05 -0.0400645 
175.073 0.000174459 1.48955e-05 2.32737e-05 -0.0254789 
208.926 6.27247e-05 5.35497e-06 8.36739e-06 -0.0152775 
247.138 1.97691e-05 1.68802e-06 2.63738e-06 -0.00857681 
290.341 5.35844e-06 4.57397e-07 7.14756e-07 -0.00446531 
339.432 1.21563e-06 1.03834e-07 1.62204e-07 -0.00212684 
395.767 2.21583e-07 1.8898e-08 2.95439e-08 -0.000908032 
461.574 3.03306e-08 2.59795e-09 4.05274e-09 -0.000335949 
541.114 2.74302e-09 2.31593e-10 3.63895e-10 -0.000101029 
645.305 1.15494e-10 1.08493e-11 1.61797e-11 -2.07307e-05 
