0 0.0187096 1.12746e-11 -0.0156509 -0.37911 
1.72673 0.0184983 0.000330062 -0.0152973 -0.376963 
5 0.0169866 0.0026904 -0.0127682 -0.361232 
8.27327 0.0142478 0.00696747 -0.00818594 -0.330832 
10 0.0124521 0.00977004 -0.00518241 -0.309282 
10 0.0237183 0.00184668 0.00288548 -0.309282 
11.8833 0.0225194 0.00175342 0.0027397 -0.301364 
16.325 0.0199265 0.00155149 0.00242422 -0.283484 
23.3387 0.0164264 0.001279 0.00199843 -0.257385 
32.9689 0.0125996 0.000981015 0.00153284 -0.225419 
45.2794 0.00897666 0.000698946 0.0010921 -0.19027 
60.3549 0.00592653 0.000461443 0.00072101 -0.154601 
78.305 0.00361495 0.000281471 0.000439795 -0.120744 
99.2691 0.00202935 0.000158005 0.000246885 -0.0904671 
123.423 0.00104341 8.12442e-05 0.000126942 -0.0648696 
150.989 0.000488363 3.80233e-05 5.94126e-05 -0.0443797 
182.252 0.000206453 1.60758e-05 2.51176e-05 -0.0288552 
217.577 7.80375e-05 6.07554e-06 9.49349e-06 -0.0177404 
257.451 2.60247e-05 2.02667e-06 3.16641e-06 -0.0102449 
302.532 7.51934e-06 5.85284e-07 9.14651e-07 -0.00550684 
353.759 1.83427e-06 1.42914e-07 2.23229e-07 -0.00271985 
412.543 3.63391e-07 2.82511e-08 4.4176e-08 -0.0012106 
481.212 5.48206e-08 4.28744e-09 6.68427e-09 -0.000470202 
564.211 5.57639e-09 4.28096e-10 6.73659e-10 -0.000149965 
672.933 2.72366e-10 2.38716e-11 3.52176e-11 -3.31428e-05 
