0 0.0167488 6.84687e-12 -0.014181 -0.373348 
1.72673 0.0165742 0.000276024 -0.0138853 -0.371397 
5 0.015322 0.00225489 -0.011765 -0.357092 
8.27327 0.0130381 0.00586501 -0.00789721 -0.329404 
10 0.0115278 0.00825089 -0.00534035 -0.309739 
10 0.0219578 0.00155946 0.00243674 -0.309739 
11.9652 0.0209003 0.0014845 0.0023195 -0.302189 
16.6 0.0186037 0.00132131 0.00206458 -0.285103 
23.9188 0.0154801 0.00109951 0.00171796 -0.260069 
33.9678 0.0120272 0.000854227 0.00133474 -0.229237 
46.8136 0.00871073 0.000618699 0.000966707 -0.195088 
62.5447 0.00586776 0.000416752 0.000651183 -0.160117 
81.2755 0.00366583 0.000260375 0.000406831 -0.126558 
103.151 0.00211626 0.000150303 0.000234853 -0.0961582 
128.356 0.00112372 7.9817e-05 0.000124711 -0.0700699 
157.121 0.000545648 3.87525e-05 6.05528e-05 -0.0488268 
189.743 0.000240491 1.70827e-05 2.66904e-05 -0.0324154 
226.604 9.52889e-05 6.76692e-06 1.05741e-05 -0.0204044 
268.212 3.35135e-05 2.38094e-06 3.71974e-06 -0.0121008 
315.254 1.02832e-05 7.30026e-07 1.14093e-06 -0.00670294 
368.708 2.68583e-06 1.90946e-07 2.98211e-07 -0.00342564 
430.049 5.75495e-07 4.07887e-08 6.37998e-08 -0.00158571 
501.704 9.51361e-08 6.7976e-09 1.05896e-08 -0.000644726 
588.312 1.0809e-08 7.54436e-10 1.18918e-09 -0.000217318 
701.762 6.06337e-10 4.97412e-11 7.25053e-11 -5.14706e-05 
