0 0.0150167 4.14826e-12 -0.0128534 -0.367877 
1.72673 0.0148723 0.000230788 -0.0126061 -0.366103 
5 0.0138342 0.00188921 -0.0108292 -0.353096 
8.27327 0.0119289 0.00493366 -0.0075674 -0.327881 
10 0.0106592 0.00696156 -0.00539426 -0.30994 
10 0.0203033 0.00131569 0.00205588 -0.30994 
12.0507 0.0193713 0.0012555 0.00196167 -0.302743 
16.8871 0.0173393 0.0011237 0.00175581 -0.286424 
24.5241 0.0145556 0.00094337 0.00147399 -0.262428 
35.0101 0.0114467 0.000741824 0.00115912 -0.23272 
48.4145 0.00841949 0.000545679 0.000852608 -0.199589 
64.8297 0.00578003 0.000374583 0.000585298 -0.165371 
84.3751 0.00369339 0.000239376 0.000374017 -0.132193 
107.202 0.00218908 0.000141864 0.000221669 -0.101771 
133.503 0.00119821 7.76608e-05 0.00012134 -0.0752941 
163.519 0.000602323 3.90319e-05 6.09906e-05 -0.0533838 
197.559 0.000276106 1.78969e-05 2.79617e-05 -0.0361437 
236.024 0.000114366 7.4102e-06 1.15798e-05 -0.0232618 
279.441 4.22895e-05 2.7418e-06 4.28324e-06 -0.0141453 
328.528 1.37322e-05 8.89366e-07 1.39011e-06 -0.00806055 
384.307 3.8251e-06 2.48237e-07 3.87608e-07 -0.00425418 
448.316 8.82442e-07 5.70274e-08 8.92326e-08 -0.00204333 
523.087 1.59004e-07 1.03863e-08 1.6165e-08 -0.000867358 
613.462 2.00471e-08 1.27213e-09 2.00888e-09 -0.000307979 
731.845 1.27948e-09 9.85638e-11 1.41786e-10 -7.78058e-05 
