0 0.195768 1.2158e-13 -0.00111781 -0.387487 
0.575577 0.194253 1.61423e-05 -0.00110052 -0.385986 
1.66667 0.183311 0.000132768 -0.000975557 -0.374956 
2.75776 0.162933 0.000349975 -0.000742842 -0.353502 
3.33333 0.14911 0.000497269 -0.000585009 -0.338174 
3.33333 0.14911 0.000497242 -0.000585023 -0.338174 
3.90891 0.133703 0.000661544 -0.000409028 -0.320226 
5 0.101871 0.00100076 -4.5555e-05 -0.27952 
6.09109 0.0696 0.00134479 0.000323017 -0.231042 
6.66667 0.0536177 0.00151499 0.000505452 -0.202788 
6.66667 0.0536177 0.00151496 0.000505437 -0.202788 
7.24224 0.0390052 0.00167091 0.000672413 -0.172961 
8.33333 0.0166308 0.00190926 0.00092786 -0.112939 
9.42442 0.00323058 0.00205222 0.00108096 -0.0497768 
10 0.000324912 0.00208295 0.00111401 -0.0157859 
10 0.000618881 0.000393709 0.00061517 -0.0157859 
10.0998 0.000488765 0.000310934 0.000485834 -0.0140287 
10.3353 0.000280123 0.000178204 0.000278444 -0.0106204 
10.7071 0.000116306 7.39898e-05 0.000115609 -0.00684335 
11.2176 3.47892e-05 2.21316e-05 3.45806e-05 -0.00374273 
11.8702 7.43717e-06 4.73125e-06 7.39258e-06 -0.0017305 
12.6694 1.12428e-06 7.15222e-07 1.11754e-06 -0.000672826 
13.6209 1.18542e-07 7.54123e-08 1.17832e-07 -0.000218476 
14.7323 8.56704e-09 5.45004e-09 8.51568e-09 -5.8733e-05 
16.0127 4.15117e-10 2.64082e-10 4.12628e-10 -1.29286e-05 
17.4741 1.31154e-11 8.34355e-12 1.30368e-11 -2.29804e-06 
19.1313 2.60749e-13 1.65879e-13 2.59186e-13 -3.24025e-07 
21.004 3.11543e-15 1.98192e-15 3.09675e-15 -3.54181e-08 
23.1177 2.10508e-17 1.3392e-17 2.09249e-17 -2.9114e-09 
25.5075 7.40684e-20 4.71042e-20 7.36123e-20 -1.72696e-10 
28.2231 1.20174e-22 7.70026e-23 1.19885e-22 -6.9562e-12 
31.3394 8.60483e-26 4.2563e-26 7.60185e-26 -1.86139e-13 
34.9796 1.26252e-28 2.22915e-28 2.369e-28 7.12994e-15 
39.3795 1.58549e-28 1.00374e-28 1.57217e-28 -7.99004e-15 
45.143 9.59518e-29 6.11311e-29 9.54469e-29 6.21575e-15 
