0 0.0134843 2.50847e-12 -0.0116552 0.362678 
1.72673 0.0133647 0.000192961 -0.0114484 0.361066 
5 0.0125034 0.00158256 -0.00995953 0.349237 
8.27327 0.0109133 0.00414827 -0.00721067 0.326276 
10 0.00984613 0.0058696 -0.0053661 0.309913 
10 0.0187545 0.00110922 0.00173332 0.309913 
12.1399 0.0179336 0.00106095 0.00165767 0.303054 
17.1866 0.0161371 0.000954534 0.00149151 0.287474 
25.1557 0.0136595 0.000808076 0.00126258 0.264487 
36.0978 0.0108652 0.000642699 0.00100424 0.235888 
50.0851 0.00810922 0.000479731 0.000749558 0.203787 
67.2142 0.00566736 0.000335233 0.000523818 0.170364 
87.6095 0.00369924 0.000218846 0.000341934 0.137639 
111.429 0.00224769 0.00013295 0.000207745 0.107289 
138.874 0.00126601 7.49002e-05 0.000117025 0.0805202 
170.195 0.000657535 3.88904e-05 6.07712e-05 0.0580291 
205.716 0.000312789 1.85074e-05 2.89145e-05 0.0400232 
245.853 0.000135098 7.98901e-06 1.2485e-05 0.0263034 
291.158 5.23725e-05 3.09986e-06 4.84217e-06 0.0163771 
342.381 1.79395e-05 1.0602e-06 1.65735e-06 0.00958499 
400.585 5.30967e-06 3.14683e-07 4.91233e-07 0.00521459 
467.377 1.31329e-06 7.73966e-08 1.2116e-07 0.00259338 
545.4 2.56652e-07 1.53379e-08 2.38439e-08 0.00114646 
639.705 3.56903e-08 2.05923e-09 3.2582e-09 0.000427525 
763.237 2.56901e-09 1.86442e-10 2.64385e-10 0.000114702 
