0 0.0121263 1.51451e-12 -0.0105742 0.357734 
1.72673 0.0120271 0.000161353 -0.0104013 0.356269 
5 0.0113118 0.00132565 -0.00915379 0.345512 
8.27327 0.00998419 0.00348682 -0.00683833 0.324604 
10 0.00908731 0.00494634 -0.00527435 0.309681 
10 0.0173092 0.000934621 0.00146057 0.309681 
12.233 0.0165864 0.000895988 0.00139989 0.303147 
17.4991 0.0149991 0.00081006 0.00126578 0.288277 
25.8148 0.0127962 0.00069122 0.00107998 0.266268 
37.2327 0.0102888 0.000555673 0.000868277 0.238758 
51.8283 0.00778544 0.000420551 0.00065708 0.207691 
69.7023 0.00553359 0.000298853 0.000466981 0.175098 
90.9846 0.00368517 0.000199069 0.000311027 0.142891 
115.84 0.00229226 0.000123793 0.00019344 0.112696 
144.478 0.00132646 7.16588e-05 0.000111957 0.0857284 
177.161 0.000710502 3.83667e-05 5.99553e-05 0.0627422 
214.227 0.000350011 1.89114e-05 2.95441e-05 0.044037 
256.11 0.000157267 8.49013e-06 1.32692e-05 0.0295186 
303.385 6.37464e-05 3.44587e-06 5.38201e-06 0.0187934 
356.835 2.29646e-05 1.23873e-06 1.93681e-06 0.0112799 
417.571 7.19761e-06 3.89746e-07 6.08209e-07 0.00631497 
487.267 1.90121e-06 1.02192e-07 1.60063e-07 0.00324558 
568.683 4.01115e-07 2.19489e-08 3.40736e-08 0.00149077 
667.09 6.11733e-08 3.20976e-09 5.08898e-09 0.000582181 
795.994 4.92528e-09 3.37836e-10 4.71768e-10 0.000165193 
