0 0.0109206 9.13239e-13 -0.00959887 0.35303 
1.72673 0.0108384 0.000134951 -0.00945429 0.351698 
5 0.0102438 0.00111053 -0.00840901 0.341915 
8.27327 0.00913469 0.0029303 -0.0064593 0.322876 
10 0.00838096 0.0041667 -0.00513444 0.309268 
10 0.0159637 0.000787159 0.00123024 0.309268 
12.3301 0.0153276 0.000756317 0.00118163 0.303044 
17.8252 0.013926 0.000686909 0.00107338 0.288856 
26.5025 0.0119691 0.000590561 0.000922685 0.267793 
38.417 0.00972213 0.000479558 0.000749362 0.241351 
53.6473 0.00745298 0.000367734 0.000574543 0.211316 
72.2986 0.00538234 0.000265487 0.000414856 0.179578 
94.5064 0.00365306 0.000180251 0.000281616 0.147944 
120.443 0.00232318 0.000114585 0.000179059 0.11798 
150.326 0.00137911 6.80545e-05 0.000106321 0.0909006 
184.431 0.000760531 3.75062e-05 5.86139e-05 0.0675035 
223.108 0.000387237 1.91131e-05 2.98569e-05 0.0481678 
266.813 0.00018061 8.90379e-06 1.39171e-05 0.0328957 
316.144 7.63579e-05 3.7712e-06 5.88921e-06 0.0213892 
371.918 2.88498e-05 1.42072e-06 2.22185e-06 0.0131474 
435.295 9.54479e-06 4.72464e-07 7.36985e-07 0.00756226 
508.023 2.6827e-06 1.31536e-07 2.06158e-07 0.00400917 
592.979 6.08409e-07 3.05104e-08 4.72854e-08 0.00190926 
695.665 1.01218e-07 4.83114e-09 7.67543e-09 0.000778747 
830.175 9.04525e-09 5.88266e-10 8.08202e-10 0.000232798 
