0 0.00984832 5.50104e-13 -0.00871878 0.348549 
1.72673 0.00978001 0.000112901 -0.00859781 0.347338 
5 0.00928527 0.000930462 -0.00772184 0.338438 
8.27327 0.00835831 0.0024624 -0.00608052 0.321101 
10 0.00772487 0.003509 -0.00495905 0.308694 
10 0.014714 0.000662728 0.0010359 0.308694 
12.4314 0.0141543 0.000638198 0.00099703 0.302766 
18.1655 0.0129172 0.000582096 0.000909635 0.289232 
27.2202 0.0111801 0.000504049 0.00078749 0.269082 
39.6528 0.00916905 0.000413203 0.000645698 0.243683 
55.5455 0.00711597 0.000320819 0.000501225 0.214674 
75.0079 0.00521695 0.000235096 0.000367381 0.183811 
98.1814 0.00360488 0.000162532 0.000253922 0.152794 
125.246 0.00234106 0.000105489 0.000164852 0.123131 
156.429 0.00142366 6.41963e-05 0.000100287 0.0960208 
192.016 0.000807024 3.63577e-05 5.68234e-05 0.0722945 
232.376 0.000423945 1.91225e-05 2.98685e-05 0.0523983 
277.981 0.000204834 9.22374e-06 1.44192e-05 0.036422 
329.457 9.01181e-05 4.06822e-06 6.35176e-06 0.0241584 
387.657 3.56173e-05 1.60164e-06 2.50552e-06 0.0151877 
453.791 1.24021e-05 5.61485e-07 8.75393e-07 0.00896209 
529.681 3.6965e-06 1.6535e-07 2.5935e-07 0.0048928 
618.332 8.97527e-07 4.1288e-08 6.38621e-08 0.00241094 
725.483 1.62067e-07 7.03963e-09 1.12068e-08 0.00102449 
865.842 1.59592e-08 9.87167e-10 1.33322e-09 0.00032149 
