0 0.00889288 3.31085e-13 -0.00792423 0.344274 
1.72673 0.00883608 9.44846e-05 -0.007823 0.343173 
5 0.00842408 0.000779761 -0.00708877 0.335077 
8.27327 0.00764891 0.00206918 -0.00570728 0.319288 
10 0.00711653 0.00295457 -0.00475856 0.307976 
10 0.0135553 0.000557802 0.000872059 0.307976 
12.5371 0.0130629 0.0005384 0.000841054 0.302331 
18.5206 0.0119713 0.000493001 0.000770455 0.289424 
27.969 0.0104304 0.000429838 0.000671513 0.270155 
40.9423 0.00863243 0.000355516 0.000555581 0.24577 
57.5261 0.00677794 0.00027932 0.000436366 0.217777 
77.8349 0.00504047 0.000207579 0.000324398 0.187801 
102.016 0.00354255 0.000145999 0.000228078 0.157442 
130.258 0.00234664 9.66296e-05 0.000151018 0.12814 
162.796 0.00146002 6.0182e-05 9.40078e-05 0.101075 
199.932 0.00084949 3.49713e-05 5.46621e-05 0.0770978 
242.047 0.00045964 1.8954e-05 2.96013e-05 0.0567116 
289.635 0.000229623 9.44716e-06 1.4771e-05 0.040084 
343.35 0.000104905 4.33058e-06 6.75963e-06 0.0270932 
404.081 4.32668e-05 1.77698e-06 2.7808e-06 0.0173996 
473.09 1.58126e-05 6.5514e-07 1.02076e-06 0.0105188 
552.28 4.98208e-06 2.03339e-07 3.19206e-07 0.0059043 
644.787 1.29022e-06 5.45016e-08 8.4105e-08 0.00300465 
756.598 2.51678e-07 9.95396e-09 1.58768e-08 0.00132704 
903.061 2.71247e-08 1.6006e-09 2.12347e-09 0.000435657 
