0 0.00804002 1.9913e-13 -0.00720653 0.340191 
1.72673 0.00799274 7.91011e-05 -0.00712178 0.339189 
5 0.00764935 0.000653634 -0.0065062 0.331823 
8.27327 0.00700078 0.00173883 -0.00534351 0.317444 
10 0.00655328 0.00248746 -0.00454135 0.307131 
10 0.0124824 0.000469365 0.000733992 0.307131 
12.6475 0.0120493 0.000454141 0.000709354 0.301756 
18.8911 0.0110865 0.000417345 0.000652274 0.289448 
28.7505 0.00972029 0.000366284 0.000572182 0.271028 
42.2879 0.00811443 0.000305486 0.000477431 0.24763 
59.593 0.00644185 0.000242742 0.000379196 0.220638 
80.7849 0.00485565 0.000182795 0.000285688 0.191557 
106.018 0.00346796 0.000130692 0.000204149 0.161887 
135.488 0.00234077 8.81072e-05 0.000137712 0.133001 
169.441 0.00148822 5.60971e-05 8.76171e-05 0.106049 
208.192 0.00088754 3.3396e-05 5.22068e-05 0.081897 
252.138 0.000493863 1.86257e-05 2.90834e-05 0.061091 
301.796 0.000254651 9.57432e-06 1.49731e-05 0.0438679 
357.846 0.000120567 4.55337e-06 7.10505e-06 0.0301848 
421.218 5.17748e-05 1.94244e-06 3.04102e-06 0.0197803 
493.229 1.98091e-05 7.51519e-07 1.17001e-06 0.0122351 
575.863 6.57804e-06 2.44993e-07 3.84962e-07 0.00705054 
672.392 1.81053e-06 7.03071e-08 1.08203e-07 0.00369894 
789.066 3.79823e-07 1.36875e-08 2.18698e-08 0.0016942 
941.898 4.45193e-08 2.51345e-09 3.27362e-09 0.000580027 
