0 0.00727738 1.197e-13 -0.00655781 0.336286 
1.72673 0.007238 6.62476e-05 -0.00648683 0.335375 
5 0.00695155 0.000548063 -0.0059706 0.328671 
8.27327 0.00640862 0.00146135 -0.00499209 0.315575 
10 0.00603243 0.00209408 -0.00431413 0.306173 
10 0.0114903 0.000394849 0.000617687 0.306173 
12.7626 0.0111094 0.000383043 0.000598212 0.301055 
19.2778 0.0102603 0.000353152 0.00055201 0.289321 
29.5659 0.00904963 0.00031193 0.000487226 0.271717 
43.6921 0.00761659 0.000262187 0.0004098 0.249276 
61.7496 0.00611016 0.000210607 0.000328964 0.223268 
83.8632 0.00466497 0.000160575 0.000250986 0.195085 
110.193 0.00338294 0.000116618 0.000182144 0.16613 
140.945 0.00232439 7.99938e-05 0.000125046 0.137707 
176.375 0.00150842 5.20144e-05 8.12286e-05 0.110933 
216.811 0.000920892 3.16788e-05 4.95307e-05 0.0866772 
262.668 0.000526203 1.81574e-05 2.83458e-05 0.0655205 
314.485 0.000279586 9.60824e-06 1.50303e-05 0.0477594 
372.973 0.000136929 4.73321e-06 7.38265e-06 0.0334232 
439.101 6.10944e-05 2.0941e-06 3.2801e-06 0.0223255 
514.243 2.44118e-05 8.48576e-07 1.31988e-06 0.0141124 
600.471 8.52014e-06 2.89607e-07 4.55537e-07 0.00833727 
701.198 2.48408e-06 8.87806e-08 1.36208e-07 0.00450177 
822.946 5.58087e-07 1.83399e-08 2.93465e-08 0.00213379 
982.425 7.07189e-08 3.83068e-09 4.8958e-09 0.000759571 
