0 0.00659426 7.19212e-14 -0.00597103 -0.332545 
1.72673 0.00656142 5.55044e-05 -0.00591157 -0.331716 
5 0.00632229 0.000459681 -0.00547852 -0.325615 
8.27327 0.00586757 0.0012283 -0.00465501 -0.313687 
10 0.00555127 0.00176288 -0.00408222 -0.305115 
10 0.0105738 0.000332076 0.000519738 -0.305115 
12.8827 0.0102388 0.000323077 0.00050446 -0.300242 
19.6813 0.00949013 0.000298723 0.000467003 -0.289057 
30.4168 0.00841778 0.000265503 0.000414651 -0.272236 
45.1573 0.00713996 0.000224783 0.000351381 -0.250723 
64.0001 0.00578489 0.000182454 0.000284953 -0.225681 
87.0753 0.00447059 0.000140736 0.000220006 -0.198394 
114.551 0.00328919 0.000103756 0.000162032 -0.170173 
146.639 0.00229847 7.23395e-05 0.000113098 -0.142254 
183.61 0.0015209 4.79945e-05 7.49369e-05 -0.115717 
225.804 0.000949358 2.98628e-05 4.67014e-05 -0.0914243 
273.656 0.000556299 1.75704e-05 2.74217e-05 -0.0699844 
327.727 0.000304108 9.5542e-06 1.49507e-05 -0.0517441 
388.758 0.000153796 4.86821e-06 7.58941e-06 -0.0367976 
457.762 7.1156e-05 2.22859e-06 3.49279e-06 -0.0250295 
536.172 2.96265e-05 9.44222e-07 1.46701e-06 -0.0161505 
626.149 1.08395e-05 3.36308e-07 5.29585e-07 -0.00976902 
731.257 3.33712e-06 1.09908e-07 1.68018e-07 -0.00542042 
858.299 7.99709e-07 2.39886e-08 3.84281e-08 -0.00265346 
1024.71 1.08948e-07 5.67731e-09 7.11745e-09 -0.00097939 
