0 0.00598136 4.31982e-14 -0.00543989 -0.328956 
1.72673 0.00595396 4.65218e-05 -0.00539005 -0.328201 
5 0.00575419 0.000385671 -0.00502667 -0.322648 
8.27327 0.00537315 0.00103256 -0.00433358 -0.311783 
10 0.00510717 0.00148408 -0.00384979 -0.303968 
10 0.00972794 0.0002792 0.000437262 -0.303968 
13.0081 0.00943329 0.000272516 0.000425403 -0.299329 
20.1023 0.00877326 0.000252598 0.000394973 -0.288667 
31.3047 0.00782376 0.000225885 0.000352715 -0.272599 
46.6862 0.00668518 0.000192522 0.000301002 -0.251984 
66.3485 0.00546765 0.000157852 0.000246489 -0.227886 
90.4272 0.00427442 0.000123089 0.000192451 -0.201491 
119.097 0.00318833 9.20652e-05 0.000143748 -0.17402 
152.581 0.00226399 6.51757e-05 0.000101918 -0.146641 
191.16 0.00152601 4.40864e-05 6.88183e-05 -0.120392 
235.189 0.000972845 2.79873e-05 4.37799e-05 -0.0961255 
285.122 0.00058385 1.6886e-05 2.63443e-05 -0.0744677 
341.544 0.000327907 9.41932e-06 1.47454e-05 -0.0558075 
405.23 0.000170962 4.95793e-06 7.72455e-06 -0.0402964 
477.234 8.18691e-05 2.3432e-06 3.67486e-06 -0.0278854 
559.054 3.54437e-05 1.03642e-06 1.60813e-06 -0.0183479 
652.944 1.35606e-05 3.84103e-07 6.05553e-07 -0.011349 
762.623 4.39537e-06 1.33578e-07 2.0337e-07 -0.00646122 
895.19 1.11926e-06 3.06813e-08 4.91828e-08 -0.00326049 
1068.84 1.63084e-07 8.19658e-09 1.00773e-08 -0.00124458 
