0 0.00543063 2.5939e-14 -0.00495875 -0.325507 
1.72673 0.00540774 3.90082e-05 -0.00491695 -0.324821 
5 0.00524072 0.000323679 -0.00461195 -0.319766 
8.27327 0.00492129 0.000868149 -0.00402859 -0.309867 
10 0.00469758 0.00124943 -0.00362006 -0.302742 
10 0.00894777 0.000234665 0.00036782 -0.302742 
13.1389 0.00868864 0.000229898 0.000358752 -0.298326 
20.5416 0.00810683 0.000213527 0.000333967 -0.288165 
32.2311 0.00726639 0.00019211 0.000299907 -0.272819 
48.2816 0.00625252 0.000164739 0.000257619 -0.253071 
68.799 0.00515973 0.000136403 0.000212949 -0.229895 
93.9248 0.00407813 0.000107442 0.000168023 -0.204384 
123.842 0.00308185 8.14907e-05 0.000127207 -0.177673 
158.782 0.00222197 5.85183e-05 9.15305e-05 -0.150864 
199.038 0.0015242 4.0328e-05 6.29326e-05 -0.12495 
244.982 0.000991342 2.60868e-05 4.082e-05 -0.100769 
297.086 0.000608613 1.61251e-05 2.51463e-05 -0.0789562 
355.962 0.000350697 9.21203e-06 1.44277e-05 -0.0599351 
422.418 0.00018821 5.00321e-06 7.78933e-06 -0.0439074 
497.553 9.3125e-05 2.43597e-06 3.82318e-06 -0.0308851 
582.931 4.18377e-05 1.12329e-06 1.74019e-06 -0.0207014 
680.905 1.66996e-05 4.31924e-07 6.81758e-07 -0.0130788 
795.353 5.6827e-06 1.59587e-07 2.41845e-07 -0.00762945 
933.685 1.53216e-06 3.84305e-08 6.16143e-08 -0.00396157 
1114.89 2.37613e-07 1.15463e-08 1.39197e-08 -0.00156009 
