0 0.195623 1.30606e-13 -0.00121458 0.387277 
0.575577 0.194113 1.74997e-05 -0.00119583 0.38578 
1.66667 0.183203 0.000143939 -0.00106036 0.374782 
2.75776 0.162883 0.000379455 -0.000808027 0.353387 
3.33333 0.149097 0.000539191 -0.000636862 0.338102 
3.33333 0.149097 0.000539161 -0.000636878 0.338102 
3.90891 0.133728 0.00071737 -0.000445986 0.320202 
5 0.101967 0.00108541 -5.16249e-05 0.279604 
6.09109 0.0697484 0.0014589 0.000348498 0.231249 
6.66667 0.053782 0.00164378 0.000546678 0.203063 
6.66667 0.053782 0.00164375 0.000546661 0.203063 
7.24224 0.0391748 0.00181326 0.000728159 0.173307 
8.33333 0.0167782 0.0020727 0.0010062 0.113419 
9.42442 0.00331101 0.00222892 0.00117351 0.050384 
10 0.000353175 0.00226295 0.0012101 0.0164554 
10 0.000672715 0.000427731 0.000668329 0.0164554 
10.1042 0.000531371 0.00033786 0.000527907 0.0146248 
10.3499 0.000304665 0.000193714 0.000302678 0.011074 
10.7379 0.000126576 8.04808e-05 0.000125751 0.00713787 
11.2706 3.78942e-05 2.40942e-05 3.76472e-05 0.00390552 
11.9515 8.11001e-06 5.15657e-06 8.05714e-06 0.00180677 
12.7855 1.22767e-06 7.80584e-07 1.21966e-06 0.000702963 
13.7784 1.29655e-07 8.24381e-08 1.2881e-07 0.000228448 
14.9381 9.38797e-09 5.96913e-09 9.32677e-09 6.14721e-05 
16.2742 4.55893e-10 2.89869e-10 4.52921e-10 1.35464e-05 
17.7991 1.44398e-11 9.18121e-12 1.43456e-11 2.41086e-06 
19.5284 2.87894e-13 1.83051e-13 2.86017e-13 3.40415e-07 
21.4825 3.4508e-15 2.19411e-15 3.4283e-15 3.72694e-08 
23.6882 2.34014e-17 1.48796e-17 2.32491e-17 3.06911e-09 
26.1819 8.26762e-20 5.25509e-20 8.2124e-20 1.82424e-10 
29.0156 1.34771e-22 8.63018e-23 1.3437e-22 7.36531e-12 
32.2674 9.68351e-26 4.80699e-26 8.56565e-26 1.97428e-13 
36.0659 1.36356e-28 2.44878e-28 2.59045e-28 -7.40848e-15 
40.6572 1.73449e-28 1.09461e-28 1.71675e-28 8.3556e-15 
46.6713 1.05016e-28 6.67204e-29 1.04291e-28 -6.50158e-15 
