0 0.00493502 1.5572e-14 -0.00452258 0.322189 
1.72673 0.00491589 3.27209e-05 -0.00448752 0.321564 
5 0.00477617 0.000271737 -0.00423143 0.316961 
8.27327 0.00450826 0.000730044 -0.00374039 0.307943 
10 0.00432007 0.00105196 -0.00339548 0.301448 
10 0.0082287 0.000197155 0.000309355 0.301448 
13.2754 0.00800079 0.000193981 0.000302572 0.297244 
21.0001 0.00748798 0.000180445 0.000282318 0.28756 
33.1979 0.0067443 0.000163339 0.000254915 0.272907 
49.9464 0.00584201 0.000140843 0.000220309 0.253996 
71.356 0.00486213 0.00011774 0.000183763 0.231718 
97.5745 0.00388314 9.36112e-05 0.000146433 0.20708 
128.792 0.0029711 7.19678e-05 0.000112308 0.181136 
165.252 0.00217336 5.23705e-05 8.19395e-05 0.154922 
207.259 0.00151593 3.67479e-05 5.73245e-05 0.129386 
255.201 0.00100492 2.41911e-05 3.78684e-05 0.105344 
309.571 0.000630404 1.53076e-05 2.38587e-05 0.0834364 
371.007 0.000372219 8.94166e-06 1.40118e-05 0.0641129 
440.353 0.000205328 5.00597e-06 7.78674e-06 0.0476179 
518.756 0.000104799 2.50565e-06 3.93576e-06 0.0340193 
607.847 4.87667e-05 1.20313e-06 1.86048e-06 0.0232064 
710.081 2.02631e-05 4.78683e-07 7.56463e-07 0.0149589 
829.506 7.2198e-06 1.8764e-07 2.82877e-07 0.00892912 
973.854 2.054e-06 4.72096e-08 7.56543e-08 0.00476263 
1162.94 3.37508e-07 1.58931e-08 1.87874e-08 0.00193058 
