0 0.00448841 9.3469e-15 -0.0041269 0.318991 
1.72673 0.00447242 2.74575e-05 -0.00409748 0.318422 
5 0.00435545 0.000228203 -0.0038824 0.314231 
8.27327 0.00413066 0.000614023 -0.00346902 0.306014 
10 0.00397232 0.000885767 -0.00317786 0.300092 
10 0.00756633 0.000165564 0.000260133 0.300092 
13.4179 0.00736588 0.000163715 0.000255224 0.29609 
21.4784 0.00691391 0.000152443 0.000238605 0.286862 
34.2068 0.00625601 0.000138846 0.000216611 0.272873 
51.6835 0.00545344 0.000120314 0.00018826 0.254769 
74.0242 0.0045756 0.000101533 0.000158413 0.233365 
101.383 0.00369068 8.14194e-05 0.000127403 0.209587 
133.958 0.00285734 6.34261e-05 9.89416e-05 0.184413 
172.004 0.00211914 4.67258e-05 7.31345e-05 0.158815 
215.838 0.00150174 3.33664e-05 5.20256e-05 0.133693 
265.864 0.0010137 2.23256e-05 3.4964e-05 0.109841 
322.599 0.000649097 1.44517e-05 2.25102e-05 0.0878955 
386.706 0.000392245 8.618e-06 1.35129e-05 0.0683267 
459.068 0.000222103 4.96909e-06 7.72121e-06 0.0514148 
540.881 0.000116757 2.55176e-06 4.01174e-06 0.037278 
633.846 5.61739e-05 1.27455e-06 1.96673e-06 0.025857 
740.526 2.42468e-05 5.23327e-07 8.27963e-07 0.0169879 
865.145 9.02275e-06 2.17366e-07 3.25778e-07 0.0103629 
1015.77 2.69979e-06 5.69522e-08 9.11606e-08 0.00566861 
1213.08 4.68049e-07 2.1405e-08 2.48131e-08 0.00236025 
