0 0.00408546 5.6097e-15 -0.00376772 -0.315904 
1.72673 0.00407207 2.30494e-05 -0.00374302 -0.315386 
5 0.0039741 0.000191704 -0.00356232 -0.311569 
8.27327 0.00378541 0.000516541 -0.00321428 -0.304082 
10 0.00365216 0.000745911 -0.00296852 -0.298683 
10 0.0069565 0.000138958 0.000218694 -0.298683 
13.5665 0.00678018 0.000138214 0.000215322 -0.294873 
21.9776 0.00638186 0.000128748 0.000201621 -0.286081 
35.2595 0.00579997 0.000118009 0.000184019 -0.272727 
53.4963 0.00508645 0.000102697 0.000160759 -0.255401 
76.8085 0.00430066 8.74814e-05 0.000136432 -0.234846 
105.357 0.00350177 7.06997e-05 0.000110673 -0.211913 
139.349 0.00274168 5.57921e-05 8.69933e-05 -0.18751 
179.049 0.00206019 4.157e-05 6.50929e-05 -0.162543 
224.789 0.00148218 3.01961e-05 4.70561e-05 -0.137868 
276.991 0.00101788 2.05109e-05 3.21389e-05 -0.114252 
336.193 0.000664622 1.35741e-05 2.11269e-05 -0.0923213 
403.089 0.000410583 8.25095e-06 1.29463e-05 -0.072563 
478.597 0.000238334 4.8961e-06 7.59832e-06 -0.055285 
563.967 0.000128853 2.57452e-06 4.05131e-06 -0.0406501 
660.975 6.39884e-05 1.33643e-06 2.05714e-06 -0.0286461 
772.295 2.86349e-05 5.64882e-07 8.94654e-07 -0.019163 
902.333 1.11018e-05 2.48331e-07 3.6977e-07 -0.011932 
1059.51 3.48304e-06 6.75538e-08 1.07919e-07 -0.00668335 
1265.39 6.34579e-07 2.82424e-08 3.21109e-08 -0.00285271 
