0 0.00372147 3.36653e-15 -0.00344145 -0.312921 
1.72673 0.00371026 1.93563e-05 -0.00342071 -0.312449 
5 0.00362815 0.000161094 -0.00326885 -0.308973 
8.27327 0.00346969 0.000434624 -0.00297578 -0.30215 
10 0.00335754 0.000628214 -0.00276836 -0.297227 
10 0.00639532 0.000116552 0.000183809 -0.297227 
13.7216 0.00624022 0.000116729 0.000181697 -0.293601 
22.4985 0.00588917 0.000108704 0.000170337 -0.285223 
36.3579 0.00537461 0.000100292 0.000156302 -0.272477 
55.3878 0.00474053 8.75945e-05 0.000137186 -0.2559 
79.7139 0.00403767 7.53182e-05 0.000117401 -0.236169 
109.504 0.00331728 6.12965e-05 9.59991e-05 -0.214066 
144.974 0.00262514 4.89922e-05 7.63481e-05 -0.190429 
186.4 0.00199739 3.68831e-05 5.77834e-05 -0.166107 
234.13 0.0014578 2.72438e-05 4.24269e-05 -0.141908 
288.602 0.00101769 1.87637e-05 2.94189e-05 -0.118567 
350.378 0.000676961 1.26893e-05 1.97316e-05 -0.0967028 
420.183 0.000427074 7.85026e-06 1.2327e-05 -0.0768084 
498.975 0.000253833 4.79107e-06 7.42442e-06 -0.059215 
588.058 0.000140941 2.57475e-06 4.05562e-06 -0.0441241 
689.285 7.21273e-05 1.38799e-06 2.13044e-06 -0.0315651 
805.446 3.33999e-05 6.02497e-07 9.55107e-07 -0.0214798 
941.139 1.34604e-05 2.80057e-07 4.14014e-07 -0.013636 
1105.15 4.4149e-06 7.88752e-08 1.25651e-07 -0.00780939 
1319.99 8.42203e-07 3.65481e-08 4.07678e-08 -0.00341087 
