0 0.00339233 2.02028e-15 -0.00314492 -0.310034 
1.72673 0.00338293 1.62611e-05 -0.0031275 -0.309604 
5 0.00331408 0.000135415 -0.00299984 -0.306437 
8.27327 0.00318096 0.000365779 -0.00275302 -0.30022 
10 0.00308654 0.000529164 -0.00257796 -0.29573 
10 0.00587913 9.76874e-05 0.000154442 -0.29573 
13.8834 0.00574269 9.86264e-05 0.000153363 -0.292279 
23.042 0.00543331 9.17525e-05 0.000143882 -0.284297 
37.5042 0.00497834 8.52351e-05 0.000132744 -0.272133 
57.3616 0.00441507 7.466e-05 0.000116997 -0.256276 
82.7456 0.00378682 6.48044e-05 0.000100949 -0.237343 
113.831 0.00313791 5.30665e-05 8.31559e-05 -0.216053 
150.844 0.0025086 4.29537e-05 6.68929e-05 -0.193177 
194.072 0.00193154 3.26412e-05 5.11681e-05 -0.169509 
243.877 0.00142917 2.45113e-05 3.81408e-05 -0.145808 
300.718 0.00101341 1.70966e-05 2.68233e-05 -0.122781 
365.181 0.000686145 1.18101e-05 1.83444e-05 -0.101029 
438.021 0.000441601 7.42518e-06 1.16691e-05 -0.0810503 
520.239 0.000268433 4.65835e-06 7.20638e-06 -0.0631913 
613.197 0.000152873 2.55382e-06 4.02661e-06 -0.0476875 
718.826 8.04978e-05 1.42877e-06 2.18592e-06 -0.0346044 
840.038 3.85034e-05 6.35474e-07 1.00811e-06 -0.0239325 
981.632 1.60942e-05 3.12042e-07 4.57649e-07 -0.015473 
1152.78 5.50326e-06 9.07493e-08 1.44027e-07 -0.00904794 
1376.96 1.09547e-06 4.64373e-08 5.08361e-08 -0.00403682 
