0 0.00309442 1.21241e-15 -0.00287529 0.307236 
1.72673 0.00308654 1.3666e-05 -0.00286065 0.306844 
5 0.00302877 0.000113867 -0.00275329 0.303959 
8.27327 0.00291689 0.000307911 -0.00254539 0.298293 
10 0.00283739 0.000445805 -0.00239764 0.294199 
10 0.00540455 8.18067e-05 0.000129724 0.294199 
14.0523 0.0052845 8.3374e-05 0.000129486 0.290913 
23.6092 0.00501183 7.74207e-05 0.000121515 0.283309 
38.7003 0.00460961 7.24437e-05 0.000112729 0.271703 
59.4213 0.00410941 6.35923e-05 9.97224e-05 0.256538 
85.9091 0.00354819 5.57281e-05 8.67444e-05 0.238377 
118.346 0.00296423 4.58782e-05 7.19382e-05 0.21788 
156.969 0.00239286 3.76064e-05 5.85181e-05 0.195758 
202.077 0.00186341 2.8818e-05 4.52051e-05 0.172749 
254.048 0.00139686 2.1996e-05 3.41942e-05 0.149568 
313.361 0.00100534 1.55189e-05 2.43664e-05 0.126888 
380.627 0.000692248 1.09471e-05 1.69821e-05 0.105291 
456.635 0.000454082 6.98438e-06 1.0986e-05 0.0852764 
542.429 0.000281984 4.50244e-06 6.95129e-06 0.0672007 
639.429 0.000164506 2.51353e-06 3.96691e-06 0.0513277 
749.651 8.90004e-05 1.45863e-06 2.22332e-06 0.0377536 
876.134 4.38961e-05 6.63289e-07 1.05272e-06 0.026514 
1023.89 1.89909e-05 3.4378e-07 4.99833e-07 0.0174395 
1202.47 6.75205e-06 1.02989e-07 1.6268e-07 0.0103987 
1436.4 1.39803e-06 5.79883e-08 6.23274e-08 0.00473173 
