0 0.00282454 7.27629e-16 -0.00263 0.304521 
1.72673 0.00281793 1.14894e-05 -0.00261769 0.304164 
5 0.00276944 9.57809e-05 -0.00252738 0.301536 
8.27327 0.00267538 0.000259264 -0.00235222 0.296371 
10 0.00260842 0.000375648 -0.00222752 0.292639 
10 0.00496841 6.84423e-05 0.000108919 0.292639 
14.2285 0.00486277 7.05217e-05 0.000109365 0.289511 
24.201 0.00462244 6.53073e-05 0.000102609 0.282266 
39.9484 0.00426687 6.1581e-05 9.57296e-05 0.271192 
61.5705 0.0038228 5.41304e-05 8.49528e-05 0.256693 
89.2102 0.00332173 4.79023e-05 7.44951e-05 0.239279 
123.058 0.0027967 3.96121e-05 6.21588e-05 0.219556 
163.36 0.00227859 3.28834e-05 5.11197e-05 0.198178 
210.43 0.00179369 2.53851e-05 3.98502e-05 0.175832 
264.661 0.00136141 1.96925e-05 3.05785e-05 0.153185 
326.553 0.000993823 1.4037e-05 2.20578e-05 0.130881 
396.744 0.000695382 1.01092e-05 1.56584e-05 0.10948 
476.058 0.000464471 6.53573e-06 1.02897e-05 0.0894751 
565.583 0.000294361 4.32782e-06 6.66625e-06 0.07123 
666.801 0.000175703 2.45601e-06 3.87965e-06 0.0550317 
781.817 9.75313e-05 1.47769e-06 2.24292e-06 0.041001 
913.801 4.95201e-05 6.85597e-07 1.08828e-06 0.0292155 
1067.98 2.21299e-05 3.74779e-07 5.39771e-07 0.0195305 
1254.33 8.16061e-06 1.15393e-07 1.81225e-07 0.01186 
1498.44 1.75234e-06 7.12349e-08 7.52088e-08 0.00549582 
