0 0.00257989 4.36732e-16 -0.00240677 -0.301885 
1.72673 0.00257434 9.66345e-06 -0.00239642 -0.30156 
5 0.00253361 8.05965e-05 -0.00232042 -0.299165 
8.27327 0.0024545 0.000218364 -0.00217281 -0.294457 
10 0.00239808 0.000316602 -0.00206756 -0.291053 
10 0.00456778 5.72001e-05 9.14128e-05 -0.291053 
14.4124 0.0044748 5.96904e-05 9.24072e-05 -0.288076 
24.8186 0.00426295 5.5072e-05 8.6632e-05 -0.281174 
41.2508 0.00394863 5.23592e-05 8.12974e-05 -0.27061 
63.8132 0.00355448 4.60482e-05 7.2335e-05 -0.256748 
92.6549 0.00310733 4.11619e-05 6.39436e-05 -0.240057 
127.975 0.00263565 3.41601e-05 5.36484e-05 -0.221087 
170.03 0.0021664 2.87218e-05 4.45996e-05 -0.200442 
219.146 0.00172303 2.23138e-05 3.5058e-05 -0.178758 
275.735 0.00132336 1.75926e-05 2.72812e-05 -0.15666 
340.32 0.000979187 1.26545e-05 1.99027e-05 -0.134757 
413.563 0.000695693 9.30313e-06 1.43845e-05 -0.113587 
496.326 0.000472757 6.08622e-06 9.59084e-06 -0.0936352 
589.744 0.000305465 4.13881e-06 6.35814e-06 -0.0752663 
695.364 0.000186341 2.38359e-06 3.76832e-06 -0.058786 
815.381 0.000105986 1.48635e-06 2.24537e-06 -0.0443347 
953.105 5.531e-05 7.02239e-07 1.11441e-06 -0.0320274 
1113.99 2.54831e-05 4.04577e-07 5.76751e-07 -0.0217393 
1308.44 9.72343e-06 1.27758e-07 1.99275e-07 -0.0134286 
1563.16 2.15944e-06 8.61601e-08 8.94021e-08 -0.00632835 
