0 0.00235796 2.62171e-16 -0.00220356 -0.299322 
1.72673 0.0023533 8.13107e-06 -0.00219485 -0.299026 
5 0.00231907 6.78452e-05 -0.00213087 -0.296843 
8.27327 0.0022525 0.000183973 -0.00200645 -0.292552 
10 0.00220496 0.000266904 -0.00191759 -0.289448 
10 0.00419992 4.77481e-05 7.66845e-05 -0.289448 
14.6043 0.00411807 5.05607e-05 7.81143e-05 -0.286614 
25.463 0.00393129 4.64264e-05 7.31331e-05 -0.280039 
42.6098 0.00365344 4.45322e-05 6.90479e-05 -0.269961 
66.1534 0.00330365 3.91502e-05 6.15633e-05 -0.256713 
96.2494 0.00290479 3.53622e-05 5.48639e-05 -0.240717 
133.105 0.00248133 2.9425e-05 4.62549e-05 -0.222481 
176.989 0.00205678 2.50629e-05 3.88661e-05 -0.202556 
228.241 0.00165199 1.95753e-05 3.07833e-05 -0.181532 
287.292 0.00128321 1.56864e-05 2.42872e-05 -0.159992 
354.684 0.000961788 1.13728e-05 1.79033e-05 -0.138513 
431.113 0.000693353 8.53436e-06 1.31688e-05 -0.117605 
517.475 0.000478963 5.64192e-06 8.89883e-06 -0.0977465 
614.956 0.000315221 3.9395e-06 6.03346e-06 -0.0792972 
725.169 0.000196306 2.29873e-06 3.63658e-06 -0.0625774 
850.406 0.000114261 1.48522e-06 2.23171e-06 -0.0477418 
994.119 6.11952e-05 7.13223e-07 1.13101e-06 -0.0349389 
1162 2.90154e-05 4.3276e-07 6.10162e-07 -0.0240583 
1364.91 1.143e-05 1.39886e-07 2.16461e-07 -0.0150999 
1630.71 2.6187e-06 1.02694e-07 1.04784e-07 -0.00722759 
