0 0.00215653 1.57413e-16 -0.00201853 -0.296829 
1.72673 0.00215261 6.84474e-06 -0.00201119 -0.29656 
5 0.00212383 5.71347e-05 -0.00195731 -0.29457 
8.27327 0.00206778 0.000155051 -0.0018524 -0.290658 
10 0.00202771 0.000225073 -0.00177738 -0.287827 
10 0.0038623 3.98064e-05 6.42968e-05 -0.287827 
14.8045 0.00379023 4.28634e-05 6.60656e-05 -0.285129 
26.1355 0.00362553 3.91262e-05 6.17303e-05 -0.278866 
44.028 0.00337989 3.78903e-05 5.86534e-05 -0.269253 
68.5954 0.00306951 3.32677e-05 5.23741e-05 -0.256592 
100 0.00271383 3.03762e-05 4.70579e-05 -0.241268 
138.459 0.00233391 2.53193e-05 3.98416e-05 -0.223744 
184.251 0.00195017 2.18525e-05 3.38348e-05 -0.204524 
237.732 0.0015811 1.71412e-05 2.69818e-05 -0.184157 
299.35 0.00124145 1.39627e-05 2.15791e-05 -0.163182 
369.674 0.000941978 1.01913e-05 1.60586e-05 -0.142144 
449.427 0.000688556 7.80665e-06 1.20174e-05 -0.121529 
539.544 0.000483138 5.20796e-06 8.2215e-06 -0.101799 
641.264 0.00032358 3.73365e-06 5.69822e-06 -0.0833105 
756.27 0.000205504 2.20389e-06 3.48818e-06 -0.0663926 
886.953 0.000122258 1.47505e-06 2.20325e-06 -0.0512092 
1036.92 6.71023e-05 7.18712e-07 1.13827e-06 -0.0379383 
1212.1 3.26859e-05 4.58968e-07 6.39519e-07 -0.0264783 
1423.83 1.32651e-05 1.51589e-07 2.32449e-07 -0.016868 
1701.19 3.12784e-06 1.20714e-07 1.21193e-07 -0.0081909 
