158.489 4.99505 4.98421
151.884 4.99461 4.98286
145.554 4.99413 4.98148
139.488 4.9936 4.97983
133.675 4.99303 4.9782
128.104 4.99241 4.97625
122.765 4.99173 4.97433
117.649 4.99099 4.97207
112.746 4.99018 4.96967
108.047 4.98931 4.96699
103.544 4.98835 4.96414
99.229 4.9873 4.96105
95.0936 4.98616 4.95759
91.1305 4.98492 4.95381
87.3326 4.98356 4.94984
83.693 4.98208 4.94536
80.205 4.98047 4.94032
76.8625 4.97871 4.93578
73.6592 4.97679 4.93006
70.5894 4.97469 4.92365
67.6476 4.97239 4.91671
64.8283 4.96989 4.90876
62.1266 4.96714 4.90043
59.5374 4.96414 4.89099
57.0562 4.96087 4.88095
54.6783 4.95729 4.87093
52.3996 4.95337 4.85881
50.2158 4.94908 4.84591
48.123 4.94438 4.83162
46.1175 4.93923 4.81532
44.1955 4.93358 4.79843
42.3536 4.92739 4.77979
40.5885 4.9206 4.75893
38.897 4.91314 4.73618
37.2759 4.90494 4.71111
35.7224 4.89593 4.68364
34.2337 4.88602 4.65345
32.807 4.87511 4.62033
31.4397 4.8631 4.584
30.1295 4.84986 4.54413
28.8738 4.83527 4.50047
27.6705 4.81917 4.45222
26.5173 4.80141 4.39992
25.4122 4.7818 4.34266
24.3531 4.76015 4.27996
23.3382 4.73627 4.21226
22.3656 4.70992 4.13887
21.4335 4.68088 4.06023
20.5402 4.64892 3.97603
19.6842 4.61382 3.88685
18.8638 4.57538 3.7929
18.0777 4.53343 3.69564
17.3243 4.48787 3.59622
16.6023 4.4387 3.49574
15.9104 4.38599 3.39602
15.2473 4.32997 3.29948
14.6119 4.271 3.20754
14.0029 4.20959 3.12218
13.4193 4.14639 3.04489
12.8601 4.08212 2.97651
12.3241 4.01755 2.91793
11.8105 3.95345 2.86895
11.3183 3.89054 2.82966
10.8466 3.82945 2.79902
10.3946 3.77067 2.77635
9.96138 3.71458 2.76071
9.54623 3.66145 2.75076
9.14839 3.61142 2.74585
8.76712 3.56453 2.745
8.40175 3.52078 2.74723
8.0516 3.48009 2.75192
7.71605 3.44234 2.7586
7.39448 3.4074 2.76673
7.08631 3.37511 2.77573
6.79099 3.34531 2.78549
6.50797 3.31783 2.79569
6.23674 3.2925 2.80614
5.97683 3.26918 2.81644
5.72774 3.24771 2.82673
5.48903 3.22796 2.83679
5.26027 3.20977 2.84657
5.04105 3.19305 2.85605
4.83096 3.17766 2.86495
4.62963 3.16349 2.87382
4.43669 3.15047 2.88212
4.25179 3.13848 2.88982
4.07459 3.12745 2.89724
3.90478 3.1173 2.90429
3.74205 3.10796 2.91076
3.5861 3.09937 2.91712
3.43664 3.09146 2.92294
3.29342 3.08418 2.9285
3.15616 3.07748 2.93355
3.02463 3.07131 2.93834
2.89858 3.06563 2.94285
2.77778 3.06041 2.94703
2.66201 3.0556 2.95086
2.55107 3.05117 2.95443
2.44475 3.04709 2.95803
2.34287 3.04334 2.96111
2.24523 3.03988 2.96397
2.15166 3.03669 2.96638
2.06199 3.03376 2.96875
1.97605 3.03107 2.97136
1.8937 3.02859 2.97374
1.81478 3.02631 2.97574
1.73915 3.0242 2.9775
1.66667 3.02227 2.97927
1.59721 3.02049 2.98089
1.53064 3.01884 2.98193
1.46685 3.01733 2.98322
1.40572 3.01594 2.98448
1.34714 3.01467 2.9858
1.29099 3.01349 2.98683
1.23719 3.01241 2.98779
1.18563 3.01141 2.98872
1.13622 3.01049 2.98958
1.08887 3.00965 2.99033
1.04349 3.00887 2.99106
1 3.00816 2.99171
158.489 0 0
151.884 0 0
145.554 0 0
139.488 0 0
133.675 0 0
128.104 0 0
122.765 0 0
117.649 0 0
112.746 0 0
108.047 0 0
103.544 0 0
99.229 0 0
95.0936 0 0
91.1305 0 0
87.3326 0 0
83.693 0 0
80.205 0 0
76.8625 0 0
73.6592 0 0
70.5894 0 0
67.6476 0 0
64.8283 0 0
62.1266 0 0
59.5374 0 0
57.0562 0 0
54.6783 0 0
52.3996 0 0
50.2158 0 0
48.123 0 0
46.1175 0 0
44.1955 0 0
42.3536 0 0
40.5885 0 0
38.897 0 0
37.2759 0 0
35.7224 0 0
34.2337 0 0
32.807 0 0
31.4397 0 0
30.1295 0 0
28.8738 0 0
27.6705 0 0
26.5173 0 0
25.4122 0 0
24.3531 0 0
23.3382 0 0
22.3656 0 0
21.4335 0 0
20.5402 0 0
19.6842 0 0
18.8638 0 0
18.0777 0 0
17.3243 0 0
16.6023 0 0
15.9104 0 0
15.2473 0 0
14.6119 0 0
14.0029 0 0
13.4193 0 0
12.8601 0 0
12.3241 0 0
11.8105 0 0
11.3183 0 0
10.8466 0 0
10.3946 0 0
9.96138 0 0
9.54623 0 0
9.14839 0 0
8.76712 0 0
8.40175 0 0
8.0516 0 0
7.71605 0 0
7.39448 0 0
7.08631 0 0
6.79099 0 0
6.50797 0 0
6.23674 0 0
5.97683 0 0
5.72774 0 0
5.48903 0 0
5.26027 0 0
5.04105 0 0
4.83096 0 0
4.62963 0 0
4.43669 0 0
4.25179 0 0
4.07459 0 0
3.90478 0 0
3.74205 0 0
3.5861 0 0
3.43664 0 0
3.29342 0 0
3.15616 0 0
3.02463 0 0
2.89858 0 0
2.77778 0 0
2.66201 0 0
2.55107 0 0
2.44475 0 0
2.34287 0 0
2.24523 0 0
2.15166 0 0
2.06199 0 0
1.97605 0 0
1.8937 0 0
1.81478 0 0
1.73915 0 0
1.66667 0 0
1.59721 0 0
1.53064 0 0
1.46685 0 0
1.40572 0 0
1.34714 0 0
1.29099 0 0
1.23719 0 0
1.18563 0 0
1.13622 0 0
1.08887 0 0
1.04349 0 0
1 0 0
158.489 0 0
151.884 0 0
145.554 0 0
139.488 0 0
133.675 0 0
128.104 0 0
122.765 0 0
117.649 0 0
112.746 0 0
108.047 0 0
103.544 0 0
99.229 0 0
95.0936 0 0
91.1305 0 0
87.3326 0 0
83.693 0 0
80.205 0 0
76.8625 0 0
73.6592 0 0
70.5894 0 0
67.6476 0 0
64.8283 0 0
62.1266 0 0
59.5374 0 0
57.0562 0 0
54.6783 0 0
52.3996 0 0
50.2158 0 0
48.123 0 0
46.1175 0 0
44.1955 0 0
42.3536 0 0
40.5885 0 0
38.897 0 0
37.2759 0 0
35.7224 0 0
34.2337 0 0
32.807 0 0
31.4397 0 0
30.1295 0 0
28.8738 0 0
27.6705 0 0
26.5173 0 0
25.4122 0 0
24.3531 0 0
23.3382 0 0
22.3656 0 0
21.4335 0 0
20.5402 0 0
19.6842 0 0
18.8638 0 0
18.0777 0 0
17.3243 0 0
16.6023 0 0
15.9104 0 0
15.2473 0 0
14.6119 0 0
14.0029 0 0
13.4193 0 0
12.8601 0 0
12.3241 0 0
11.8105 0 0
11.3183 0 0
10.8466 0 0
10.3946 0 0
9.96138 0 0
9.54623 0 0
9.14839 0 0
8.76712 0 0
8.40175 0 0
8.0516 0 0
7.71605 0 0
7.39448 0 0
7.08631 0 0
6.79099 0 0
6.50797 0 0
6.23674 0 0
5.97683 0 0
5.72774 0 0
5.48903 0 0
5.26027 0 0
5.04105 0 0
4.83096 0 0
4.62963 0 0
4.43669 0 0
4.25179 0 0
4.07459 0 0
3.90478 0 0
3.74205 0 0
3.5861 0 0
3.43664 0 0
3.29342 0 0
3.15616 0 0
3.02463 0 0
2.89858 0 0
2.77778 0 0
2.66201 0 0
2.55107 0 0
2.44475 0 0
2.34287 0 0
2.24523 0 0
2.15166 0 0
2.06199 0 0
1.97605 0 0
1.8937 0 0
1.81478 0 0
1.73915 0 0
1.66667 0 0
1.59721 0 0
1.53064 0 0
1.46685 0 0
1.40572 0 0
1.34714 0 0
1.29099 0 0
1.23719 0 0
1.18563 0 0
1.13622 0 0
1.08887 0 0
1.04349 0 0
1 0 0
158.489 0 0
151.884 0 0
145.554 0 0
139.488 0 0
133.675 0 0
128.104 0 0
122.765 0 0
117.649 0 0
112.746 0 0
108.047 0 0
103.544 0 0
99.229 0 0
95.0936 0 0
91.1305 0 0
87.3326 0 0
83.693 0 0
80.205 0 0
76.8625 0 0
73.6592 0 0
70.5894 0 0
67.6476 0 0
64.8283 0 0
62.1266 0 0
59.5374 0 0
57.0562 0 0
54.6783 0 0
52.3996 0 0
50.2158 0 0
48.123 0 0
46.1175 0 0
44.1955 0 0
42.3536 0 0
40.5885 0 0
38.897 0 0
37.2759 0 0
35.7224 0 0
34.2337 0 0
32.807 0 0
31.4397 0 0
30.1295 0 0
28.8738 0 0
27.6705 0 0
26.5173 0 0
25.4122 0 0
24.3531 0 0
23.3382 0 0
22.3656 0 0
21.4335 0 0
20.5402 0 0
19.6842 0 0
18.8638 0 0
18.0777 0 0
17.3243 0 0
16.6023 0 0
15.9104 0 0
15.2473 0 0
14.6119 0 0
14.0029 0 0
13.4193 0 0
12.8601 0 0
12.3241 0 0
11.8105 0 0
11.3183 0 0
10.8466 0 0
10.3946 0 0
9.96138 0 0
9.54623 0 0
9.14839 0 0
8.76712 0 0
8.40175 0 0
8.0516 0 0
7.71605 0 0
7.39448 0 0
7.08631 0 0
6.79099 0 0
6.50797 0 0
6.23674 0 0
5.97683 0 0
5.72774 0 0
5.48903 0 0
5.26027 0 0
5.04105 0 0
4.83096 0 0
4.62963 0 0
4.43669 0 0
4.25179 0 0
4.07459 0 0
3.90478 0 0
3.74205 0 0
3.5861 0 0
3.43664 0 0
3.29342 0 0
3.15616 0 0
3.02463 0 0
2.89858 0 0
2.77778 0 0
2.66201 0 0
2.55107 0 0
2.44475 0 0
2.34287 0 0
2.24523 0 0
2.15166 0 0
2.06199 0 0
1.97605 0 0
1.8937 0 0
1.81478 0 0
1.73915 0 0
1.66667 0 0
1.59721 0 0
1.53064 0 0
1.46685 0 0
1.40572 0 0
1.34714 0 0
1.29099 0 0
1.23719 0 0
1.18563 0 0
1.13622 0 0
1.08887 0 0
1.04349 0 0
1 0 0
