1 3.00816 2.99216
1 3.07584 2.92896
1 3.22544 2.79993
1 3.49421 2.60128
1 3.96986 2.34332
1 4.79329 2.42351
1.04349 3.00887 2.99149
1.04349 3.08271 2.92286
1.04349 3.2474 2.78261
1.04349 3.54853 2.56715
1.04349 4.09636 2.30008
1.04349 4.96324 3.15076
1.08887 3.00965 2.99077
1.08887 3.09021 2.91625
1.08887 3.27172 2.76385
1.08887 3.61007 2.53064
1.08887 4.24306 2.2664
1.13622 3.01049 2.98998
1.13622 3.09842 2.90908
1.13622 3.29868 2.74354
1.13622 3.68026 2.49152
1.13622 4.41036 2.25671
1.18563 3.01141 2.98913
1.18563 3.10741 2.90131
1.18563 3.32866 2.72156
1.18563 3.76025 2.45095
1.18563 4.59802 2.30968
1.23719 3.01241 2.98821
1.23719 3.11725 2.8929
1.23719 3.36204 2.69784
1.23719 3.85191 2.40951
1.23719 4.79008 2.51918
1.29099 3.01349 2.98721
1.29099 3.12802 2.88379
1.29099 3.3993 2.67227
1.29099 3.95727 2.36902
1.29099 4.94756 3.1569
1.34714 3.01467 2.98614
1.34714 3.13983 2.87393
1.34714 3.44098 2.64481
1.34714 4.07852 2.33301
1.40572 3.01595 2.98497
1.40572 3.15279 2.86327
1.40572 3.48772 2.61541
1.40572 4.21762 2.30852
1.46685 3.01733 2.98371
1.46685 3.16702 2.85174
1.46685 3.54028 2.58414
1.46685 4.37534 2.30986
1.53064 3.01884 2.98234
1.53064 3.18265 2.83929
1.53064 3.59956 2.55113
1.53064 4.54873 2.36707
1.59721 3.02048 2.98086
1.59721 3.19984 2.82585
1.59721 3.6666 2.51675
1.59721 4.72646 2.54274
1.66667 3.02227 2.97927
1.66667 3.21877 2.81136
1.66667 3.74262 2.48163
1.66667 4.88354 2.95947
1.73915 3.0242 2.97755
1.73915 3.23962 2.79576
1.73915 3.82941 2.44622
1.73915 4.98268 3.86922
1.81478 3.0263 2.97569
1.81478 3.26263 2.77898
1.81478 3.9278 2.41395
1.8937 3.02859 2.97368
1.8937 3.28805 2.76097
1.8937 4.0396 2.38787
1.97605 3.03107 2.97151
1.97605 3.31618 2.74169
1.97605 4.16596 2.37446
2.06199 3.03377 2.96918
2.06199 3.34733 2.72111
2.06199 4.3069 2.3853
2.15166 3.0367 2.96666
2.15166 3.3819 2.69923
2.15166 4.45987 2.44075
2.24523 3.03988 2.96395
2.24523 3.42031 2.67609
2.24523 4.61755 2.57442
2.34287 3.04333 2.96104
2.34287 3.46305 2.65178
2.34287 4.7663 2.83335
2.44475 3.04709 2.9579
2.44475 3.51071 2.62649
2.44475 4.8885 3.26532
2.55107 3.05116 2.95452
2.55107 3.5639 2.60053
2.55107 4.96943 3.91219
2.66201 3.05559 2.95089
2.66201 3.62336 2.57441
2.77778 3.06041 2.947
2.77778 3.68987 2.54893
2.89858 3.06563 2.94283
2.89858 3.76426 2.52533
3.02463 3.07131 2.93835
3.02463 3.84736 2.5055
3.15616 3.07748 2.93356
3.15616 3.93989 2.49231
3.29342 3.08418 2.92843
3.29342 4.04224 2.49008
3.43664 3.09146 2.92296
3.43664 4.1565 2.50438
3.5861 3.09937 2.91712
3.5861 4.27696 2.54675
3.74205 3.10796 2.91091
3.74205 4.40253 2.62763
3.90478 3.1173 2.9043
3.90478 4.52813 2.75993
4.07459 3.12745 2.89728
4.07459 4.64718 2.95341
4.25179 3.13848 2.88985
4.25179 4.75301 3.20858
4.43669 3.15047 2.88201
4.43669 4.8408 3.51333
4.62963 3.16349 2.87374
4.62963 4.90852 3.84705
4.83096 3.17765 2.86507
4.83096 4.9565 4.19017
5.04105 3.19304 2.85599
5.04105 4.98638 4.52419
5.26027 3.20977 2.84655
5.48903 3.22795 2.83677
5.72774 3.24771 2.82671
5.97683 3.26918 2.81645
6.23674 3.2925 2.80607
6.50797 3.31782 2.79572
6.79099 3.34531 2.78556
7.08631 3.37511 2.7758
7.39448 3.4074 2.76671
7.71605 3.44234 2.75863
8.0516 3.48009 2.75195
8.40175 3.52078 2.74718
8.76712 3.56453 2.74491
9.14839 3.61141 2.74584
9.54623 3.66145 2.75077
9.96138 3.71458 2.76062
10.3946 3.77067 2.77637
10.8466 3.82944 2.79903
11.3183 3.89054 2.82961
11.8105 3.95345 2.86898
12.3241 4.01754 2.91781
12.8601 4.08211 2.97642
13.4193 4.14639 3.04471
14.0029 4.20959 3.1221
14.6119 4.27099 3.20752
15.2473 4.32996 3.29947
15.9104 4.38598 3.39618
16.6023 4.43869 3.49572
17.3243 4.48787 3.59616
18.0777 4.53342 3.69577
18.8638 4.57537 3.79303
19.6842 4.61382 3.88673
20.5402 4.64892 3.97598
21.4335 4.68088 4.06018
22.3656 4.70992 4.13899
23.3382 4.73626 4.21227
24.3531 4.76015 4.28006
25.4122 4.78179 4.3425
26.5173 4.8014 4.39983
27.6705 4.81917 4.45232
28.8738 4.83526 4.5003
30.1295 4.84986 4.54409
31.4397 4.86309 4.58401
32.807 4.87511 4.62038
34.2337 4.88601 4.65351
35.7224 4.89592 4.68367
37.2759 4.90494 4.71112
38.897 4.91313 4.73613
40.5885 4.92059 4.75889
42.3536 4.92739 4.77963
44.1955 4.93358 4.79853
46.1175 4.93923 4.81575
48.123 4.94438 4.83144
50.2158 4.94908 4.84576
52.3996 4.95337 4.85881
54.6783 4.95729 4.87072
57.0562 4.96088 4.88158
59.5374 4.96416 4.89149
62.1266 4.96716 4.90053
64.8283 4.9699 4.90878
67.6476 4.97242 4.9163
70.5894 4.97472 4.92316
73.6592 4.97683 4.92942
76.8625 4.97877 4.93512
80.205 4.98055 4.94031
83.693 4.98218 4.94505
87.3326 4.98368 4.94936
91.1305 4.98507 4.95328
95.0936 4.98634 4.95686
99.229 4.98751 4.96011
103.544 4.98859 4.96307
108.047 4.98958 4.96576
112.746 4.9905 4.96822
117.649 4.99135 4.97045
122.765 4.99214 4.97248
128.104 4.99287 4.97433
133.675 4.99354 4.97602
139.488 4.99417 4.97756
145.554 4.99476 4.97896
151.884 4.9953 4.98024
158.489 4.9958 4.98141
