100 81.3918 66.2462 53.919 43.8856 35.7193 29.0726 23.6627 19.2595 15.6756 12.7587 10.3845 8.45213 6.87934 5.59922 4.5573 3.70927 3.01904 2.45725 2 
0 4.08324 4.0255 45 1.27102 0
0 4.38084 3.6571 45 1.33607 1
0 4.44897 3.57969 45 1.35144 2
0 4.50273 3.52026 45 1.3637 3
0 4.56328 3.45501 45 1.37764 4
1 4.06989 4.00064 45 1.26412 0
1 4.35681 3.6478 45 1.32129 1
1 4.44793 3.54528 45 1.34003 2
1 4.50009 3.48845 45 1.3509 3
1 4.56311 3.42154 45 1.36415 4
1 4.58648 3.39719 45 1.36911 5
2 4.05307 3.96176 45 1.25544 0
2 4.32236 3.63347 45 1.30217 1
2 4.44703 3.49494 45 1.32453 2
2 4.49745 3.44111 45 1.3337 3
2 4.5629 3.37299 45 1.34572 4
2 4.58217 3.35331 45 1.34929 5
3 4.02968 3.89829 45 1.24585 0
3 4.27438 3.60331 45 1.28005 1
3 4.44627 3.41552 45 1.30489 2
3 4.49488 3.36502 45 1.31205 3
3 4.56264 3.29641 45 1.32212 4
3 4.57755 3.28159 45 1.32435 5
4 3.9947 3.79722 45 1.23809 0
4 4.21067 3.54058 45 1.25946 1
4 4.4456 3.28973 45 1.28357 2
4 4.49242 3.24287 45 1.28849 3
4 4.5623 3.17473 45 1.2959 4
4 4.57273 3.16474 45 1.29701 5
5 3.94131 3.6503 45 1.23904 0
5 4.13174 3.42778 45 1.25136 1
5 4.44499 3.10324 45 1.27249 2
5 4.49005 3.06028 45 1.27563 3
5 4.56184 2.99359 45 1.28067 4
5 4.56773 2.98821 45 1.28108 5
6 3.86372 3.47175 45 1.26065 0
6 4.04216 3.26628 45 1.2736 1
6 4.44439 2.86365 45 1.30436 2
6 4.48765 2.82465 45 1.30781 3
6 4.56118 2.76006 45 1.31373 4
6 4.56245 2.75896 45 1.31384 5
7 3.76407 3.30941 45 1.30466 0
7 3.9496 3.09675 45 1.33114 1
7 4.44375 2.61696 45 1.40671 2
7 4.48503 2.58167 45 1.41337 3
7 4.55649 2.52208 45 1.42506 4
7 4.56014 2.51909 45 1.42566 5
8 3.65651 3.20828 45 1.34492 0
8 3.86195 2.97099 45 1.39229 1
8 4.44293 2.41872 45 1.53851 2
8 4.48169 2.38697 45 1.54898 3
8 4.54889 2.33321 45 1.56734 4
8 4.55818 2.3259 45 1.5699 5
9 3.55761 3.16463 45 1.3614 0
9 3.78444 2.89918 45 1.42758 1
9 4.44148 2.28331 45 1.64041 2
9 4.47606 2.2559 45 1.65258 3
9 4.53686 2.20873 45 1.67424 4
9 4.55236 2.19691 45 1.67981 5
9 4.58494 2.17232 45 1.6916 6
10 3.47488 3.14831 45 1.36093 0
10 3.71873 2.85924 45 1.44052 1
10 4.43528 2.19374 45 1.70349 2
10 4.46133 2.17358 45 1.71397 3
10 4.51414 2.13341 45 1.73544 4
10 4.52252 2.12712 45 1.73887 5
10 4.56871 2.09288 45 1.75794 6
11 3.40794 3.14081 45 1.35553 0
11 3.66414 2.83347 45 1.44464 1
11 4.37222 2.17143 45 1.72232 2
11 4.44124 2.11819 45 1.75219 3
11 4.44736 2.11355 45 1.75486 4
11 4.49423 2.07843 45 1.7755 5
11 4.56317 2.02808 45 1.80633 6
11 4.57124 2.02228 45 1.80997 7
12 3.35442 3.14004 45 1.35018 0
12 3.61912 2.81878 45 1.44641 1
12 4.24514 2.21844 45 1.70096 2
12 4.32118 2.15738 45 1.73479 3
12 4.44376 2.06333 45 1.79082 4
12 4.48424 2.03341 45 1.80973 5
12 4.55214 1.9844 45 1.84194 6
12 4.55981 1.97896 45 1.84561 7
13 3.31304 3.15041 45 1.34387 0
13 3.58207 2.82008 45 1.44469 1
13 4.11486 2.29338 45 1.66553 2
13 4.18666 2.23265 45 1.69769 3
13 4.44007 2.03403 45 1.8163 4
13 4.4701 2.01199 45 1.8309 5
13 4.52291 1.97393 45 1.85689 6
13 4.54945 1.95514 45 1.8701 7
13 4.57891 1.93454 45 1.88487 8
14 3.28351 3.17283 45 1.3336 0
14 3.55167 2.84021 45 1.43554 1
14 4.00135 2.38251 45 1.62236 2
14 4.06505 2.32587 45 1.6506 3
14 4.3731 2.07523 45 1.79403 4
14 4.44519 2.02159 45 1.82935 5
14 4.45695 2.01301 45 1.83518 6
14 4.49069 1.98862 45 1.852 7
14 4.56154 1.9386 45 1.88785 8
14 4.56204 1.93825 45 1.8881 9
15 3.26497 3.20063 45 1.31897 0
15 3.52688 2.87349 45 1.41844 1
15 3.90653 2.47719 45 1.57414 2
15 3.96396 2.42385 45 1.59898 3
15 4.22965 2.19595 45 1.71873 4
15 4.30899 2.13334 45 1.75611 5
15 4.44066 2.03439 45 1.81988 6
15 4.47082 2.01254 45 1.8348 7
15 4.52107 1.97679 45 1.85993 8
15 4.55095 1.9559 45 1.87504 9
15 4.57956 1.93616 45 1.88962 10
16 3.25515 3.22477 45 1.3036 0
16 3.50691 2.90913 45 1.39831 1
16 3.82805 2.56678 45 1.52738 2
16 3.88253 2.51432 45 1.55026 3
16 4.09952 2.31922 45 1.64445 4
16 4.17914 2.25272 45 1.68029 5
16 4.35007 2.11817 45 1.75967 6
16 4.44163 2.05036 45 1.80363 7
16 4.45091 2.04364 45 1.80815 8
16 4.48561 2.01877 45 1.82512 9
16 4.54606 1.97635 45 1.85505 10
16 4.56065 1.96629 45 1.86234 11
17 3.25082 3.23954 45 1.29152 0
17 3.49111 2.93774 45 1.38106 1
17 3.7618 2.64394 45 1.48786 2
17 3.81647 2.58967 45 1.51024 3
17 3.98303 2.4335 45 1.58021 4
17 4.0729 2.35454 45 1.61912 5
17 4.1921 2.25504 45 1.67204 6
17 4.30289 2.1675 45 1.72261 7
17 4.39934 2.09489 45 1.76776 8
17 4.44608 2.06083 45 1.79004 9
17 4.48483 2.03313 45 1.80871 10
17 4.49821 2.02368 45 1.81519 11
17 4.55678 1.98296 45 1.84385 12
17 4.56186 1.97948 45 1.84635 13
18 3.24935 3.24668 45 1.28478 0
18 3.47888 2.95792 45 1.36988 1
18 3.70166 2.7119 45 1.45667 2
18 3.75809 2.65422 45 1.47935 3
18 3.87763 2.53757 45 1.52837 4
18 3.97244 2.45004 45 1.56821 5
18 4.07107 2.36333 45 1.6106 6
18 4.15393 2.29365 45 1.64698 7
18 4.24936 2.21677 45 1.68977 8
18 4.32907 2.15516 45 1.72627 9
18 4.39868 2.10318 45 1.75873 10
18 4.44569 2.069 45 1.78096 11
18 4.48581 2.04039 45 1.80014 12
18 4.50814 2.02469 45 1.8109 13
18 4.55407 1.99288 45 1.83321 14
18 4.56279 1.98692 45 1.83748 15
19 3.24899 3.24924 45 1.28216 0
19 3.46965 2.97113 45 1.36386 1
19 3.64326 2.776 45 1.43095 2
19 3.70116 2.71499 45 1.45391 3
19 3.80007 2.61508 45 1.49383 4
19 3.88556 2.53282 45 1.52905 5
19 3.97665 2.44907 45 1.56734 6
19 4.04656 2.38735 45 1.59728 7
19 4.09565 2.34527 45 1.6186 8
19 4.19197 2.26557 45 1.66114 9
19 4.25975 2.21164 45 1.69167 10
19 4.33397 2.15453 45 1.72567 11
19 4.3803 2.11986 45 1.7472 12
19 4.44346 2.07376 45 1.77694 13
19 4.47126 2.05388 45 1.79018 14
19 4.49206 2.03917 45 1.80014 15
19 4.53874 2.00665 45 1.82269 16
19 4.56015 1.99196 45 1.83311 17
