100 96.1255 92.4011 88.8211 85.3797 82.0717 78.8918 75.8352 72.897 70.0726 67.3576 64.7479 62.2392 59.8278 57.5098 55.2816 53.1397 51.0808 49.1017 47.1992 45.3705 43.6126 41.9229 40.2986 38.7372 37.2364 35.7936 34.4068 33.0737 31.7923 30.5605 29.3764 28.2383 27.1442 26.0925 25.0815 24.1098 23.1756 22.2777 21.4145 20.5848 19.7873 19.0206 18.2837 17.5753 16.8943 16.2398 15.6106 15.0057 14.4243 13.8655 13.3282 12.8118 12.3155 11.8383 11.3796 10.9387 10.5149 10.1075 9.71589 9.33945 8.97759 8.62976 8.2954 7.974 7.66504 7.36806 7.08259 6.80818 6.54439 6.29083 6.0471 5.8128 5.58759 5.3711 5.16299 4.96295 4.77066 4.58583 4.40815 4.23736 4.07318 3.91537 3.76367 3.61784 3.47767 3.34293 3.21341 3.0889 2.96923 2.85418 2.7436 2.6373 2.53512 2.43689 2.34248 2.25172 2.16448 2.08061 2 
0 3.94081 3.9046 0 -2.56986 0
0 4.24687 4.24471 0 -2.92693 1
0 4.26009 4.23368 0 -2.86926 2
0 4.28259 4.21976 0 -2.78863 3
0 4.3152 4.19518 0 -2.63559 4
0 4.36 4.16291 0 -2.42089 5
0 4.41891 4.11652 0 -2.09814 6
0 4.49694 4.05979 0 -1.6818 7
0 4.60075 3.9847 0 -1.03128 8
0 4.74059 3.92817 0 -0.169861 9
0 4.80302 4.62432 0 -0.463579 10
0 4.87061 4.86173 0 -1.39735 11
0 4.88316 4.84464 0 -1.33965 12
0 4.90459 4.82195 0 -1.32859 13
0 4.93541 4.64044 0 -1.11481 14
1 3.93949 3.90171 0 -2.56362 0
1 4.24687 4.24482 0 -2.93197 1
1 4.26001 4.23623 0 -2.87977 2
1 4.28265 4.21901 0 -2.78182 3
1 4.31519 4.19518 0 -2.63491 4
1 4.35973 4.16066 0 -2.40534 5
1 4.41873 4.11754 0 -2.11051 6
1 4.49675 4.05837 0 -1.65659 7
1 4.60051 3.9884 0 -1.0609 8
1 4.73982 3.92621 0 -0.15016 9
1 4.79928 4.61517 0 -0.441768 10
1 4.87048 4.86222 0 -1.39071 11
1 4.88312 4.8445 0 -1.35152 12
1 4.90478 4.82289 0 -1.30781 13
1 4.93575 4.71812 0 -1.23272 14
1 4.94985 3.88688 0 0.707807 15
2 3.93781 3.89806 0 -2.55758 0
2 4.24685 4.24534 0 -2.92818 1
2 4.26008 4.23596 0 -2.88735 2
2 4.28249 4.21901 0 -2.779 3
2 4.31506 4.19521 0 -2.62964 4
2 4.35965 4.15998 0 -2.40587 5
2 4.41873 4.11803 0 -2.11771 6
2 4.49643 4.06024 0 -1.66515 7
2 4.59982 3.98595 0 -1.04741 8
2 4.73925 3.93182 0 -0.162035 9
2 4.79576 4.60176 0 -0.404471 10
2 4.87038 4.86293 0 -1.39166 11
2 4.88309 4.84656 0 -1.36858 12
2 4.90458 4.81569 0 -1.28807 13
2 4.93513 4.65466 0 -1.12632 14
2 4.94924 3.88388 0 0.707958 15
3 3.93598 3.89482 0 -2.55155 0
3 4.24691 4.24454 0 -2.92951 1
3 4.26 4.23556 0 -2.87836 2
3 4.28226 4.22029 0 -2.78196 3
3 4.31509 4.19424 0 -2.6332 4
3 4.35977 4.16084 0 -2.41228 5
3 4.41852 4.11775 0 -2.10539 6
3 4.49611 4.06003 0 -1.67461 7
3 4.5995 3.98918 0 -1.05979 8
3 4.73834 3.93101 0 -0.168344 9
3 4.79191 4.59169 0 -0.390799 10
3 4.87047 4.86313 0 -1.37232 11
3 4.8831 4.84736 0 -1.37337 12
3 4.90439 4.82149 0 -1.30352 13
3 4.93538 4.68922 0 -1.22069 14
3 4.94774 3.89192 0 0.71056 15
4 3.93426 3.89164 0 -2.54679 0
4 4.24677 4.24548 0 -2.93386 1
4 4.25998 4.23433 0 -2.87195 2
4 4.28243 4.21913 0 -2.78461 3
4 4.31508 4.19459 0 -2.62853 4
4 4.35958 4.16364 0 -2.43066 5
4 4.41813 4.11629 0 -2.09819 6
4 4.496 4.05977 0 -1.67218 7
4 4.59882 3.98643 0 -1.0488 8
4 4.73756 3.94272 0 -0.162987 9
4 4.7884 4.57417 0 -0.386981 10
4 4.87043 4.86348 0 -1.37439 11
4 4.88305 4.8453 0 -1.37293 12
4 4.90419 4.8211 0 -1.29304 13
4 4.93465 4.68086 0 -1.2067 14
4 4.94647 3.89589 0 0.685639 15
5 3.93218 3.88651 0 -2.54273 0
5 4.24693 4.24598 0 -2.93736 1
5 4.25988 4.23432 0 -2.86898 2
5 4.28242 4.22007 0 -2.79197 3
5 4.31486 4.1946 0 -2.62628 4
5 4.35938 4.16261 0 -2.42359 5
5 4.41795 4.11607 0 -2.10198 6
5 4.49564 4.0613 0 -1.67942 7
5 4.5987 3.98665 0 -1.05531 8
5 4.73632 3.95561 0 -0.168625 9
5 4.78399 4.5584 0 -0.387134 10
5 4.8706 4.8632 0 -1.42667 11
5 4.88274 4.84677 0 -1.36055 12
5 4.90424 4.82074 0 -1.31603 13
5 4.93493 4.67216 0 -1.18553 14
5 4.94496 3.9159 0 0.63195 15
6 3.93013 3.88214 0 -2.53864 0
6 4.2469 4.24535 0 -2.93575 1
6 4.25986 4.23593 0 -2.87847 2
6 4.28231 4.21909 0 -2.78154 3
6 4.31487 4.19436 0 -2.6291 4
6 4.35932 4.1626 0 -2.42165 5
6 4.41772 4.117 0 -2.10875 6
6 4.49534 4.06032 0 -1.66309 7
6 4.59824 3.98685 0 -1.06815 8
6 4.73549 3.95702 0 -0.168394 9
6 4.77931 4.53812 0 -0.33697 10
6 4.87032 4.86213 0 -1.41892 11
6 4.88292 4.8477 0 -1.37332 12
6 4.90395 4.82031 0 -1.33776 13
6 4.93445 4.60423 0 -1.0745 14
6 4.94392 3.92241 0 0.619365 15
7 3.92802 3.87704 0 -2.53024 0
7 4.24682 4.24505 0 -2.92934 1
7 4.25985 4.235 0 -2.87832 2
7 4.28233 4.21968 0 -2.78579 3
7 4.31468 4.19468 0 -2.62487 4
7 4.35929 4.16011 0 -2.41665 5
7 4.4177 4.11901 0 -2.11326 6
7 4.49485 4.06143 0 -1.68497 7
7 4.59786 3.98739 0 -1.06253 8
7 4.73399 3.97323 0 -0.16953 9
7 4.7748 4.51905 0 -0.349065 10
7 4.87046 4.86264 0 -1.38166 11
7 4.88281 4.84663 0 -1.37378 12
7 4.90412 4.81959 0 -1.30114 13
7 4.93385 4.6265 0 -1.09658 14
7 4.94256 3.93138 0 0.583017 15
8 3.9258 3.87257 0 -2.53221 0
8 4.24678 4.24522 0 -2.93136 1
8 4.26003 4.2351 0 -2.87597 2
8 4.28216 4.22037 0 -2.79212 3
8 4.31469 4.19465 0 -2.63705 4
8 4.3589 4.16191 0 -2.41813 5
8 4.41763 4.11794 0 -2.10979 6
8 4.49455 4.06082 0 -1.68356 7
8 4.5972 3.98734 0 -1.06635 8
8 4.73324 3.98007 0 -0.153082 9
8 4.76959 4.48353 0 -0.359812 10
8 4.87046 4.86318 0 -1.4365 11
8 4.88282 4.84876 0 -1.38745 12
8 4.90362 4.81994 0 -1.34225 13
8 4.93332 4.49103 0 -0.854064 14
8 4.94152 3.96055 0 0.498071 15
9 3.92343 3.86519 0 -2.51657 0
9 4.24683 4.24502 0 -2.93286 1
9 4.25993 4.23593 0 -2.88166 2
9 4.2822 4.21897 0 -2.77908 3
9 4.31455 4.19446 0 -2.62948 4
9 4.35878 4.16196 0 -2.42089 5
9 4.41722 4.11842 0 -2.10813 6
9 4.49428 4.06114 0 -1.69393 7
9 4.59661 3.98787 0 -1.06201 8
9 4.73206 3.99713 0 -0.159119 9
9 4.76434 4.44765 0 -0.315999 10
9 4.87042 4.86215 0 -1.40028 11
9 4.8827 4.84871 0 -1.36242 12
9 4.90346 4.81822 0 -1.32453 13
9 4.93315 4.44422 0 -0.786242 14
9 4.94019 4.01475 0 0.3866 15
10 3.9208 3.85867 0 -2.51142 0
10 4.2468 4.24512 0 -2.92865 1
10 4.25989 4.2357 0 -2.88113 2
10 4.28214 4.21856 0 -2.78463 3
10 4.31458 4.19551 0 -2.62539 4
10 4.3586 4.16267 0 -2.43796 5
10 4.41712 4.11714 0 -2.09352 6
10 4.49396 4.06197 0 -1.6984 7
10 4.59608 3.98846 0 -1.06868 8
10 4.72997 4.03681 0 -0.178546 9
10 4.75917 4.40756 0 -0.301449 10
10 4.8704 4.86179 0 -1.39335 11
10 4.88262 4.84864 0 -1.38644 12
10 4.90348 4.82149 0 -1.29574 13
10 4.93244 4.33009 0 -0.546244 14
10 4.93865 4.08331 0 0.209585 15
11 3.91791 3.8511 0 -2.50168 0
11 4.24681 4.24452 0 -2.92925 1
11 4.25986 4.23606 0 -2.88221 2
11 4.28197 4.21841 0 -2.7795 3
11 4.31462 4.19566 0 -2.63958 4
11 4.3583 4.16217 0 -2.41824 5
11 4.41687 4.11784 0 -2.11425 6
11 4.49363 4.06035 0 -1.67505 7
11 4.59544 3.99052 0 -1.09021 8
11 4.72817 4.0769 0 -0.138886 9
11 4.75377 4.34413 0 -0.326423 10
11 4.87054 4.86298 0 -1.38387 11
11 4.88238 4.84664 0 -1.37622 12
11 4.90329 4.82155 0 -1.30972 13
11 4.93148 4.1639 0 -0.194238 14
11 4.93787 4.14223 0 0.0560271 15
12 3.91506 3.84311 0 -2.49903 0
12 4.24688 4.24486 0 -2.93255 1
12 4.25979 4.23659 0 -2.88321 2
12 4.28194 4.21833 0 -2.77327 3
12 4.3144 4.19748 0 -2.65504 4
12 4.35821 4.16081 0 -2.4105 5
12 4.41682 4.11636 0 -2.11098 6
12 4.49314 4.06258 0 -1.6895 7
12 4.59476 3.9889 0 -1.07384 8
12 4.72561 4.13903 0 -0.149978 9
12 4.7484 4.25524 0 -0.291633 10
12 4.87043 4.86332 0 -1.38218 11
12 4.88247 4.84829 0 -1.37676 12
12 4.90301 4.81414 0 -1.33053 13
12 4.93097 4.09011 0 -0.00929082 14
12 4.93645 4.38645 0 -0.471492 15
13 3.91176 3.83408 0 -2.4928 0
13 4.2468 4.2446 0 -2.92812 1
13 4.25983 4.23569 0 -2.88093 2
13 4.28203 4.21902 0 -2.77954 3
13 4.31429 4.1959 0 -2.65039 4
13 4.35795 4.16118 0 -2.41143 5
13 4.41645 4.11919 0 -2.12112 6
13 4.49268 4.06257 0 -1.6904 7
13 4.59414 3.98969 0 -1.08449 8
13 4.72238 4.21294 0 -0.134425 9
13 4.74345 4.15557 0 -0.29926 10
13 4.87045 4.86188 0 -1.35965 11
13 4.8822 4.84797 0 -1.39474 12
13 4.90303 4.82016 0 -1.31302 13
13 4.92988 3.98088 0 0.277004 14
13 4.93541 4.54108 0 -0.808872 15
14 3.90852 3.82459 0 -2.48679 0
14 4.24681 4.24522 0 -2.93227 1
14 4.25983 4.23671 0 -2.88424 2
14 4.28176 4.2185 0 -2.77853 3
14 4.31426 4.19566 0 -2.64433 4
14 4.3579 4.16245 0 -2.41692 5
14 4.41604 4.11789 0 -2.1251 6
14 4.4923 4.06148 0 -1.68551 7
14 4.59352 3.98992 0 -1.08607 8
14 4.71757 4.30972 0 -0.115714 9
14 4.73957 4.06662 0 -0.284204 10
14 4.87032 4.86336 0 -1.37157 11
14 4.88243 4.84826 0 -1.35338 12
14 4.90269 4.80615 0 -1.29569 13
14 4.9283 3.90565 0 0.469794 14
14 4.93483 4.62376 0 -0.963187 15
15 3.90496 3.81388 0 -2.48002 0
15 4.24677 4.2448 0 -2.9303 1
15 4.25985 4.23564 0 -2.88007 2
15 4.28185 4.22034 0 -2.78676 3
15 4.31402 4.1954 0 -2.64436 4
15 4.3577 4.16246 0 -2.4136 5
15 4.41573 4.11926 0 -2.12906 6
15 4.49196 4.0605 0 -1.67813 7
15 4.59305 3.9911 0 -1.10401 8
15 4.71151 4.37608 0 -0.103836 9
15 4.7361 3.99175 0 -0.296744 10
15 4.87029 4.86342 0 -1.40681 11
15 4.88232 4.85021 0 -1.38459 12
15 4.90263 4.81005 0 -1.29951 13
15 4.92649 3.8587 0 0.594628 14
15 4.93429 4.6759 0 -1.09749 15
16 3.90089 3.80283 0 -2.47228 0
16 4.24682 4.24452 0 -2.92829 1
16 4.25982 4.23604 0 -2.88085 2
16 4.28173 4.21906 0 -2.78554 3
16 4.31382 4.19601 0 -2.64323 4
16 4.35756 4.16211 0 -2.42527 5
16 4.41542 4.11972 0 -2.12703 6
16 4.4916 4.0608 0 -1.68837 7
16 4.59208 3.99066 0 -1.10164 8
16 4.70454 4.41614 0 -0.0866898 9
16 4.7333 3.94447 0 -0.292296 10
16 4.87027 4.86353 0 -1.3771 11
16 4.88233 4.8497 0 -1.36868 12
16 4.90241 4.80421 0 -1.30324 13
16 4.92472 3.83213 0 0.678519 14
16 4.93406 4.7246 0 -1.19489 15
17 3.89666 3.79008 0 -2.46886 0
17 4.24675 4.24531 0 -2.93623 1
17 4.25967 4.23484 0 -2.86908 2
17 4.28185 4.22057 0 -2.79212 3
17 4.31365 4.19539 0 -2.64188 4
17 4.35745 4.16208 0 -2.42739 5
17 4.41502 4.11856 0 -2.11818 6
17 4.49092 4.06218 0 -1.69768 7
17 4.59147 3.99042 0 -1.08969 8
17 4.69644 4.42189 0 -0.0829316 9
17 4.73127 3.92063 0 -0.299407 10
17 4.87032 4.86297 0 -1.36772 11
17 4.88217 4.85003 0 -1.37656 12
17 4.90237 4.80937 0 -1.30441 13
17 4.92254 3.82513 0 0.697051 14
17 4.93361 4.7642 0 -1.26046 15
18 3.89178 3.77618 0 -2.45971 0
18 4.24679 4.24523 0 -2.93128 1
18 4.25962 4.23507 0 -2.87646 2
18 4.28169 4.22018 0 -2.79236 3
18 4.31362 4.19532 0 -2.63711 4
18 4.35728 4.16292 0 -2.42897 5
18 4.41459 4.11914 0 -2.12712 6
18 4.49045 4.06152 0 -1.69397 7
18 4.59065 3.99127 0 -1.10556 8
18 4.68758 4.42435 0 -0.0378434 9
18 4.72904 3.90922 0 -0.310528 10
18 4.87036 4.86374 0 -1.37211 11
18 4.88207 4.84913 0 -1.38234 12
18 4.90211 4.80283 0 -1.28834 13
18 4.92034 3.81456 0 0.730659 14
18 4.93349 4.77177 0 -1.26076 15
19 3.88684 3.76133 0 -2.45249 0
19 4.24677 4.24531 0 -2.92982 1
19 4.25969 4.23612 0 -2.88366 2
19 4.28157 4.21902 0 -2.78384 3
19 4.3135 4.19522 0 -2.64272 4
19 4.35682 4.16214 0 -2.42192 5
19 4.41435 4.11881 0 -2.12675 6
19 4.48996 4.06259 0 -1.70019 7
19 4.58976 3.99161 0 -1.11158 8
19 4.67793 4.41314 0 -0.0624458 9
19 4.72728 3.90218 0 -0.302348 10
19 4.87031 4.86359 0 -1.39444 11
19 4.88198 4.84936 0 -1.36383 12
19 4.902 4.77678 0 -1.27025 13
19 4.91829 3.80418 0 0.752644 14
19 4.93287 4.77973 0 -1.27765 15
20 3.88133 3.7453 0 -2.44319 0
20 4.2468 4.24493 0 -2.93011 1
20 4.25962 4.23511 0 -2.87917 2
20 4.28146 4.2204 0 -2.78651 3
20 4.31335 4.19551 0 -2.64741 4
20 4.35679 4.16277 0 -2.42506 5
20 4.41395 4.1179 0 -2.12741 6
20 4.48926 4.06299 0 -1.70464 7
20 4.58881 3.9921 0 -1.1183 8
20 4.66771 4.39681 0 -0.0335156 9
20 4.72555 3.89824 0 -0.306394 10
20 4.87019 4.86332 0 -1.38816 11
20 4.88221 4.85078 0 -1.37516 12
20 4.90149 4.75186 0 -1.19699 13
20 4.91594 3.82277 0 0.693196 14
20 4.93274 4.77972 0 -1.30576 15
21 3.87535 3.72782 0 -2.43732 0
21 4.24672 4.2455 0 -2.93411 1
21 4.2596 4.23583 0 -2.88092 2
21 4.28146 4.21917 0 -2.78483 3
21 4.31318 4.1954 0 -2.64098 4
21 4.35649 4.16286 0 -2.43304 5
21 4.41347 4.1195 0 -2.12631 6
21 4.48877 4.06064 0 -1.70154 7
21 4.58801 3.99312 0 -1.12095 8
21 4.65679 4.37699 0 -0.0190321 9
21 4.72364 3.89674 0 -0.31898 10
21 4.87029 4.86313 0 -1.38966 11
21 4.88198 4.84994 0 -1.38823 12
21 4.90124 4.74591 0 -1.20287 13
21 4.91333 3.82548 0 0.686804 14
21 4.93266 4.79211 0 -1.32607 15
22 3.86895 3.70934 0 -2.42889 0
22 4.24677 4.24549 0 -2.93131 1
22 4.25953 4.23524 0 -2.87961 2
22 4.28136 4.21996 0 -2.79162 3
22 4.313 4.19527 0 -2.63622 4
22 4.35631 4.16276 0 -2.43681 5
22 4.41301 4.11879 0 -2.12584 6
22 4.48806 4.06268 0 -1.71162 7
22 4.58688 3.99307 0 -1.12424 8
22 4.64539 4.35525 0 -0.0105829 9
22 4.72199 3.89634 0 -0.320763 10
22 4.8703 4.86343 0 -1.40218 11
22 4.88195 4.85107 0 -1.38889 12
22 4.90097 4.66363 0 -1.0493 13
22 4.91099 3.87037 0 0.55787 14
22 4.93203 4.79007 0 -1.33203 15
23 3.862 3.68922 0 -2.41975 0
23 4.24671 4.24543 0 -2.93272 1
23 4.25947 4.23491 0 -2.87851 2
23 4.28133 4.22003 0 -2.78612 3
23 4.3128 4.19544 0 -2.64594 4
23 4.35607 4.16307 0 -2.43333 5
23 4.41272 4.11948 0 -2.13175 6
23 4.48736 4.06213 0 -1.71476 7
23 4.58579 3.99304 0 -1.11967 8
23 4.63333 4.33217 0 -0.00768603 9
23 4.72014 3.89598 0 -0.331485 10
23 4.87021 4.86176 0 -1.36319 11
23 4.88171 4.85011 0 -1.37064 12
23 4.90056 4.59886 0 -0.939076 13
23 4.90854 3.94078 0 0.37389 14
23 4.93198 4.79518 0 -1.32021 15
24 3.85429 3.66805 0 -2.41079 0
24 4.24676 4.2453 0 -2.93418 1
24 4.2593 4.23574 0 -2.8799 2
24 4.28116 4.2169 0 -2.77425 3
24 4.31315 4.19691 0 -2.64932 4
24 4.35538 4.16565 0 -2.44665 5
24 4.41222 4.11744 0 -2.12338 6
24 4.48675 4.06342 0 -1.72467 7
24 4.58456 3.99426 0 -1.12742 8
24 4.62087 4.30808 0 0.0042625 9
24 4.71822 3.89665 0 -0.341646 10
24 4.87023 4.86203 0 -1.37034 11
24 4.88184 4.85087 0 -1.36617 12
24 4.89951 4.38081 0 -0.526434 13
24 4.90635 4.0599 0 0.0767506 14
24 4.93163 4.79338 0 -1.33296 15
25 3.84616 3.64534 0 -2.40155 0
25 4.24674 4.2454 0 -2.93475 1
25 4.25937 4.23554 0 -2.8793 2
25 4.28101 4.21804 0 -2.77847 3
25 4.31261 4.19616 0 -2.64366 4
25 4.35535 4.16393 0 -2.44349 5
25 4.41177 4.11958 0 -2.13915 6
25 4.4859 4.06324 0 -1.72296 7
25 4.58305 3.99939 0 -1.10465 8
25 4.6079 4.28077 0 -0.00521731 9
25 4.71631 3.89579 0 -0.34351 10
25 4.87015 4.86275 0 -1.38788 11
25 4.88172 4.85032 0 -1.39291 12
25 4.89799 4.15852 0 -0.0981944 13
25 4.90466 4.26056 0 -0.357827 14
25 4.93138 4.79679 0 -1.32778 15
26 3.83736 3.62157 0 -2.39059 0
26 4.24664 4.24515 0 -2.93042 1
26 4.25943 4.23539 0 -2.88102 2
26 4.28097 4.22003 0 -2.79113 3
26 4.31214 4.19673 0 -2.65205 4
26 4.35503 4.16156 0 -2.4248 5
26 4.41145 4.12075 0 -2.1469 6
26 4.48506 4.06227 0 -1.71845 7
26 4.58168 4.00833 0 -1.05949 8
26 4.59474 4.23784 0 -0.0877769 9
26 4.71422 3.89635 0 -0.35003 10
26 4.87017 4.85984 0 -1.37269 11
26 4.88168 4.84765 0 -1.38171 12
26 4.8959 3.85076 0 0.600996 13
26 4.90331 4.53559 0 -0.890059 14
26 4.93107 4.79862 0 -1.33425 15
27 3.82776 3.59657 0 -2.38131 0
27 4.24676 4.24485 0 -2.93129 1
27 4.25922 4.23561 0 -2.88119 2
27 4.28094 4.22011 0 -2.79458 3
27 4.31201 4.19664 0 -2.64499 4
27 4.35462 4.16176 0 -2.43474 5
27 4.41085 4.11934 0 -2.13371 6
27 4.48417 4.0639 0 -1.73713 7
27 4.5772 4.14115 0 -0.41404 8
27 4.58367 4.07498 0 -0.747744 9
27 4.71209 3.89774 0 -0.368044 10
27 4.87014 4.86092 0 -1.40013 11
27 4.88163 4.84662 0 -1.38467 12
27 4.89289 3.88059 0 0.511818 13
27 4.90264 4.68511 0 -1.1474 14
27 4.93079 4.79864 0 -1.36294 15
28 3.81759 3.57042 0 -2.36884 0
28 4.24666 4.2453 0 -2.93337 1
28 4.25923 4.23488 0 -2.87506 2
28 4.28082 4.22019 0 -2.79272 3
28 4.3119 4.19555 0 -2.64545 4
28 4.3543 4.1631 0 -2.44343 5
28 4.41003 4.11893 0 -2.13628 6
28 4.48349 4.06373 0 -1.73783 7
28 4.56447 4.20899 0 0.00943757 8
28 4.58037 3.99927 0 -1.13469 9
28 4.70989 3.89783 0 -0.373161 10
28 4.87017 4.86102 0 -1.37976 11
28 4.88152 4.85083 0 -1.36924 12
28 4.88948 3.84352 0 0.582649 13
28 4.90217 4.74053 0 -1.25057 14
28 4.9307 4.79871 0 -1.33612 15
29 3.80662 3.54324 0 -2.35859 0
29 4.24664 4.24532 0 -2.93471 1
29 4.25919 4.23574 0 -2.87794 2
29 4.28065 4.22029 0 -2.78952 3
29 4.31156 4.19532 0 -2.64741 4
29 4.35401 4.16264 0 -2.43874 5
29 4.40945 4.11959 0 -2.1483 6
29 4.48239 4.06397 0 -1.73908 7
29 4.54983 4.1924 0 0.0466118 8
29 4.5787 3.9933 0 -1.16455 9
29 4.70741 3.89846 0 -0.389418 10
29 4.87012 4.85432 0 -1.36726 11
29 4.88146 4.84227 0 -1.36223 12
29 4.88582 3.82978 0 0.591678 13
29 4.90173 4.77696 0 -1.29593 14
29 4.93044 4.79943 0 -1.3484 15
30 3.795 3.51549 0 -2.347 0
30 4.24663 4.24517 0 -2.93344 1
30 4.25907 4.23529 0 -2.87681 2
30 4.28045 4.21912 0 -2.78779 3
30 4.3116 4.19589 0 -2.65005 4
30 4.3535 4.16381 0 -2.44356 5
30 4.4088 4.11893 0 -2.14723 6
30 4.4812 4.0646 0 -1.7437 7
30 4.5346 4.17049 0 0.0461042 8
30 4.57698 3.99223 0 -1.17745 9
30 4.70491 3.89936 0 -0.403514 10
30 4.87001 4.83719 0 -1.33892 11
30 4.88111 4.46355 0 -0.731877 12
30 4.88218 4.03333 0 0.0971652 13
30 4.90162 4.79965 0 -1.32958 14
30 4.93018 4.80005 0 -1.3315 15
31 3.78245 3.48694 0 -2.3331 0
31 4.24664 4.24534 0 -2.93319 1
31 4.25912 4.23494 0 -2.87699 2
31 4.28029 4.22083 0 -2.79755 3
31 4.31102 4.19462 0 -2.63895 4
31 4.35313 4.16276 0 -2.44384 5
31 4.40818 4.11994 0 -2.15393 6
31 4.48012 4.06425 0 -1.73724 7
31 4.51898 4.1486 0 0.0459167 8
31 4.57559 3.99148 0 -1.18971 9
31 4.70212 3.89953 0 -0.418425 10
31 4.87002 4.84715 0 -1.36304 11
31 4.87744 3.82823 0 0.563789 12
31 4.88136 4.83656 0 -1.36081 13
31 4.90131 4.80542 0 -1.34227 14
31 4.92992 4.80095 0 -1.35199 15
32 3.76937 3.45828 0 -2.32321 0
32 4.24653 4.24567 0 -2.93313 1
32 4.25916 4.23501 0 -2.87941 2
32 4.28017 4.22062 0 -2.79636 3
32 4.31073 4.19431 0 -2.63981 4
32 4.35268 4.16304 0 -2.44829 5
32 4.40732 4.12017 0 -2.15351 6
32 4.47882 4.06328 0 -1.71042 7
32 4.50315 4.12643 0 0.0091283 8
32 4.57353 3.99321 0 -1.20244 9
32 4.69936 3.8999 0 -0.432142 10
32 4.86989 4.73823 0 -1.18299 11
32 4.87318 3.87449 0 0.407903 12
32 4.88133 4.84521 0 -1.3873 13
32 4.90114 4.81393 0 -1.33681 14
32 4.9296 4.80085 0 -1.35593 15
33 3.75553 3.42965 0 -2.31063 0
33 4.24658 4.24461 0 -2.93043 1
33 4.25898 4.23642 0 -2.88314 2
33 4.28003 4.21892 0 -2.78712 3
33 4.31059 4.19659 0 -2.6547 4
33 4.35197 4.16203 0 -2.44322 5
33 4.40673 4.1205 0 -2.15502 6
33 4.47683 4.06525 0 -1.55349 7
33 4.48761 4.10364 0 -0.162146 8
33 4.57159 3.99302 0 -1.21031 9
33 4.69634 3.90086 0 -0.450876 10
33 4.8676 3.89534 0 0.362695 11
33 4.87062 4.57782 0 -0.95366 12
33 4.88125 4.8479 0 -1.37225 13
33 4.90089 4.82268 0 -1.34093 14
33 4.92934 4.80144 0 -1.35432 15
34 3.741 3.40137 0 -2.30022 0
34 4.24659 4.24496 0 -2.93242 1
34 4.25885 4.23568 0 -2.88139 2
34 4.27993 4.21899 0 -2.78806 3
34 4.31032 4.19753 0 -2.65932 4
34 4.35146 4.16208 0 -2.4414 5
34 4.40577 4.12001 0 -2.1593 6
34 4.46862 4.07919 0 -0.181803 7
34 4.47799 4.06844 0 -1.64336 8
34 4.56955 3.99285 0 -1.21914 9
34 4.69326 3.90146 0 -0.466891 10
34 4.86285 3.80685 0 0.535117 11
34 4.87018 4.84674 0 -1.3642 12
34 4.88114 4.85063 0 -1.37377 13
34 4.90084 4.82452 0 -1.35371 14
34 4.92908 4.80181 0 -1.35063 15
35 3.72577 3.37332 0 -2.28917 0
35 4.24655 4.24505 0 -2.93201 1
35 4.25884 4.23589 0 -2.88661 2
35 4.27961 4.21917 0 -2.78808 3
35 4.30999 4.19513 0 -2.64388 4
35 4.3509 4.16352 0 -2.45326 5
35 4.40485 4.11981 0 -2.15734 6
35 4.453 4.06362 0 0.00619061 7
35 4.47574 4.06418 0 -1.74349 8
35 4.5676 3.99315 0 -1.23214 9
35 4.68967 3.90204 0 -0.478419 10
35 4.85764 3.79688 0 0.533094 11
35 4.87012 4.86156 0 -1.37735 12
35 4.88114 4.85177 0 -1.37677 13
35 4.90055 4.82643 0 -1.36147 14
35 4.92886 4.80217 0 -1.35872 15
36 3.70982 3.34629 0 -2.27887 0
36 4.24657 4.2444 0 -2.92977 1
36 4.25866 4.23678 0 -2.88771 2
36 4.27944 4.21972 0 -2.79113 3
36 4.30967 4.19616 0 -2.65626 4
36 4.35026 4.16144 0 -2.43926 5
36 4.40378 4.11836 0 -2.13684 6
36 4.43643 4.04703 0 -0.00701746 7
36 4.47396 4.06558 0 -1.78417 8
36 4.56522 3.99204 0 -1.23266 9
36 4.68645 3.90314 0 -0.507551 10
36 4.85182 3.79429 0 0.511185 11
36 4.87016 4.85882 0 -1.38215 12
36 4.88109 4.8522 0 -1.38244 13
36 4.90043 4.82784 0 -1.37492 14
36 4.92845 4.80186 0 -1.34974 15
37 3.69359 3.32056 0 -2.2668 0
37 4.24647 4.24528 0 -2.93275 1
37 4.25871 4.23543 0 -2.87962 2
37 4.2793 4.22033 0 -2.79927 3
37 4.30909 4.19558 0 -2.65225 4
37 4.34975 4.16122 0 -2.43706 5
37 4.40238 4.11672 0 -2.08585 6
37 4.41996 4.0325 0 -0.070208 7
37 4.47247 4.06456 0 -1.7902 8
37 4.56271 3.99248 0 -1.24959 9
37 4.68262 3.9031 0 -0.516332 10
37 4.84606 3.79421 0 0.477922 11
37 4.87007 4.86115 0 -1.38494 12
37 4.88101 4.85219 0 -1.37091 13
37 4.90021 4.82892 0 -1.37552 14
37 4.92823 4.80287 0 -1.35373 15
38 3.67688 3.29627 0 -2.25896 0
38 4.24648 4.24487 0 -2.92954 1
38 4.25859 4.23575 0 -2.88325 2
38 4.27904 4.22022 0 -2.79932 3
38 4.30869 4.1953 0 -2.65103 4
38 4.34904 4.16114 0 -2.44002 5
38 4.39904 4.06667 0 -1.13833 6
38 4.40544 4.06493 0 -1.10283 7
38 4.47073 4.06384 0 -1.78623 8
38 4.56025 3.99325 0 -1.26774 9
38 4.67862 3.90456 0 -0.544495 10
38 4.83977 3.7952 0 0.446722 11
38 4.87002 4.86196 0 -1.37999 12
38 4.88103 4.85198 0 -1.38985 13
38 4.90003 4.8305 0 -1.37303 14
38 4.9279 4.80256 0 -1.34613 15
39 3.65973 3.27357 0 -2.252 0
39 4.24647 4.2454 0 -2.93417 1
39 4.2585 4.23484 0 -2.87725 2
39 4.27876 4.21896 0 -2.79173 3
39 4.30825 4.19622 0 -2.65887 4
39 4.3482 4.16162 0 -2.43647 5
39 4.38498 4.00155 0 -0.0784803 6
39 4.40149 4.11365 0 -2.09689 7
39 4.46913 4.06321 0 -1.79812 8
39 4.55738 3.99554 0 -1.27982 9
39 4.67459 3.90391 0 -0.558727 10
39 4.83367 3.79586 0 0.428289 11
39 4.87005 4.86274 0 -1.39751 12
39 4.88084 4.85244 0 -1.38485 13
39 4.89988 4.83074 0 -1.37293 14
39 4.92763 4.80301 0 -1.33978 15
40 3.6424 3.25286 0 -2.2464 0
40 4.24647 4.24508 0 -2.93298 1
40 4.25827 4.23661 0 -2.88865 2
40 4.27863 4.21888 0 -2.7871 3
40 4.30789 4.19445 0 -2.6518 4
40 4.3472 4.15975 0 -2.4092 5
40 4.3688 3.98575 0 -0.0766872 6
40 4.3997 4.11775 0 -2.17466 7
40 4.46716 4.06384 0 -1.80294 8
40 4.5547 3.99403 0 -1.28796 9
40 4.67028 3.9063 0 -0.584835 10
40 4.82697 3.79752 0 0.387979 11
40 4.87001 4.8635 0 -1.38261 12
40 4.88079 4.85279 0 -1.36743 13
40 4.89981 4.83115 0 -1.37195 14
40 4.92715 4.80321 0 -1.33818 15
41 3.62507 3.23388 0 -2.24073 0
41 4.24639 4.24498 0 -2.93082 1
41 4.2584 4.23465 0 -2.87867 2
41 4.27826 4.22069 0 -2.80199 3
41 4.3074 4.19195 0 -2.63229 4
41 4.34505 4.16455 0 -2.45259 5
41 4.35342 4.00818 0 -0.570075 6
41 4.39853 4.1194 0 -2.18942 7
41 4.46509 4.06432 0 -1.81324 8
41 4.55187 3.9929 0 -1.2991 9
41 4.66565 3.90696 0 -0.599872 10
41 4.82039 3.80053 0 0.343338 11
41 4.86994 4.86371 0 -1.39481 12
41 4.88075 4.85337 0 -1.37663 13
41 4.89952 4.83233 0 -1.37571 14
41 4.92683 4.80319 0 -1.34946 15
42 3.60767 3.21714 0 -2.2386 0
42 4.24638 4.24518 0 -2.93305 1
42 4.25803 4.2357 0 -2.88227 2
42 4.2779 4.21804 0 -2.78796 3
42 4.30663 4.19122 0 -2.62397 4
42 4.33461 3.96825 0 -0.154944 5
42 4.34676 4.15847 0 -2.41389 6
42 4.39692 4.11929 0 -2.1968 7
42 4.4629 4.06396 0 -1.81794 8
42 4.5484 3.9954 0 -1.3163 9
42 4.66119 3.90853 0 -0.621936 10
42 4.8136 3.80293 0 0.309772 11
42 4.87 4.86447 0 -1.38508 12
42 4.88069 4.85287 0 -1.38222 13
42 4.89922 4.83175 0 -1.36871 14
42 4.92661 4.8029 0 -1.35196 15
43 3.5904 3.20205 0 -2.23646 0
43 4.24632 4.24462 0 -2.93124 1
43 4.25799 4.23539 0 -2.87985 2
43 4.27756 4.21783 0 -2.78585 3
43 4.30576 4.18449 0 -2.55395 4
43 4.31898 3.9567 0 -0.178237 5
43 4.34516 4.1577 0 -2.43659 6
43 4.39557 4.11749 0 -2.19556 7
43 4.46067 4.06351 0 -1.82872 8
43 4.54521 3.99518 0 -1.32154 9
43 4.65652 3.91106 0 -0.648392 10
43 4.80667 3.80639 0 0.269902 11
43 4.86997 4.86374 0 -1.37979 12
43 4.88054 4.85285 0 -1.37706 13
43 4.899 4.8324 0 -1.35394 14
43 4.9261 4.80321 0 -1.34953 15
44 3.57302 3.18901 0 -2.23764 0
44 4.24622 4.24543 0 -2.93494 1
44 4.25784 4.23395 0 -2.87453 2
44 4.27698 4.2169 0 -2.77325 3
44 4.30128 3.98228 0 -0.551792 4
44 4.30702 4.18377 0 -2.55695 5
44 4.34404 4.15877 0 -2.45325 6
44 4.39389 4.11826 0 -2.20265 7
44 4.45813 4.06311 0 -1.83408 8
44 4.54197 3.99616 0 -1.33723 9
44 4.65169 3.91296 0 -0.666526 10
44 4.79984 3.8094 0 0.238746 11
44 4.8699 4.86271 0 -1.39462 12
44 4.88052 4.85313 0 -1.36715 13
44 4.89856 4.83248 0 -1.3734 14
44 4.92597 4.80225 0 -1.34933 15
45 3.55605 3.1778 0 -2.24131 0
45 4.2462 4.24437 0 -2.92849 1
45 4.25758 4.23303 0 -2.86707 2
45 4.27651 4.20149 0 -2.64875 3
45 4.2866 3.94334 0 -0.246747 4
45 4.30531 4.18702 0 -2.61342 5
45 4.34281 4.15789 0 -2.45758 6
45 4.39214 4.11698 0 -2.19995 7
45 4.4557 4.06397 0 -1.8449 8
45 4.53832 3.99657 0 -1.35295 9
45 4.64678 3.91535 0 -0.691352 10
45 4.79299 3.81365 0 0.200123 11
45 4.86986 4.864 0 -1.37962 12
45 4.88037 4.85252 0 -1.35511 13
45 4.89854 4.83286 0 -1.36388 14
45 4.92524 4.80156 0 -1.34384 15
46 3.53934 3.16815 0 -2.24567 0
46 4.24623 4.24438 0 -2.93067 1
46 4.2572 4.22751 0 -2.82635 2
46 4.27005 3.95024 0 -0.393841 3
46 4.27739 4.18268 0 -2.50909 4
46 4.3043 4.18959 0 -2.64064 5
46 4.3416 4.15807 0 -2.46837 6
46 4.3902 4.11608 0 -2.20542 7
46 4.45323 4.0634 0 -1.84874 8
46 4.53461 3.99818 0 -1.36467 9
46 4.64183 3.91708 0 -0.717284 10
46 4.78612 3.81773 0 0.166915 11
46 4.86986 4.86413 0 -1.37792 12
46 4.88026 4.85252 0 -1.39714 13
46 4.8983 4.83214 0 -1.367 14
46 4.92471 4.80123 0 -1.31739 15
47 3.52304 3.16003 0 -2.25171 0
47 4.24604 4.24187 0 -2.90797 1
47 4.2543 3.98815 0 -0.815672 2
47 4.25843 4.22247 0 -2.79821 3
47 4.27605 4.21325 0 -2.76666 4
47 4.30336 4.18799 0 -2.63943 5
47 4.34013 4.15632 0 -2.46442 6
47 4.38836 4.11518 0 -2.20995 7
47 4.45025 4.06408 0 -1.85995 8
47 4.5311 3.99849 0 -1.37768 9
47 4.63687 3.92007 0 -0.742381 10
47 4.77929 3.82182 0 0.130295 11
47 4.86974 4.86499 0 -1.39031 12
47 4.88029 4.8528 0 -1.36977 13
47 4.89785 4.83174 0 -1.37036 14
47 4.92424 4.79952 0 -1.35159 15
48 3.50714 3.15336 0 -2.25897 0
48 4.23997 3.90873 0 -0.148129 1
48 4.24628 4.23641 0 -2.87351 2
48 4.25716 4.22993 0 -2.85485 3
48 4.27546 4.21193 0 -2.77038 4
48 4.30251 4.18803 0 -2.65312 5
48 4.3386 4.15538 0 -2.46013 6
48 4.3862 4.11353 0 -2.21033 7
48 4.44756 4.06341 0 -1.86484 8
48 4.52725 3.99994 0 -1.39654 9
48 4.63199 3.92256 0 -0.759991 10
48 4.77258 3.82604 0 0.0952945 11
48 4.8698 4.86409 0 -1.38988 12
48 4.88008 4.85212 0 -1.3739 13
48 4.89765 4.8316 0 -1.37702 14
48 4.92345 4.79455 0 -1.32888 15
49 3.49172 3.14776 0 -2.2669 0
49 4.22559 3.89251 0 -0.0677861 1
49 4.24603 4.24262 0 -2.91888 2
49 4.25687 4.23066 0 -2.86933 3
49 4.27486 4.21285 0 -2.78458 4
49 4.30102 4.18642 0 -2.65169 5
49 4.33715 4.15182 0 -2.45949 6
49 4.38394 4.11401 0 -2.21637 7
49 4.44455 4.06274 0 -1.86708 8
49 4.52354 4.00108 0 -1.40744 9
49 4.62702 3.92483 0 -0.785855 10
49 4.76591 3.82963 0 0.0652113 11
49 4.86967 4.86464 0 -1.37401 12
49 4.87985 4.85191 0 -1.38707 13
49 4.89741 4.83122 0 -1.34208 14
49 4.92269 4.79023 0 -1.3192 15
50 3.47679 3.14311 0 -2.276 0
50 4.21146 3.885 0 -0.0612309 1
50 4.24593 4.24322 0 -2.92825 2
50 4.2564 4.22986 0 -2.86932 3
50 4.27402 4.20825 0 -2.77061 4
50 4.3 4.18286 0 -2.64595 5
50 4.33514 4.15135 0 -2.46279 6
50 4.38156 4.11196 0 -2.21429 7
50 4.44161 4.06303 0 -1.88057 8
50 4.51978 4.0029 0 -1.4236 9
50 4.62209 3.92766 0 -0.810038 10
50 4.75931 3.83268 0 0.0372083 11
50 4.86968 4.86391 0 -1.38158 12
50 4.8797 4.85124 0 -1.38263 13
50 4.89678 4.82983 0 -1.36607 14
50 4.92169 4.77851 0 -1.29214 15
50 4.94864 3.77475 0 0.96653 16
51 3.46232 3.1393 0 -2.28713 0
51 4.19749 3.87907 0 -0.0590409 1
51 4.24587 4.24274 0 -2.92771 2
51 4.25574 4.22724 0 -2.86609 3
51 4.27311 4.20498 0 -2.76474 4
51 4.2985 4.17903 0 -2.63613 5
51 4.33328 4.14943 0 -2.45986 6
51 4.379 4.11102 0 -2.22138 7
51 4.43868 4.06316 0 -1.88817 8
51 4.51587 4.00448 0 -1.44288 9
51 4.61726 3.92981 0 -0.828702 10
51 4.75265 3.83595 0 0.00403515 11
51 4.86969 4.8636 0 -1.39061 12
51 4.87944 4.84962 0 -1.39386 13
51 4.89623 4.82811 0 -1.3384 14
51 4.92055 4.73865 0 -1.21475 15
51 4.93956 3.76769 0 0.967082 16
52 3.44837 3.13622 0 -2.29832 0
52 4.18362 3.87401 0 -0.0650238 1
52 4.2456 4.24104 0 -2.92685 2
52 4.2551 4.22297 0 -2.85294 3
52 4.27201 4.19978 0 -2.75433 4
52 4.29692 4.17577 0 -2.63243 5
52 4.33111 4.14784 0 -2.46112 6
52 4.3765 4.11042 0 -2.22661 7
52 4.43566 4.06371 0 -1.89835 8
52 4.5122 4.00616 0 -1.45868 9
52 4.6123 3.93289 0 -0.856436 10
52 4.74589 3.83893 0 -0.0289878 11
52 4.86957 4.86276 0 -1.38125 12
52 4.8791 4.84728 0 -1.37804 13
52 4.89577 4.82608 0 -1.35992 14
52 4.91869 4.62764 0 -0.972892 15
52 4.93062 3.84141 0 0.72272 16
53 3.43489 3.13353 0 -2.30903 0
53 4.17119 3.86847 0 -0.0656175 1
53 4.24524 4.23709 0 -2.91384 2
53 4.25438 4.21613 0 -2.83826 3
53 4.2706 4.1957 0 -2.75191 4
53 4.29493 4.17374 0 -2.63057 5
53 4.32901 4.14511 0 -2.46465 6
53 4.37402 4.11082 0 -2.23235 7
53 4.43244 4.06456 0 -1.90926 8
53 4.50843 4.0072 0 -1.47219 9
53 4.60759 3.93453 0 -0.87657 10
53 4.73921 3.84194 0 -0.0639096 11
53 4.86947 4.86222 0 -1.37989 12
53 4.87863 4.84448 0 -1.36543 13
53 4.89507 4.8219 0 -1.34995 14
53 4.91459 3.84281 0 0.784658 15
53 4.92323 4.18421 0 -0.174935 16
54 3.42202 3.13177 0 -2.32184 0
54 4.15845 3.86399 0 -0.0677421 1
54 4.24483 4.23 0 -2.89734 2
54 4.25302 4.20678 0 -2.81768 3
54 4.26896 4.19007 0 -2.74168 4
54 4.29306 4.17105 0 -2.62846 5
54 4.32678 4.14465 0 -2.4646 6
54 4.3714 4.11046 0 -2.23995 7
54 4.42955 4.06689 0 -1.92624 8
54 4.50455 4.0097 0 -1.49087 9
54 4.60258 3.93671 0 -0.900409 10
54 4.73227 3.84402 0 -0.0886918 11
54 4.86936 4.86105 0 -1.38812 12
54 4.878 4.83271 0 -1.34758 13
54 4.89373 4.81294 0 -1.34895 14
54 4.90671 3.88037 0 0.629091 15
54 4.91935 4.56046 0 -0.970591 16
54 4.9499 4.74023 0 -1.30045 17
55 3.40961 3.13013 0 -2.33418 0
55 4.14596 3.85985 0 -0.0705065 1
55 4.24378 4.21034 0 -2.84732 2
55 4.25148 4.19841 0 -2.80485 3
55 4.26711 4.18912 0 -2.74205 4
55 4.29105 4.17128 0 -2.63669 5
55 4.32454 4.14435 0 -2.46863 6
55 4.36892 4.11253 0 -2.25312 7
55 4.42645 4.06913 0 -1.94163 8
55 4.50081 4.01121 0 -1.50523 9
55 4.59769 3.93764 0 -0.921537 10
55 4.72529 3.84636 0 -0.117492 11
55 4.8691 4.85669 0 -1.38212 12
55 4.87703 4.80522 0 -1.30097 13
55 4.8922 4.72315 0 -1.11738 14
55 4.89715 3.85363 0 0.623968 15
55 4.91663 4.67498 0 -1.16546 16
55 4.94715 4.73452 0 -1.29064 17
56 3.39776 3.12881 0 -2.34466 0
56 4.134 3.85573 0 -0.073537 1
56 4.24143 4.16391 0 -2.73455 2
56 4.2498 4.20239 0 -2.8207 3
56 4.26521 4.19271 0 -2.75484 4
56 4.2891 4.17311 0 -2.64306 5
56 4.32238 4.14753 0 -2.48627 6
56 4.36647 4.11436 0 -2.26355 7
56 4.42346 4.06996 0 -1.95267 8
56 4.49715 4.01328 0 -1.52936 9
56 4.59249 3.94044 0 -0.943868 10
56 4.71818 3.84801 0 -0.147556 11
56 4.86841 4.82676 0 -1.32437 12
56 4.87475 4.67313 0 -1.08014 13
56 4.88631 4.00457 0 0.285888 14
56 4.89145 4.6097 0 -1.06057 15
56 4.91418 4.70818 0 -1.22919 16
56 4.94454 4.7298 0 -1.29065 17
57 3.38632 3.12771 0 -2.35774 0
57 4.1225 3.8517 0 -0.0775793 1
57 4.23687 4.09543 0 -2.56307 2
57 4.24856 4.21887 0 -2.86324 3
57 4.26368 4.19841 0 -2.77437 4
57 4.28729 4.17889 0 -2.66827 5
57 4.3204 4.15215 0 -2.50422 6
57 4.36402 4.11724 0 -2.28063 7
57 4.42057 4.07287 0 -1.97071 8
57 4.49328 4.01515 0 -1.54352 9
57 4.58741 3.94232 0 -0.969747 10
57 4.71067 3.84975 0 -0.181199 11
57 4.86541 4.47504 0 -0.723596 12
57 4.87098 4.53592 0 -0.833586 13
57 4.87924 4.25684 0 -0.358998 14
57 4.88886 4.73489 0 -1.27923 15
57 4.91158 4.72683 0 -1.27012 16
57 4.94164 4.7308 0 -1.29009 17
58 3.37536 3.12686 0 -2.36958 0
58 4.11117 3.84783 0 -0.0767174 1
58 4.22962 4.02816 0 -2.40427 2
58 4.2478 4.23094 0 -2.89213 3
58 4.26242 4.20635 0 -2.79859 4
58 4.28579 4.18425 0 -2.67889 5
58 4.3185 4.15456 0 -2.51621 6
58 4.36177 4.12083 0 -2.29405 7
58 4.41766 4.07535 0 -1.98877 8
58 4.48954 4.0178 0 -1.56551 9
58 4.58213 3.94345 0 -0.989606 10
58 4.70296 3.85127 0 -0.205962 11
58 4.85568 4.099 0 0.0149692 12
58 4.86826 4.54627 0 -0.908958 13
58 4.87478 4.54409 0 -0.963592 14
58 4.88657 4.76601 0 -1.30845 15
58 4.90884 4.74434 0 -1.2908 16
58 4.93899 4.73566 0 -1.31477 17
59 3.36485 3.12606 0 -2.38137 0
59 4.10024 3.84374 0 -0.0808536 1
59 4.21994 3.96621 0 -2.25684 2
59 4.24735 4.23612 0 -2.9068 3
59 4.26152 4.21557 0 -2.82659 4
59 4.28447 4.1895 0 -2.70167 5
59 4.31675 4.15986 0 -2.53307 6
59 4.3596 4.12401 0 -2.31136 7
59 4.41475 4.0781 0 -2.00338 8
59 4.48567 4.01849 0 -1.58043 9
59 4.57678 3.94538 0 -1.01346 10
59 4.69486 3.854 0 -0.240694 11
59 4.84275 4.00992 0 0.172552 12
59 4.86341 4.34218 0 -0.713068 13
59 4.87187 4.77565 0 -1.30816 14
59 4.88465 4.80117 0 -1.35284 15
59 4.90671 4.76355 0 -1.31892 16
59 4.93646 4.74374 0 -1.31148 17
60 3.35477 3.12546 0 -2.3925 0
60 4.0896 3.83956 0 -0.0831829 1
60 4.20809 3.9093 0 -2.12893 2
60 4.24712 4.23971 0 -2.91616 3
60 4.26083 4.21939 0 -2.83519 4
60 4.28333 4.19501 0 -2.71922 5
60 4.31514 4.16451 0 -2.55305 6
60 4.35743 4.12761 0 -2.32736 7
60 4.41189 4.0805 0 -2.01741 8
60 4.48177 4.02045 0 -1.59598 9
60 4.57111 3.94666 0 -1.03634 10
60 4.68662 3.85639 0 -0.277009 11
60 4.82863 4.00134 0 0.127528 12
60 4.85397 4.21267 0 -0.629052 13
60 4.871 4.83749 0 -1.36463 14
60 4.8834 4.82241 0 -1.36402 15
60 4.90486 4.78415 0 -1.3312 16
60 4.93445 4.75235 0 -1.33224 17
61 3.34512 3.1249 0 -2.40323 0
61 4.07918 3.83513 0 -0.085812 1
61 4.19434 3.85717 0 -2.01563 2
61 4.24696 4.24119 0 -2.92176 3
61 4.26024 4.22381 0 -2.84841 4
61 4.28236 4.19852 0 -2.72865 5
61 4.31369 4.16841 0 -2.56622 6
61 4.35533 4.12932 0 -2.336 7
61 4.40914 4.08332 0 -2.03537 8
61 4.47772 4.02231 0 -1.61452 9
61 4.56553 3.94817 0 -1.06934 10
61 4.67782 3.85923 0 -0.314051 11
61 4.81342 4.02128 0 -0.00364174 12
61 4.84169 4.1067 0 -0.516826 13
61 4.87056 4.85368 0 -1.37868 14
61 4.88268 4.83404 0 -1.36028 15
61 4.90338 4.79708 0 -1.35012 16
61 4.93272 4.76031 0 -1.33286 17
62 3.33591 3.12443 0 -2.4151 0
62 4.0691 3.83015 0 -0.0884739 1
62 4.17895 3.80933 0 -1.9188 2
62 4.24685 4.24251 0 -2.92615 3
62 4.25977 4.22629 0 -2.85491 4
62 4.28153 4.20193 0 -2.7412 5
62 4.31226 4.17224 0 -2.57833 6
62 4.35324 4.13195 0 -2.35082 7
62 4.40631 4.0847 0 -2.04713 8
62 4.47372 4.02415 0 -1.63036 9
62 4.55932 3.95037 0 -1.08546 10
62 4.66891 3.86296 0 -0.350624 11
62 4.79723 4.0588 0 -0.199818 12
62 4.82755 4.01356 0 -0.403261 13
62 4.8704 4.85906 0 -1.384 14
62 4.8821 4.83903 0 -1.37653 15
62 4.90239 4.80688 0 -1.35554 16
62 4.93115 4.7666 0 -1.32129 17
63 3.32704 3.12397 0 -2.42414 0
63 4.05907 3.82439 0 -0.0893899 1
63 4.16218 3.76654 0 -1.83288 2
63 4.24671 4.24263 0 -2.92511 3
63 4.25943 4.22723 0 -2.85778 4
63 4.28061 4.20491 0 -2.74949 5
63 4.31097 4.17318 0 -2.58227 6
63 4.3515 4.13611 0 -2.36766 7
63 4.40336 4.08577 0 -2.05793 8
63 4.46935 4.02512 0 -1.64632 9
63 4.55314 3.95221 0 -1.10914 10
63 4.65981 3.86755 0 -0.393144 11
63 4.7795 4.09558 0 -0.425698 12
63 4.81274 3.93461 0 -0.267408 13
63 4.87028 4.8611 0 -1.38603 14
63 4.88167 4.84311 0 -1.37677 15
63 4.90157 4.81317 0 -1.3561 16
63 4.92973 4.76862 0 -1.3286 17
64 3.31857 3.12354 0 -2.435 0
64 4.04968 3.81698 0 -0.0956993 1
64 4.14427 3.72888 0 -1.76494 2
64 4.24667 4.24303 0 -2.92585 3
64 4.25901 4.22892 0 -2.86365 4
64 4.27992 4.20662 0 -2.75504 5
64 4.30967 4.17553 0 -2.59228 6
64 4.34937 4.13645 0 -2.37518 7
64 4.40034 4.08726 0 -2.06595 8
64 4.46503 4.02564 0 -1.6619 9
64 4.5467 3.95343 0 -1.13303 10
64 4.65049 3.87229 0 -0.440693 11
64 4.76062 4.1228 0 -0.658438 12
64 4.79768 3.8724 0 -0.127771 13
64 4.87013 4.86233 0 -1.38152 14
64 4.88131 4.84546 0 -1.38044 15
64 4.90087 4.81776 0 -1.36325 16
64 4.92845 4.76605 0 -1.30073 17
65 3.31041 3.12322 0 -2.44465 0
65 4.03966 3.80855 0 -0.102558 1
65 4.12563 3.69765 0 -1.70504 2
65 4.24658 4.24321 0 -2.92615 3
65 4.25871 4.22982 0 -2.86534 4
65 4.27911 4.20716 0 -2.75862 5
65 4.30854 4.1773 0 -2.6012 6
65 4.34726 4.13784 0 -2.37955 7
65 4.39722 4.08636 0 -2.07241 8
65 4.46033 4.0267 0 -1.67908 9
65 4.53998 3.95527 0 -1.15564 10
65 4.64122 3.87735 0 -0.482612 11
65 4.74005 4.1331 0 -0.853039 12
65 4.78323 3.83506 0 -0.0294224 13
65 4.87009 4.8624 0 -1.38286 14
65 4.88104 4.84634 0 -1.38319 15
65 4.90011 4.8204 0 -1.36373 16
65 4.92714 4.74994 0 -1.26915 17
66 3.3026 3.12289 0 -2.45428 0
66 4.02994 3.79658 0 -0.11292 1
66 4.10654 3.67378 0 -1.65424 2
66 4.24645 4.24336 0 -2.92723 3
66 4.2584 4.2304 0 -2.86602 4
66 4.27845 4.20813 0 -2.76292 5
66 4.3071 4.1771 0 -2.60572 6
66 4.34516 4.13559 0 -2.37321 7
66 4.39398 4.08664 0 -2.08059 8
66 4.45548 4.02648 0 -1.69223 9
66 4.53313 3.95719 0 -1.18275 10
66 4.63177 3.88335 0 -0.535884 11
66 4.71831 4.1272 0 -0.997894 12
66 4.76925 3.81458 0 0.0289955 13
66 4.87003 4.86302 0 -1.39068 14
66 4.88075 4.84605 0 -1.36747 15
66 4.89957 4.8225 0 -1.36837 16
66 4.92539 4.6682 0 -1.10264 17
66 4.94276 3.76158 0 1.02039 18
67 3.29513 3.12255 0 -2.4628 0
67 4.02001 3.78001 0 -0.137045 1
67 4.08735 3.65779 0 -1.60475 2
67 4.24637 4.24396 0 -2.93175 3
67 4.25807 4.22979 0 -2.86257 4
67 4.27767 4.20764 0 -2.76259 5
67 4.30568 4.17595 0 -2.59967 6
67 4.34282 4.13522 0 -2.38145 7
67 4.39037 4.08409 0 -2.08125 8
67 4.45041 4.02484 0 -1.70116 9
67 4.52618 3.95909 0 -1.20977 10
67 4.62249 3.88937 0 -0.581392 11
67 4.6958 4.11498 0 -1.11046 12
67 4.75559 3.80589 0 0.0437838 13
67 4.87039 4.86031 0 -1.40548 14
67 4.87996 4.84768 0 -1.36719 15
67 4.89891 4.82257 0 -1.36666 16
67 4.9199 4.06749 0 0.221119 17
67 4.93002 4.26294 0 -0.338787 18
68 3.28796 3.12228 0 -2.47158 0
68 4.00971 3.75575 0 -0.185489 1
68 4.06862 3.65293 0 -1.5463 2
68 4.24632 4.24336 0 -2.92742 3
68 4.25766 4.22923 0 -2.86538 4
68 4.27685 4.20679 0 -2.75842 5
68 4.30413 4.17359 0 -2.59964 6
68 4.3402 4.13163 0 -2.3779 7
68 4.38659 4.08085 0 -2.07841 8
68 4.44503 4.02431 0 -1.71399 9
68 4.51919 3.96129 0 -1.24014 10
68 4.61293 3.89693 0 -0.630623 11
68 4.67254 4.09474 0 -1.16443 12
68 4.74268 3.80312 0 0.0392914 13
68 4.86997 4.86276 0 -1.38547 14
68 4.88007 4.83801 0 -1.35236 15
68 4.8983 4.797 0 -1.28054 16
68 4.90544 3.7493 0 0.982201 17
68 4.926 4.70228 0 -1.20746 18
69 3.28108 3.12198 0 -2.47993 0
69 3.99846 3.72182 0 -0.27524 1
69 4.05086 3.66172 0 -1.45541 2
69 4.24621 4.24341 0 -2.92888 3
69 4.25719 4.22773 0 -2.86097 4
69 4.27582 4.20263 0 -2.74915 5
69 4.30236 4.16884 0 -2.58675 6
69 4.33743 4.12644 0 -2.36616 7
69 4.38238 4.07738 0 -2.08354 8
69 4.4395 4.02382 0 -1.72877 9
69 4.51201 3.96391 0 -1.27134 10
69 4.60322 3.90562 0 -0.682058 11
69 4.64943 4.07233 0 -1.20715 12
69 4.72996 3.80361 0 0.0121174 13
69 4.86976 4.86349 0 -1.38234 14
69 4.87944 4.74575 0 -1.19279 15
69 4.88876 3.77752 0 0.851023 16
69 4.89748 4.81771 0 -1.36848 17
69 4.92422 4.75799 0 -1.30178 18
70 3.27448 3.12172 0 -2.48794 0
70 3.98601 3.67714 0 -0.422781 1
70 4.03474 3.68494 0 -1.31595 2
70 4.24604 4.24218 0 -2.92611 3
70 4.25674 4.22491 0 -2.85366 4
70 4.2746 4.19714 0 -2.73609 5
70 4.30011 4.16176 0 -2.56877 6
70 4.33407 4.11886 0 -2.35317 7
70 4.378 4.07422 0 -2.08633 8
70 4.43387 4.02328 0 -1.74334 9
70 4.50498 3.96756 0 -1.30984 10
70 4.59315 3.91774 0 -0.738802 11
70 4.62646 4.04757 0 -1.21731 12
70 4.71743 3.80584 0 -0.0311172 13
70 4.86954 3.79083 0 0.76074 14
70 4.86991 4.85927 0 -1.36288 15
70 4.88031 4.75324 0 -1.24068 16
70 4.89676 4.8187 0 -1.3616 17
70 4.92237 4.76862 0 -1.33255 18
71 3.26814 3.12146 0 -2.49535 0
71 3.97192 3.62794 0 -0.61969 1
71 4.02065 3.71673 0 -1.13756 2
71 4.24586 4.24017 0 -2.91884 3
71 4.25604 4.21801 0 -2.83483 4
71 4.273 4.18872 0 -2.71676 5
71 4.29746 4.15149 0 -2.54582 6
71 4.33048 4.11138 0 -2.33714 7
71 4.37324 4.072 0 -2.09552 8
71 4.4281 4.02648 0 -1.77235 9
71 4.4979 3.97078 0 -1.34298 10
71 4.58202 3.94546 0 -0.836441 11
71 4.60533 4.00706 0 -1.17682 12
71 4.70464 3.80852 0 -0.0709257 13
71 4.85162 3.71618 0 0.891399 14
71 4.86963 4.86078 0 -1.38259 15
71 4.8796 4.8286 0 -1.35409 16
71 4.89574 4.8109 0 -1.35856 17
71 4.92037 4.76178 0 -1.33182 18
72 3.26207 3.12127 0 -2.50282 0
72 3.95631 3.58373 0 -0.826899 1
72 4.0086 3.74743 0 -0.95377 2
72 4.24551 4.23563 0 -2.90912 3
72 4.25488 4.20613 0 -2.80384 4
72 4.27079 4.17081 0 -2.6667 5
72 4.29438 4.13956 0 -2.52135 6
72 4.32642 4.10803 0 -2.33829 7
72 4.36854 4.07363 0 -2.11146 8
72 4.42249 4.03065 0 -1.80583 9
72 4.49092 3.97529 0 -1.37945 10
72 4.56748 3.99092 0 -1.00165 11
72 4.58759 3.95341 0 -1.0689 12
72 4.69179 3.81211 0 -0.123748 13
72 4.83334 3.71631 0 0.81566 14
72 4.86945 4.85959 0 -1.38632 15
72 4.87895 4.83491 0 -1.36203 16
72 4.89417 4.79683 0 -1.35905 17
72 4.91789 4.74996 0 -1.32714 18
72 4.94806 4.67989 0 -1.25836 19
73 3.25625 3.12102 0 -2.51034 0
73 3.93957 3.54964 0 -1.009 1
73 3.99832 3.77062 0 -0.80078 2
73 4.24488 4.21794 0 -2.86008 3
73 4.25284 4.18054 0 -2.73744 4
73 4.26791 4.15627 0 -2.63354 5
73 4.29067 4.1348 0 -2.51406 6
73 4.32235 4.11077 0 -2.36023 7
73 4.36393 4.0789 0 -2.14417 8
73 4.41705 4.03545 0 -1.83534 9
73 4.48404 3.98014 0 -1.41674 10
73 4.54895 4.01819 0 -1.13896 11
73 4.57432 3.92088 0 -0.981973 12
73 4.67862 3.81573 0 -0.177681 13
73 4.81496 3.72265 0 0.724789 14
73 4.86917 4.85313 0 -1.38343 15
73 4.87791 4.81714 0 -1.35685 16
73 4.8921 4.77181 0 -1.34244 17
73 4.9144 4.72782 0 -1.31777 18
73 4.94304 4.65315 0 -1.21138 19
74 3.25064 3.12076 0 -2.5174 0
74 3.92222 3.52496 0 -1.15464 1
74 3.98913 3.78566 0 -0.689144 2
74 4.24241 4.13439 0 -2.6279 3
74 4.24986 4.17135 0 -2.71898 4
74 4.26461 4.16293 0 -2.66264 5
74 4.28727 4.14328 0 -2.54961 6
74 4.31858 4.11987 0 -2.39832 7
74 4.35959 4.08771 0 -2.18438 8
74 4.41179 4.04246 0 -1.8772 9
74 4.47699 3.98569 0 -1.45103 10
74 4.52858 4.01954 0 -1.19945 11
74 4.56336 3.91335 0 -0.972479 12
74 4.66549 3.8208 0 -0.239416 13
74 4.79671 3.73215 0 0.621139 14
74 4.86844 4.8257 0 -1.37349 15
74 4.8757 4.77401 0 -1.34573 16
74 4.88866 4.74303 0 -1.32729 17
74 4.91023 4.71845 0 -1.31814 18
74 4.9378 4.62229 0 -1.129 19
75 3.2453 3.12058 0 -2.52419 0
75 3.90466 3.50697 0 -1.27015 1
75 3.98124 3.79501 0 -0.603521 2
75 4.23452 3.97287 0 -2.16672 3
75 4.24789 4.21583 0 -2.8496 4
75 4.26211 4.18705 0 -2.73815 5
75 4.28441 4.16214 0 -2.61096 6
75 4.31525 4.13329 0 -2.44937 7
75 4.35564 4.09548 0 -2.21938 8
75 4.40678 4.04852 0 -1.91098 9
75 4.46996 3.99037 0 -1.48046 10
75 4.50806 4.014 0 -1.22787 11
75 4.5531 3.91405 0 -0.9967 12
75 4.65221 3.82774 0 -0.309175 13
75 4.77899 3.74126 0 0.522219 14
75 4.86475 4.61836 0 -1.28726 15
75 4.87186 4.82818 0 -1.36947 16
75 4.88508 4.76705 0 -1.33216 17
75 4.90641 4.73593 0 -1.3188 18
75 4.93227 4.52226 0 -0.866179 19
76 3.2401 3.12033 0 -2.53011 0
76 3.88721 3.49334 0 -1.3638 1
76 3.97378 3.80028 0 -0.545652 2
76 4.22083 3.85675 0 -1.83938 3
76 4.2472 4.23284 0 -2.89688 4
76 4.26054 4.20483 0 -2.78956 5
76 4.28227 4.17715 0 -2.66243 6
76 4.31249 4.14591 0 -2.49306 7
76 4.35192 4.10422 0 -2.25673 8
76 4.40172 4.05323 0 -1.93768 9
76 4.46248 3.99426 0 -1.49054 10
76 4.48793 4.0053 0 -1.26023 11
76 4.54308 3.91679 0 -1.03257 12
76 4.6391 3.83372 0 -0.369846 13
76 4.76161 3.75075 0 0.418348 14
76 4.85152 4.41928 0 -1.22211 15
76 4.87089 4.84318 0 -1.3711 16
76 4.88277 4.80309 0 -1.33996 17
76 4.90339 4.76156 0 -1.32664 18
76 4.92292 4.01333 0 0.365084 19
76 4.93797 4.28995 0 -0.476699 20
77 3.23517 3.12018 0 -2.53692 0
77 3.87001 3.48252 0 -1.44173 1
77 3.96685 3.80318 0 -0.502901 2
77 4.20331 3.77573 0 -1.62504 3
77 4.24688 4.23861 0 -2.91354 4
77 4.25959 4.21649 0 -2.82647 5
77 4.28052 4.1878 0 -2.6941 6
77 4.30993 4.15284 0 -2.51943 7
77 4.34846 4.10881 0 -2.27817 8
77 4.39682 4.05604 0 -1.95908 9
77 4.45373 3.99795 0 -1.45306 10
77 4.46938 3.99646 0 -1.33042 11
77 4.53309 3.91869 0 -1.06472 12
77 4.62612 3.8412 0 -0.443997 13
77 4.74458 3.76007 0 0.319229 14
77 4.83232 4.29292 0 -1.19979 15
77 4.87038 4.85554 0 -1.38231 16
77 4.88151 4.7984 0 -1.30548 17
77 4.90084 4.50459 0 -0.806089 18
77 4.9045 3.94402 0 0.434368 19
77 4.93164 4.67127 0 -1.23279 20
78 3.23045 3.12 0 -2.54281 0
78 3.85308 3.47376 0 -1.50902 1
78 3.9603 3.80451 0 -0.471259 2
78 4.18344 3.71596 0 -1.48404 3
78 4.24663 4.24111 0 -2.92053 4
78 4.25883 4.22179 0 -2.84194 5
78 4.2792 4.19364 0 -2.71574 6
78 4.30767 4.15726 0 -2.53742 7
78 4.34492 4.11032 0 -2.28881 8
78 4.39148 4.05541 0 -1.9665 9
78 4.44127 3.99703 0 -1.3142 10
78 4.45502 3.9899 0 -1.49213 11
78 4.5231 3.92197 0 -1.10792 12
78 4.61323 3.84758 0 -0.51222 13
78 4.7278 3.76739 0 0.227892 14
78 4.80934 4.21711 0 -1.20955 15
78 4.87016 4.85649 0 -1.38585 16
78 4.87781 4.10825 0 0.0605625 17
78 4.88396 4.25835 0 -0.351622 18
78 4.90037 4.80044 0 -1.35991 19
78 4.92866 4.74006 0 -1.32933 20
79 3.22588 3.11986 0 -2.54856 0
79 3.83663 3.46621 0 -1.56899 1
79 3.95401 3.80461 0 -0.44712 2
79 4.16189 3.67088 0 -1.39929 3
79 4.24645 4.24173 0 -2.92333 4
79 4.25828 4.22386 0 -2.84784 5
79 4.27783 4.19553 0 -2.72281 6
79 4.30537 4.15669 0 -2.53882 7
79 4.34128 4.10804 0 -2.28963 8
79 4.38598 4.05066 0 -1.95989 9
79 4.42468 3.99286 0 -1.25877 10
79 4.44486 3.98896 0 -1.58316 11
79 4.51302 3.92507 0 -1.1515 12
79 4.60057 3.85305 0 -0.57491 13
79 4.71106 3.77397 0 0.139115 14
79 4.78438 4.16662 0 -1.22246 15
79 4.85683 3.69256 0 0.973978 16
79 4.87005 4.86004 0 -1.3853 17
79 4.88112 4.82074 0 -1.35406 18
79 4.89919 4.80999 0 -1.36274 19
79 4.92638 4.76055 0 -1.34464 20
80 3.22151 3.11968 0 -2.55469 0
80 3.82058 3.45963 0 -1.62243 1
80 3.9479 3.80402 0 -0.427445 2
80 4.13949 3.63636 0 -1.35042 3
80 4.24633 4.24204 0 -2.9248 4
80 4.25761 4.22411 0 -2.85061 5
80 4.2765 4.19239 0 -2.71337 6
80 4.30292 4.15214 0 -2.52969 7
80 4.33712 4.10172 0 -2.27894 8
80 4.37965 4.04241 0 -1.93422 9
80 4.40728 3.98865 0 -1.26418 10
80 4.43622 3.98714 0 -1.61634 11
80 4.5031 3.92958 0 -1.19776 12
80 4.58806 3.85934 0 -0.644226 13
80 4.69418 3.78218 0 0.0450767 14
80 4.7584 4.13033 0 -1.22951 15
80 4.83332 3.68344 0 0.904997 16
80 4.86991 4.86097 0 -1.38769 17
80 4.88051 4.83847 0 -1.37663 18
80 4.89808 4.81032 0 -1.36055 19
80 4.92429 4.7649 0 -1.34291 20
81 3.21731 3.11951 0 -2.55969 0
81 3.80495 3.45375 0 -1.672 1
81 3.94211 3.80288 0 -0.412744 2
81 4.11669 3.60975 0 -1.33063 3
81 4.2461 4.24113 0 -2.92068 4
81 4.25692 4.22043 0 -2.84096 5
81 4.2749 4.1863 0 -2.70013 6
81 4.29985 4.1403 0 -2.49754 7
81 4.33243 4.08796 0 -2.24557 8
81 4.37274 4.03452 0 -1.88825 9
81 4.39043 3.98712 0 -1.31876 10
81 4.42787 3.99049 0 -1.65784 11
81 4.49331 3.93554 0 -1.25187 12
81 4.57565 3.8663 0 -0.713553 13
81 4.67721 3.79098 0 -0.0536516 14
81 4.73191 4.10157 0 -1.23706 15
81 4.81003 3.68882 0 0.796704 16
81 4.86979 4.86129 0 -1.38646 17
81 4.87996 4.84083 0 -1.38084 18
81 4.89686 4.80493 0 -1.35886 19
81 4.922 4.75777 0 -1.34357 20
82 3.21328 3.11936 0 -2.56511 0
82 3.78985 3.4483 0 -1.71756 1
82 3.93654 3.80097 0 -0.400295 2
82 4.09381 3.58926 0 -1.33154 3
82 4.24592 4.23831 0 -2.91328 4
82 4.25597 4.21181 0 -2.8185 5
82 4.27254 4.16777 0 -2.64721 6
82 4.2961 4.12048 0 -2.44564 7
82 4.32703 4.07907 0 -2.22849 8
82 4.36424 4.02312 0 -1.73073 9
82 4.37513 3.99472 0 -1.50224 10
82 4.41982 3.99674 0 -1.70412 11
82 4.48374 3.94263 0 -1.30914 12
82 4.56332 3.87249 0 -0.779564 13
82 4.66026 3.80225 0 -0.157607 14
82 4.70546 4.07805 0 -1.23228 15
82 4.78728 3.69861 0 0.678332 16
82 4.86963 4.85983 0 -1.38403 17
82 4.87932 4.83624 0 -1.3814 18
82 4.89516 4.78367 0 -1.33011 19
82 4.91897 4.72247 0 -1.31206 20
82 4.93923 3.97111 0 0.49036 21
83 3.20939 3.11922 0 -2.57014 0
83 3.77517 3.44325 0 -1.75993 1
83 3.93051 3.79897 0 -0.390291 2
83 4.07117 3.57366 0 -1.34785 3
83 4.24545 4.22912 0 -2.88808 4
83 4.25415 4.18174 0 -2.73088 5
83 4.26929 4.13949 0 -2.57096 6
83 4.29137 4.10628 0 -2.41487 7
83 4.32136 4.07933 0 -2.23817 8
83 4.35244 3.99411 0 -1.41581 9
83 4.36401 4.02856 0 -1.88798 10
83 4.41219 4.00772 0 -1.76491 11
83 4.4744 3.95046 0 -1.36602 12
83 4.55094 3.87793 0 -0.84142 13
83 4.64344 3.81607 0 -0.268418 14
83 4.67928 4.05544 0 -1.21764 15
83 4.76523 3.70955 0 0.556598 16
83 4.86935 4.85326 0 -1.37899 17
83 4.87825 4.81551 0 -1.36901 18
83 4.89203 4.67589 0 -1.17524 19
83 4.9121 4.18849 0 -0.21468 20
83 4.9189 4.16519 0 -0.0375895 21
83 4.94764 4.55434 0 -1.1278 22
84 3.20567 3.11911 0 -2.57497 0
84 3.76093 3.43854 0 -1.79936 1
84 3.92566 3.79523 0 -0.380206 2
84 4.04895 3.56175 0 -1.37446 3
84 4.24369 4.15807 0 -2.68401 4
84 4.25076 4.13907 0 -2.61384 5
84 4.26495 4.12956 0 -2.55182 6
84 4.28661 4.1195 0 -2.46785 7
84 4.31608 4.09713 0 -2.29753 8
84 4.33787 3.97556 0 -1.3073 9
84 4.35675 4.05626 0 -2.07098 10
84 4.40503 4.01692 0 -1.81574 11
84 4.46527 3.9567 0 -1.41543 12
84 4.53857 3.884 0 -0.903891 13
84 4.62653 3.83464 0 -0.399344 14
84 4.65379 4.03253 0 -1.18223 15
84 4.74387 3.72 0 0.437412 16
84 4.86831 4.76154 0 -1.27686 17
84 4.875 4.60405 0 -1.10372 18
84 4.88291 4.20373 0 -0.145495 19
84 4.89496 4.26127 0 -0.37644 20
84 4.91076 4.6561 0 -1.24719 21
84 4.94017 4.6283 0 -1.2877 22
85 3.2021 3.11893 0 -2.5798 0
85 3.74712 3.43404 0 -1.83744 1
85 3.92051 3.79078 0 -0.370227 2
85 4.02735 3.55298 0 -1.40843 3
85 4.23554 3.92939 0 -1.99454 4
85 4.24778 4.20627 0 -2.81764 5
85 4.26146 4.17623 0 -2.70148 6
85 4.28286 4.14842 0 -2.56425 7
85 4.31142 4.10825 0 -2.29567 8
85 4.32294 3.9727 0 -1.35017 9
85 4.35108 4.07465 0 -2.15983 10
85 4.39815 4.02427 0 -1.85601 11
85 4.45607 3.95881 0 -1.45076 12
85 4.52611 3.88928 0 -0.965179 13
85 4.60951 3.86215 0 -0.556039 14
85 4.62926 3.99934 0 -1.10817 15
85 4.72304 3.72838 0 0.330052 16
85 4.85339 3.84126 0 0.444991 17
85 4.86844 4.5758 0 -0.985479 18
85 4.87333 4.61714 0 -1.11595 19
85 4.88623 4.66632 0 -1.26076 20
85 4.90521 4.72193 0 -1.33239 21
85 4.93421 4.68315 0 -1.33816 22
86 3.19866 3.11886 0 -2.5844 0
86 3.73375 3.42989 0 -1.87276 1
86 3.91507 3.78476 0 -0.367234 2
86 4.00641 3.54741 0 -1.44493 3
86 4.21908 3.78915 0 -1.56916 4
86 4.24691 4.2334 0 -2.89842 5
86 4.25966 4.20349 0 -2.78392 6
86 4.2802 4.17055 0 -2.63211 7
86 4.30426 4.01466 0 -1.61799 8
86 4.31109 4.07072 0 -2.07362 9
86 4.34596 4.08371 0 -2.20292 10
86 4.39137 4.02587 0 -1.88228 11
86 4.44652 3.95998 0 -1.48333 12
86 4.51371 3.89361 0 -1.02182 13
86 4.59158 3.91466 0 -0.800841 14
86 4.60673 3.94554 0 -0.954741 15
86 4.70238 3.73514 0 0.227522 16
86 4.82729 3.73204 0 0.67718 17
86 4.85331 4.25325 0 -0.933754 18
86 4.87058 4.84296 0 -1.3765 19
86 4.88272 4.79768 0 -1.36869 20
86 4.90181 4.77024 0 -1.35174 21
86 4.92992 4.72431 0 -1.35307 22
87 3.19535 3.11872 0 -2.58888 0
87 3.72081 3.42582 0 -1.90662 1
87 3.90967 3.77591 0 -0.366632 2
87 3.98631 3.54547 0 -1.48002 3
87 4.19851 3.71093 0 -1.35934 4
87 4.24658 4.2383 0 -2.91165 5
87 4.25857 4.21391 0 -2.81445 6
87 4.27805 4.17478 0 -2.63471 7
87 4.29117 3.96032 0 -1.29506 8
87 4.30635 4.12912 0 -2.4323 9
87 4.34108 4.08391 0 -2.21584 10
87 4.38414 4.02177 0 -1.88944 11
87 4.4367 3.9582 0 -1.5082 12
87 4.50133 3.89877 0 -1.08242 13
87 4.57182 3.97506 0 -1.05741 14
87 4.58694 3.88503 0 -0.780096 15
87 4.68194 3.74456 0 0.119352 16
87 4.80068 3.71964 0 0.613996 17
87 4.8295 4.15924 0 -1.00764 18
87 4.87016 4.85769 0 -1.38318 19
87 4.88133 4.82828 0 -1.37639 20
87 4.89966 4.78645 0 -1.34563 21
87 4.92673 4.74207 0 -1.35127 22
88 3.19219 3.11865 0 -2.59322 0
88 3.70826 3.42196 0 -1.93885 1
88 3.90405 3.76219 0 -0.375713 2
88 3.96716 3.54867 0 -1.50852 3
88 4.17584 3.66039 0 -1.25127 4
88 4.24633 4.23966 0 -2.91604 5
88 4.25762 4.21522 0 -2.8168 6
88 4.27424 4.05381 0 -1.91293 7
88 4.27872 4.06325 0 -1.97777 8
88 4.30275 4.12965 0 -2.45507 9
88 4.33567 4.0731 0 -2.19598 10
88 4.37642 4.01418 0 -1.88647 11
88 4.42683 3.96083 0 -1.54918 12
88 4.48919 3.90734 0 -1.15186 13
88 4.55046 4.00584 0 -1.19995 14
88 4.56969 3.85824 0 -0.725799 15
88 4.66173 3.7551 0 0.00530017 16
88 4.77467 3.7245 0 0.497573 17
88 4.8027 4.10449 0 -1.02866 18
88 4.86993 4.85927 0 -1.38456 19
88 4.88053 4.83574 0 -1.38124 20
88 4.89774 4.76399 0 -1.28451 21
88 4.92261 4.25465 0 -0.377816 22
88 4.9261 4.00404 0 0.461434 23
89 3.18912 3.11856 0 -2.59721 0
89 3.69609 3.41825 0 -1.96972 1
89 3.8979 3.73975 0 -0.408005 2
89 3.94933 3.56057 0 -1.51233 3
89 4.15225 3.62609 0 -1.20555 4
89 4.24608 4.23829 0 -2.91062 5
89 4.2563 4.1863 0 -2.67697 6
89 4.26223 3.96677 0 -1.38396 7
89 4.27474 4.16285 0 -2.6073 8
89 4.29857 4.11303 0 -2.41747 9
89 4.32936 4.05708 0 -2.16005 10
89 4.36826 4.01209 0 -1.90391 11
89 4.41707 3.97031 0 -1.61438 12
89 4.47745 3.91743 0 -1.22554 13
89 4.52872 4.01228 0 -1.25057 14
89 4.55372 3.85415 0 -0.757694 15
89 4.64197 3.76576 0 -0.104727 16
89 4.74929 3.74075 0 0.338967 17
89 4.77497 4.06714 0 -1.02879 18
89 4.87016 4.85152 0 -1.36109 19
89 4.87934 4.82857 0 -1.35716 20
89 4.88973 3.78839 0 0.929809 21
89 4.89923 4.4652 0 -0.758207 22
89 4.9202 4.7311 0 -1.32374 23
90 3.18622 3.11845 0 -2.60133 0
90 3.6843 3.41474 0 -1.99952 1
90 3.8908 3.70251 0 -0.489794 2
90 3.93317 3.58661 0 -1.46848 3
90 4.12833 3.60134 0 -1.19403 4
90 4.24532 4.17299 0 -2.59938 5
90 4.24801 3.99909 0 -1.60095 6
90 4.2559 4.18486 0 -2.69327 7
90 4.27142 4.13679 0 -2.54892 8
90 4.29323 4.08732 0 -2.35256 9
90 4.32244 4.05396 0 -2.1711 10
90 4.36029 4.02419 0 -1.96914 11
90 4.40792 3.98509 0 -1.69228 12
90 4.46592 3.92675 0 -1.29408 13
90 4.50742 4.01024 0 -1.26933 14
90 4.53828 3.85693 0 -0.815437 15
90 4.62267 3.7765 0 -0.213344 16
90 4.72456 3.75864 0 0.18105 17
90 4.74678 4.03334 0 -0.996415 18
90 4.85822 3.62881 0 1.22868 19
90 4.86975 4.83806 0 -1.35614 20
90 4.879 4.82368 0 -1.35813 21
90 4.89516 4.75639 0 -1.33702 22
90 4.91662 4.70414 0 -1.32593 23
90 4.9465 4.62763 0 -1.33502 24
91 3.1834 3.11839 0 -2.60517 0
91 3.67291 3.4113 0 -2.02828 1
91 3.88201 3.64758 0 -0.658003 2
91 3.91943 3.63147 0 -1.33736 3
91 4.10456 3.58318 0 -1.20741 4
91 4.234 3.92405 0 -1.22161 5
91 4.24516 4.20545 0 -2.80212 6
91 4.25281 4.13533 0 -2.57717 7
91 4.26648 4.10139 0 -2.4585 8
91 4.28729 4.0912 0 -2.3811 9
91 4.31598 4.07619 0 -2.26177 10
91 4.35309 4.04424 0 -2.05393 11
91 4.39927 3.99559 0 -1.75271 12
91 4.4546 3.9328 0 -1.34318 13
91 4.48659 4.00565 0 -1.2847 14
91 4.5232 3.86137 0 -0.881876 15
91 4.60384 3.78708 0 -0.319821 16
91 4.70007 3.78306 0 -0.00249582 17
91 4.71906 3.99871 0 -0.941502 18
91 4.82676 3.61764 0 1.13274 19
91 4.8692 4.84414 0 -1.38144 20
91 4.87719 4.78504 0 -1.35859 21
91 4.89112 4.71451 0 -1.35499 22
91 4.91044 4.66327 0 -1.30764 23
91 4.93862 4.62843 0 -1.3326 24
92 3.18069 3.11824 0 -2.60884 0
92 3.66186 3.408 0 -2.05538 1
92 3.87099 3.58732 0 -0.898328 2
92 3.90859 3.68507 0 -1.13304 3
92 4.0811 3.56923 0 -1.23445 4
92 4.22071 3.90765 0 -1.18752 5
92 4.23985 3.97505 0 -2.08339 6
92 4.24819 4.17441 0 -2.7202 7
92 4.26165 4.15261 0 -2.62887 8
92 4.28243 4.13222 0 -2.52023 9
92 4.31074 4.10434 0 -2.36232 10
92 4.34679 4.05837 0 -2.11699 11
92 4.39086 4.0002 0 -1.79127 12
92 4.44293 3.9356 0 -1.38124 13
92 4.46648 3.99954 0 -1.2956 14
92 4.50833 3.86625 0 -0.947363 15
92 4.58544 3.79667 0 -0.418595 16
92 4.6758 3.81663 0 -0.21541 17
92 4.69226 3.96047 0 -0.860887 18
92 4.79598 3.63114 0 0.96399 19
92 4.86624 4.65097 0 -1.33976 20
92 4.87252 4.733 0 -1.35662 21
92 4.88521 4.72362 0 -1.36106 22
92 4.90399 4.68651 0 -1.27971 23
92 4.93155 4.57308 0 -1.17009 24
92 4.94031 3.68421 0 1.43026 25
93 3.17809 3.1182 0 -2.61251 0
93 3.65115 3.40482 0 -2.08163 1
93 3.85792 3.54146 0 -1.12666 2
93 3.90041 3.72751 0 -0.934313 3
93 4.05823 3.55825 0 -1.27096 4
93 4.20699 3.87828 0 -1.17477 5
93 4.22406 3.80472 0 -1.48422 6
93 4.2469 4.23057 0 -2.89037 7
93 4.25929 4.19711 0 -2.76763 8
93 4.27925 4.16216 0 -2.61706 9
93 4.30638 4.11853 0 -2.41727 10
93 4.34064 4.06067 0 -2.13892 11
93 4.38214 3.99417 0 -1.79468 12
93 4.43082 3.939 0 -1.4124 13
93 4.44717 3.99121 0 -1.30906 14
93 4.4937 3.87462 0 -1.02815 15
93 4.56751 3.80733 0 -0.522159 16
93 4.65179 3.85631 0 -0.445907 17
93 4.66627 3.92251 0 -0.763525 18
93 4.76647 3.64697 0 0.795463 19
93 4.84916 4.30474 0 -1.25861 20
93 4.87038 4.84203 0 -1.37093 21
93 4.88202 4.7983 0 -1.37028 22
93 4.89731 4.19146 0 -0.0708919 23
93 4.90616 3.98074 0 0.296429 24
93 4.92781 4.71343 0 -1.30359 25
94 3.17559 3.11814 0 -2.61584 0
94 3.64078 3.40175 0 -2.10711 1
94 3.84387 3.51098 0 -1.30757 2
94 3.89394 3.75253 0 -0.793101 3
94 4.036 3.54938 0 -1.31223 4
94 4.19156 3.79344 0 -1.15147 5
94 4.20535 3.79903 0 -1.27935 6
94 4.24647 4.23774 0 -2.91156 7
94 4.25797 4.20984 0 -2.80636 8
94 4.27673 4.16797 0 -2.63952 9
94 4.30215 4.11442 0 -2.41367 10
94 4.33395 4.04732 0 -2.11117 11
94 4.37269 3.98584 0 -1.79379 12
94 4.4183 3.9525 0 -1.44065 13
94 4.42915 3.97745 0 -1.34009 14
94 4.47964 3.88602 0 -1.11369 15
94 4.54998 3.81809 0 -0.620905 16
94 4.62803 3.90301 0 -0.693655 17
94 4.64148 3.88107 0 -0.650161 18
94 4.73817 3.66193 0 0.636117 19
94 4.82345 4.1794 0 -1.20475 20
94 4.8654 3.65651 0 1.18515 21
94 4.8707 4.73068 0 -1.21154 22
94 4.88067 4.82412 0 -1.35292 23
94 4.89877 4.76402 0 -1.34831 24
94 4.92324 4.73366 0 -1.33663 25
95 3.17319 3.11803 0 -2.61935 0
95 3.6307 3.39877 0 -2.1315 1
95 3.82929 3.49245 0 -1.43429 2
95 3.88854 3.76536 0 -0.698976 3
95 4.01443 3.54189 0 -1.35609 4
95 4.17164 3.6805 0 -1.12017 5
95 4.18957 3.8639 0 -1.21814 6
95 4.24615 4.23737 0 -2.91003 7
95 4.2568 4.20714 0 -2.8005 8
95 4.27379 4.15359 0 -2.6022 9
95 4.297 4.08709 0 -2.33915 10
95 4.32631 4.02895 0 -2.07208 11
95 4.36308 3.99225 0 -1.84234 12
95 4.40462 3.97823 0 -1.41602 13
95 4.41305 3.96296 0 -1.458 14
95 4.46615 3.89809 0 -1.19983 15
95 4.53279 3.82797 0 -0.71394 16
95 4.60458 3.94486 0 -0.909025 17
95 4.61783 3.84559 0 -0.555751 18
95 4.71071 3.67366 0 0.495047 19
95 4.79485 4.11974 0 -1.17737 20
95 4.83056 3.60985 0 1.14265 21
95 4.87025 4.85033 0 -1.40758 22
95 4.87739 4.84327 0 -1.37305 23
95 4.9012 4.78073 0 -1.38678 24
95 4.91748 4.70178 0 -1.32541 25
96 3.17087 3.11799 0 -2.62268 0
96 3.62097 3.396 0 -2.15529 1
96 3.81466 3.47987 0 -1.52851 2
96 3.88377 3.77109 0 -0.636204 3
96 3.99358 3.53589 0 -1.40096 4
96 4.14851 3.62506 0 -1.10748 5
96 4.17663 3.89026 0 -1.20074 6
96 4.24572 4.23013 0 -2.89093 7
96 4.25482 4.17518 0 -2.70907 8
96 4.26969 4.10483 0 -2.46052 9
96 4.2904 4.06239 0 -2.27845 10
96 4.31831 4.04077 0 -2.13488 11
96 4.35418 4.0168 0 -1.95024 12
96 4.38872 3.98207 0 -1.34063 13
96 4.40055 3.96906 0 -1.62135 14
96 4.45294 3.90418 0 -1.26308 15
96 4.51579 3.83557 0 -0.798099 16
96 4.58145 3.97555 0 -1.0683 17
96 4.59544 3.82092 0 -0.51343 18
96 4.68403 3.68692 0 0.350205 19
96 4.76573 4.08218 0 -1.15069 20
96 4.79659 3.63083 0 0.916462 21
96 4.86955 4.85531 0 -1.38754 22
96 4.87852 4.81289 0 -1.36367 23
96 4.89371 4.74455 0 -1.36318 24
96 4.91287 4.52399 0 -0.993978 25
96 4.93056 3.68365 0 1.22388 26
96 4.94305 4.53756 0 -1.07423 27
97 3.16866 3.11794 0 -2.62577 0
97 3.61154 3.39318 0 -2.17832 1
97 3.8002 3.47054 0 -1.60363 2
97 3.87931 3.77237 0 -0.593811 3
97 3.97347 3.53116 0 -1.44558 4
97 4.12463 3.59674 0 -1.1224 5
97 4.16494 3.89588 0 -1.19274 6
97 4.24377 4.12852 0 -2.59365 7
97 4.25043 4.09817 0 -2.48506 8
97 4.26363 4.10252 0 -2.4708 9
97 4.2839 4.09856 0 -2.41016 10
97 4.31149 4.07681 0 -2.26819 11
97 4.34641 4.03653 0 -2.03353 12
97 4.37195 3.97605 0 -1.3143 13
97 4.39002 3.97494 0 -1.69617 14
97 4.43965 3.90575 0 -1.30913 15
97 4.49911 3.8446 0 -0.889481 16
97 4.55864 3.9946 0 -1.17474 17
97 4.57407 3.81069 0 -0.530362 18
97 4.65804 3.70231 0 0.200608 19
97 4.73664 4.05908 0 -1.14325 20
97 4.76403 3.65284 0 0.70653 21
97 4.86863 4.79503 0 -1.35648 22
97 4.87459 4.59071 0 -1.10629 23
97 4.88549 4.12375 0 -0.134044 24
97 4.8909 4.16306 0 -0.0596393 25
97 4.90872 4.55849 0 -1.1685 26
97 4.93401 4.63883 0 -1.30308 27
98 3.16652 3.11788 0 -2.62884 0
98 3.60238 3.3905 0 -2.20021 1
98 3.78608 3.46335 0 -1.66563 2
98 3.87511 3.7701 0 -0.563927 3
98 3.95412 3.5281 0 -1.48925 4
98 4.10083 3.57885 0 -1.15131 5
98 4.15374 3.89563 0 -1.18759 6
98 4.23146 3.80997 0 -1.58456 7
98 4.2471 4.21588 0 -2.8472 8
98 4.25981 4.17771 0 -2.70669 9
98 4.27961 4.1434 0 -2.55905 10
98 4.30609 4.10077 0 -2.35846 11
98 4.33878 4.03481 0 -2.03286 12
98 4.35545 3.97321 0 -1.32538 13
98 4.37954 3.9672 0 -1.70594 14
98 4.42629 3.90908 0 -1.36485 15
98 4.48298 3.85795 0 -0.99275 16
98 4.5363 4.00313 0 -1.23588 17
98 4.55355 3.81062 0 -0.589026 18
98 4.63298 3.71774 0 0.0527617 19
98 4.70818 4.04223 0 -1.14155 20
98 4.73289 3.66931 0 0.534343 21
98 4.84586 3.62764 0 1.11089 22
98 4.86264 4.33009 0 -0.988952 23
98 4.87092 4.8061 0 -1.35962 24
98 4.88323 4.76402 0 -1.35811 25
98 4.90232 4.72736 0 -1.36078 26
98 4.92788 4.68462 0 -1.30946 27
99 3.16447 3.11784 0 -2.63166 0
99 3.59351 3.38794 0 -2.22216 1
99 3.77218 3.45664 0 -1.7175 2
99 3.87075 3.76382 0 -0.545256 3
99 3.93565 3.52799 0 -1.52767 4
99 4.07738 3.5663 0 -1.19067 5
99 4.14298 3.8931 0 -1.1853 6
99 4.21021 3.69643 0 -1.23978 7
99 4.24646 4.23452 0 -2.90221 8
99 4.25799 4.20308 0 -2.7859 9
99 4.2764 4.1559 0 -2.60258 10
99 4.30089 4.09151 0 -2.33719 11
99 4.33019 4.01139 0 -1.92383 12
99 4.33986 3.97579 0 -1.40478 13
99 4.36853 3.96224 0 -1.72407 14
99 4.41322 3.92331 0 -1.457 15
99 4.46758 3.87236 0 -1.0945 16
99 4.51449 4.00494 0 -1.27248 17
99 4.53382 3.8143 0 -0.665136 18
99 4.60884 3.73189 0 -0.0846624 19
99 4.68058 4.02988 0 -1.14634 20
99 4.7028 3.68556 0 0.372717 21
99 4.8083 3.59911 0 1.125 22
99 4.83753 4.17503 0 -1.16907 23
99 4.87011 4.85304 0 -1.38458 24
99 4.88082 4.81833 0 -1.37126 25
99 4.8987 4.77136 0 -1.37382 26
99 4.9224 4.62815 0 -1.13253 27
99 4.94259 3.57756 0 1.60467 28
