0 8.34857e-29 2.18875e-29 3.95057e-28 -8.6367e-29 3.57088e-28 -9.51644e-16 6.08767e-16 
0.2358 1.94115e-29 1.18375e-29 1.35428e-30 -3.06269e-29 2.95513e-29 4.58879e-16 5.88065e-16 
0.73771 1.78867e-30 3.53965e-30 1.27393e-29 -5.08381e-30 1.39005e-29 1.39294e-16 -6.99156e-18 
1.38889 9.91178e-31 5.07636e-32 4.42151e-30 4.53206e-31 3.83729e-30 -1.03692e-16 -6.41428e-17 
2.04007 1.39757e-30 3.15083e-30 1.72239e-30 -4.23978e-30 4.47204e-30 1.23128e-16 -3.73824e-16 
2.54198 9.41158e-30 5.07376e-30 6.43853e-30 -1.39617e-29 1.7621e-29 -3.19521e-16 -3.72172e-16 
2.77778 2.44402e-31 7.54044e-30 9.85371e-29 2.7428e-30 7.16764e-29 5.14897e-17 -1.54905e-16 
2.77778 2.44402e-31 7.54909e-30 2.51801e-29 2.74437e-30 2.45575e-29 5.14897e-17 -1.54905e-16 
3.01358 9.22073e-30 1.48909e-30 2.2014e-30 -7.48663e-30 1.22335e-29 -3.16265e-16 -1.65488e-17 
3.51549 6.30477e-30 1.24211e-30 2.94832e-33 -5.65403e-30 7.31141e-30 -2.61519e-16 1.76104e-16 
4.16667 1.67838e-30 1.81571e-30 2.83135e-32 -3.52706e-30 3.31707e-30 1.34932e-16 1.88708e-16 
4.81785 3.20547e-30 1.76618e-30 2.18284e-31 -4.80735e-30 4.80363e-30 1.86472e-16 -2.11158e-16 
5.31976 2.58113e-33 1.78108e-31 7.64214e-30 -4.33201e-32 4.50132e-30 -5.29143e-18 -2.35901e-16 
5.55556 1.57481e-29 6.02188e-30 1.05276e-28 -1.96754e-29 8.91069e-29 4.13317e-16 -2.83896e-16 
5.55556 1.66615e-29 3.65442e-30 8.41739e-29 -1.62661e-29 7.44033e-29 4.13317e-16 -2.83896e-16 
5.79136 2.4326e-30 6.7082e-31 4.53699e-31 -2.6629e-30 2.47088e-30 -1.57929e-16 -3.05833e-16 
6.29327 8.72934e-32 4.21742e-31 4.14153e-30 3.99973e-31 3.05033e-30 2.9917e-17 -1.30659e-16 
6.94444 8.53402e-31 5.14207e-32 8.27094e-32 4.36679e-31 7.57644e-31 -9.35414e-17 -1.39511e-16 
7.59562 8.01989e-30 1.77846e-30 1.96342e-31 -7.87268e-30 1.01849e-29 -2.86755e-16 -3.29694e-17 
8.09753 3.07171e-30 8.62117e-31 7.5683e-31 -3.39226e-30 4.1434e-30 -1.77467e-16 1.92412e-16 
8.33333 1.34493e-30 3.26631e-31 7.15438e-31 1.38164e-30 1.69145e-30 -1.17429e-16 2.11896e-16 
8.33333 1.34493e-30 2.65223e-34 1.08759e-28 -3.93705e-32 7.11661e-29 -1.17429e-16 2.11896e-16 
8.56913 1.31978e-29 2.78485e-30 1.44679e-30 -1.26377e-29 1.71689e-29 3.67856e-16 1.27837e-16 
9.07104 2.70304e-30 6.15947e-34 2.05639e-30 -8.50579e-32 4.04177e-30 -1.66477e-16 -3.17827e-17 
9.72222 9.05704e-31 1.09209e-31 2.19351e-30 6.55601e-31 2.39539e-30 9.63652e-17 7.22408e-17 
10.3734 8.84851e-32 1.0372e-30 1.53718e-29 6.31513e-31 1.10177e-29 3.01205e-17 1.24277e-16 
10.8753 4.09537e-29 3.20257e-29 3.77e-29 -7.5494e-29 9.71437e-29 -6.47997e-16 6.29305e-16 
11.1111 2.72243e-29 5.65649e-29 1.64432e-29 -8.18028e-29 8.72092e-29 -5.28329e-16 1.13784e-15 
11.1111 2.87581e-29 1.96378e-27 1.80225e-27 5.10629e-28 3.3983e-27 -5.28329e-16 1.13784e-15 
11.3469 6.83941e-28 1.76188e-27 7.32458e-28 -2.35872e-27 3.10472e-27 -2.57652e-15 2.20106e-15 
11.8488 2.32612e-27 1.24972e-27 7.38273e-27 -3.66353e-27 7.99947e-27 -4.75161e-15 7.27943e-15 
12.5 1.05714e-25 1.23883e-25 2.55253e-25 -2.45896e-25 3.96561e-25 -3.20325e-14 3.90696e-14 
13.1512 2.72034e-24 2.90589e-24 6.8798e-24 -6.04128e-24 1.00302e-23 -1.62494e-13 2.11441e-13 
13.6531 3.44343e-23 3.88949e-23 8.81051e-23 -7.86357e-23 1.2985e-22 -5.78123e-13 7.61595e-13 
13.8889 1.09669e-22 1.22532e-22 2.79283e-22 -2.49083e-22 4.10428e-22 -1.03173e-12 1.38433e-12 
13.8889 1.09669e-22 3.1919e-21 2.24282e-21 1.27129e-21 5.14341e-21 -1.03173e-12 1.38433e-12 
14.1247 1.10578e-21 3.49109e-21 1.23356e-21 -4.22175e-21 5.76079e-21 -3.27611e-12 3.02547e-12 
14.6266 5.06418e-21 2.93154e-21 1.64715e-20 -8.27906e-21 1.79809e-20 -7.01099e-12 1.04442e-11 
15.2778 2.22434e-19 2.58097e-19 5.2903e-19 -5.14838e-19 8.26174e-19 -4.64649e-11 5.67617e-11 
15.929 5.51933e-18 5.97514e-18 1.40797e-17 -1.23394e-17 2.04947e-17 -2.31456e-10 3.04767e-10 
16.4309 6.80247e-17 7.80576e-17 1.75981e-16 -1.56574e-16 2.58734e-16 -8.12564e-10 1.08791e-09 
16.6667 2.1343e-16 2.43463e-16 5.51481e-16 -4.89804e-16 8.07996e-16 -1.4393e-09 1.96763e-09 
16.6667 2.25122e-16 1.40798e-14 5.77117e-15 3.93967e-15 1.99051e-14 -1.4393e-09 1.96763e-09 
16.9025 2.93706e-15 1.08612e-14 2.92977e-15 -1.24982e-14 1.70306e-14 -5.19876e-09 4.40512e-09 
17.4044 1.00686e-14 4.25367e-15 3.5151e-14 -1.44817e-14 3.56832e-14 -9.62558e-09 1.51102e-08 
18.0556 5.4917e-13 6.39887e-13 1.28029e-12 -1.31177e-12 2.0515e-12 -7.1088e-08 8.36061e-08 
18.7067 1.44983e-11 1.52757e-11 3.62726e-11 -3.29314e-11 5.35861e-11 -3.65259e-07 4.66197e-07 
19.2086 1.9492e-10 2.16753e-10 4.91666e-10 -4.54844e-10 7.35691e-10 -1.33928e-06 1.71589e-06 
19.4444 6.40214e-10 7.00241e-10 1.59759e-09 -1.48163e-09 2.38858e-09 -2.4272e-06 3.15745e-06 
19.4444 6.40214e-10 4.19344e-09 9.92716e-09 3.62577e-09 1.17893e-08 -2.4272e-06 3.15745e-06 
19.6802 4.19748e-09 1.03157e-08 5.13813e-09 -1.45612e-08 1.88955e-08 -6.21495e-06 6.57896e-06 
20.1822 2.84983e-08 2.23064e-08 8.76203e-08 -5.57925e-08 1.06354e-07 -1.61939e-05 2.25818e-05 
20.8333 1.0033e-06 1.18627e-06 2.46187e-06 -2.41412e-06 3.82097e-06 -9.60856e-05 0.000123375 
21.4845 2.3488e-05 2.73613e-05 6.23683e-05 -5.60975e-05 9.14579e-05 -0.000464906 0.000642947 
21.9864 0.000253743 0.000321115 0.000696237 -0.000631655 0.00102628 -0.00152806 0.00222578 
22.2222 0.000731134 0.000948686 0.00205813 -0.00184294 0.00300419 -0.00259383 0.00393722 
22.2222 0.000770109 0.00196757 0.0151433 -0.00704711 0.00777841 -0.00259383 0.00393722 
22.3794 0.0105915 0.0127508 0.0113818 -0.0665301 0.0285891 -0.0096193 0.00772607 
22.714 0.0312251 0.0325624 0.0221995 -0.182549 0.0710407 -0.0165165 0.0229546 
23.1481 0.0361482 0.0364934 0.0712213 -0.207932 0.0776817 -0.0177709 0.0474197 
23.5823 0.0278598 0.0279751 0.152396 -0.159825 0.0554852 -0.0156011 0.0707354 
23.9169 0.0183451 0.0183398 0.222882 -0.105009 0.0315705 -0.0126598 0.085826 
24.0741 0.0140155 0.0141008 0.255171 -0.0804817 0.0211774 -0.0110655 0.0917496 
24.0741 0.0140155 0.0140293 0.254589 -0.0802774 0.0209073 -0.0110655 0.0917496 
24.2313 0.00998547 0.00999265 0.283487 -0.0571867 0.0109534 -0.00934006 0.096845 
24.5659 0.00330511 0.0033065 0.331071 -0.0189255 -0.00550737 -0.00537351 0.104687 
25 1.212e-06 1.21214e-06 0.354527 -6.93903e-06 -0.0136346 0.0001029 0.108341 
25.4341 0.0035537 0.00355519 0.329304 -0.020349 -0.00489652 0.00557193 0.104407 
25.7687 0.0103801 0.0103876 0.28067 -0.0594467 0.011924 0.00952283 0.0963618 
25.9259 0.0144558 0.0144701 0.251434 -0.0827995 0.0219914 0.0112379 0.0911776 
25.9259 0.0144558 0.0145442 0.252024 -0.0830111 0.022267 0.0112379 0.0911776 
26.0831 0.0188117 0.0188062 0.219505 -0.10768 0.0327198 0.0128197 0.085171 
26.4177 0.0283179 0.0284364 0.14897 -0.162457 0.0566238 0.0157288 0.0699264 
26.8519 0.036413 0.0367665 0.0685382 -0.209471 0.0783721 0.0178358 0.0464732 
27.286 0.0310516 0.0324123 0.0207651 -0.181621 0.0707032 0.0164705 0.0219808 
27.6206 0.0100859 0.0122398 0.0106689 -0.0636086 0.0273856 0.00938692 0.00687435 
27.7778 0.000556085 0.0016419 0.0146845 -0.00547034 0.00709175 0.00220412 0.00322592 
27.7778 0.000584952 0.000743685 0.00160583 -0.00154412 0.0024132 0.00220412 0.00322592 
28.0136 0.000194986 0.000244037 0.000526051 -0.000510688 0.00079655 0.00127256 0.0017962 
28.5155 1.67391e-05 1.93504e-05 4.3958e-05 -4.21343e-05 6.60065e-05 0.000372856 0.00050427 
29.1667 6.72362e-07 8.05179e-07 1.6272e-06 -1.72256e-06 2.60817e-06 7.4727e-05 9.33727e-05 
29.8178 1.63306e-08 1.11699e-08 5.25414e-08 -3.16192e-08 6.16571e-08 1.1646e-05 1.6594e-05 
30.3198 2.86924e-09 8.39054e-09 3.06966e-09 -1.14869e-08 1.43963e-08 4.88157e-06 4.77555e-06 
30.5556 3.35258e-10 5.89372e-09 7.11254e-09 3.29087e-09 1.17395e-08 1.66865e-06 2.18582e-06 
30.5556 3.35258e-10 3.76705e-10 8.45153e-10 -8.31986e-10 1.28976e-09 1.66865e-06 2.18582e-06 
30.7914 1.01737e-10 1.15924e-10 2.58652e-10 -2.54245e-10 3.95234e-10 9.1921e-07 1.18257e-06 
31.2933 7.4529e-12 8.00152e-12 1.87546e-11 -1.8079e-11 2.82827e-11 2.48793e-07 3.17467e-07 
31.9444 2.74977e-13 3.2633e-13 6.40845e-13 -7.01298e-13 1.05185e-12 4.77886e-08 5.58834e-08 
32.5956 4.73636e-15 1.88745e-15 1.67672e-14 -6.99981e-15 1.71646e-14 6.27189e-09 9.81665e-09 
33.0975 1.42728e-15 5.66191e-15 1.3091e-15 -6.65522e-15 8.76172e-15 3.44295e-09 2.73825e-09 
33.3333 7.61205e-17 7.74284e-15 3.08958e-15 1.79733e-15 1.09639e-14 7.95109e-10 1.10343e-09 
33.3333 7.99711e-17 9.65971e-17 2.11032e-16 -2.11404e-16 3.22701e-16 7.95109e-10 1.10343e-09 
33.5691 2.5367e-17 3.06103e-17 6.66272e-17 -6.70243e-17 1.02346e-16 4.47811e-10 6.04573e-10 
34.071 1.99822e-18 2.24665e-18 5.15165e-18 -5.09629e-18 7.82505e-18 1.25685e-10 1.65214e-10 
34.7222 7.60689e-20 9.14016e-20 1.80826e-19 -2.0056e-19 2.96256e-19 2.45225e-11 2.96332e-11 
35.3734 1.53426e-21 8.2764e-22 5.22054e-21 -2.7104e-21 5.75117e-21 3.48264e-12 5.18697e-12 
35.8753 3.53122e-22 1.2334e-21 3.38921e-22 -1.58737e-21 1.99372e-21 1.67079e-12 1.47841e-12 
36.1111 2.90049e-23 1.32685e-21 8.44786e-22 4.71857e-22 2.11175e-21 4.78846e-13 6.41846e-13 
36.1111 2.90049e-23 3.37024e-23 7.4534e-23 -7.52022e-23 1.14503e-22 4.78846e-13 6.41846e-13 
36.3469 8.93604e-24 1.04697e-23 2.30439e-23 -2.3265e-23 3.54901e-23 2.65786e-13 3.48466e-13 
36.8488 6.6711e-25 7.34877e-25 1.70421e-24 -1.68411e-24 2.58791e-24 7.26205e-14 9.38501e-14 
37.5 2.41723e-26 2.96564e-26 5.82616e-26 -6.43995e-26 9.54145e-26 1.38235e-14 1.65971e-14 
38.1512 4.36643e-28 2.16866e-28 1.49729e-27 -7.40156e-28 1.61613e-27 1.8579e-15 2.87762e-15 
38.6531 1.3724e-28 4.51824e-28 1.08797e-28 -5.98948e-28 7.31127e-28 1.0416e-15 7.50887e-16 
38.8889 5.48651e-30 7.35819e-28 3.58723e-28 1.52826e-28 1.08804e-27 2.08261e-16 3.65469e-16 
38.8889 5.75714e-30 1.71431e-29 5.50734e-33 -2.45325e-29 2.45033e-29 2.08261e-16 3.65469e-16 
39.1247 8.65921e-30 3.34603e-30 7.97012e-30 -1.32922e-29 1.80934e-29 2.55413e-16 1.8231e-16 
39.6266 2.02066e-32 3.2546e-31 1.19469e-30 2.00258e-31 1.17152e-30 -1.23382e-17 4.49801e-17 
40.2778 6.53196e-32 1.3545e-33 9.01172e-32 2.32276e-32 1.31392e-31 2.21833e-17 -4.84278e-18 
40.929 2.09859e-31 1.52505e-33 4.12021e-31 4.41774e-32 4.98424e-31 -3.97621e-17 1.63243e-17 
41.4309 1.40764e-30 2.12483e-33 2.66603e-31 -1.35052e-31 1.68826e-30 -1.02979e-16 -8.59513e-18 
41.6667 7.72018e-30 3.21959e-30 1.27963e-29 -1.23114e-29 2.05038e-29 -2.41167e-16 4.01373e-17 
41.6667 7.72018e-30 2.88582e-30 1.16669e-28 -1.16558e-29 8.93524e-29 -2.41167e-16 4.01373e-17 
41.9025 5.45393e-30 4.10158e-31 1.25491e-31 -3.69338e-30 6.37025e-30 2.02703e-16 5.50986e-17 
42.4044 1.08382e-30 5.88715e-33 1.993e-30 -1.97253e-31 2.49535e-30 -9.03614e-17 -1.22192e-17 
43.0556 1.94832e-31 1.77904e-32 6.55525e-31 1.45384e-31 6.58862e-31 -3.8312e-17 2.60861e-17 
43.7067 3.17995e-31 1.04306e-32 7.00489e-31 -1.42219e-31 8.10029e-31 -4.89458e-17 -2.98905e-17 
44.2087 1.16334e-32 6.12276e-31 7.53472e-30 -2.08411e-31 5.6796e-30 -9.36177e-18 7.51112e-17 
44.4445 4.00123e-29 5.39011e-30 9.69479e-29 -3.62652e-29 1.13706e-28 5.49037e-16 4.84919e-17 
44.4445 4.19381e-29 1.61871e-29 1.13029e-28 -6.60115e-29 1.39723e-28 5.49037e-16 4.84919e-17 
44.6803 1.05189e-30 7.67981e-33 2.65845e-30 -2.27714e-31 2.8835e-30 8.69525e-17 -6.17053e-17 
45.1822 2.98898e-31 5.82722e-31 1.60556e-31 1.05736e-30 1.08188e-30 4.63509e-17 4.70166e-17 
45.8333 3.59972e-31 1.60927e-31 7.3544e-31 6.09789e-31 1.02897e-30 -5.08665e-17 5.96207e-17 
46.4845 1.34013e-31 1.3632e-31 1.85585e-32 3.42439e-31 3.12425e-31 -3.10363e-17 -1.6188e-17 
46.9864 3.28473e-30 7.99308e-31 7.38352e-31 -4.10523e-30 4.96851e-30 -1.53655e-16 -1.41114e-17 
47.2222 3.61913e-30 1.22298e-29 2.23329e-31 -1.68556e-29 1.80997e-29 -1.61287e-16 1.13028e-16 
47.2222 3.61913e-30 6.72931e-31 7.38621e-29 3.95383e-30 5.39934e-29 -1.61287e-16 1.13028e-16 
47.458 7.24131e-30 4.61277e-31 9.87281e-32 -4.63041e-30 8.37222e-30 2.28142e-16 7.03927e-17 
47.9599 2.93671e-31 5.23717e-31 2.12468e-30 9.93595e-31 2.32783e-30 -4.59439e-17 -4.15966e-17 
48.6111 4.51573e-31 9.96326e-31 2.44441e-30 -1.6994e-30 3.27732e-30 -5.6972e-17 -1.36303e-17 
49.2623 8.59087e-30 6.33387e-31 9.09599e-32 -5.90995e-30 1.00154e-29 2.48494e-16 7.6394e-17 
49.7642 2.90484e-32 6.02749e-31 5.57717e-30 -3.35243e-31 4.28657e-30 1.44497e-17 -1.27115e-16 
50 2.28313e-29 2.58111e-29 4.32349e-29 -6.15034e-29 8.35318e-29 -4.051e-16 -2.49836e-17 
50 2.39041e-29 3.26547e-31 1.12519e-27 -7.25767e-30 7.82663e-28 -4.051e-16 -2.49836e-17 
50.0639 6.50611e-29 6.54425e-32 1.56254e-29 -5.36017e-30 8.14219e-29 -6.68323e-16 -2.23538e-17 
50.2147 1.44857e-32 1.94737e-30 1.37497e-28 -4.36298e-31 9.46916e-29 -9.97232e-18 2.19368e-17 
50.4527 1.0259e-29 1.30171e-30 7.49659e-30 -9.49287e-30 1.77178e-29 2.65386e-16 2.65551e-17 
50.7796 1.6629e-32 4.16813e-32 2.61232e-31 -6.83899e-32 2.24447e-31 -1.06846e-17 -4.02817e-17 
51.1974 2.02957e-32 1.89208e-31 1.73008e-33 1.60975e-31 2.3156e-31 1.1804e-17 3.30576e-17 
51.7091 1.89281e-31 7.86434e-33 4.79605e-32 -1.00224e-31 2.37252e-31 3.60479e-17 3.06121e-17 
52.3183 1.49424e-31 7.89346e-33 3.05574e-31 8.92138e-32 3.54425e-31 3.20284e-17 4.57017e-17 
53.0298 5.75416e-33 1.64705e-32 8.54784e-32 -2.5289e-32 7.22098e-32 6.28517e-18 3.12375e-17 
53.8496 5.50367e-33 1.46975e-32 2.74318e-32 -2.33634e-32 3.99989e-32 6.14684e-18 1.18664e-17 
54.7852 2.51232e-33 2.92975e-33 6.47864e-32 7.04759e-33 4.41617e-32 -4.15301e-18 -2.2474e-17 
55.8462 1.97958e-32 6.66295e-33 7.74954e-36 2.98338e-32 2.91471e-32 1.16577e-17 -3.95681e-18 
57.0452 2.94309e-32 4.51689e-35 1.5694e-36 2.99509e-33 3.20639e-32 -1.42144e-17 -1.88419e-18 
58.3985 1.59314e-35 4.06101e-34 6.22317e-33 -2.08945e-34 3.50902e-33 -3.30715e-19 1.03109e-17 
59.9286 7.90752e-33 2.30662e-33 4.09761e-33 1.10942e-32 1.35534e-32 -7.36794e-18 -6.73699e-18 
61.6672 2.18896e-32 2.2631e-33 3.60235e-36 1.82835e-32 2.64138e-32 1.22587e-17 2.34121e-18 
63.6624 8.67651e-34 1.33832e-33 6.62466e-34 -2.79924e-33 2.9469e-33 2.44061e-18 3.22718e-19 
65.993 8.45189e-34 2.06204e-34 2.55605e-33 1.08446e-33 2.61997e-33 2.40881e-18 -4.85881e-18 
68.81 4.99767e-33 3.40229e-35 2.89251e-34 1.07117e-33 5.58021e-33 -5.85747e-18 -2.96259e-18 
72.5 4.75911e-35 9.2588e-35 5.9518e-35 1.72436e-34 1.59498e-34 5.71596e-19 1.91426e-18 
