0 9.32189e-30 1.44091e-29 3.06908e-29 -2.3416e-29 4.46435e-29 3.32395e-16 1.91644e-16 
0.2358 2.4564e-32 7.42041e-31 5.08548e-30 -2.72777e-31 4.1108e-30 1.70629e-17 2.54068e-17 
0.73771 2.28998e-30 4.57921e-31 2.905e-31 -2.06898e-30 2.93496e-30 -1.64747e-16 6.02111e-17 
1.38889 2.74449e-30 8.84466e-31 2.56221e-30 -3.14786e-30 4.83121e-30 -1.80357e-16 2.28695e-16 
2.04007 1.2776e-31 4.61995e-31 1.2045e-30 4.90863e-31 -5.37147e-31 3.89135e-17 4.40608e-16 
2.54198 3.30501e-29 4.02394e-30 1.49344e-33 -2.33e-29 3.59354e-29 6.25876e-16 3.70509e-16 
2.77778 5.18291e-29 1.7576e-29 1.02519e-30 -6.09805e-29 7.15362e-29 7.83771e-16 1.32001e-16 
2.77778 5.18291e-29 8.82861e-30 4.33739e-28 -4.32192e-29 3.39802e-28 7.83771e-16 1.32001e-16 
3.01358 6.76643e-30 2.74604e-30 1.78375e-29 -8.70917e-30 2.10812e-29 -2.83192e-16 1.24987e-16 
3.51549 1.52552e-32 9.78565e-32 2.03742e-33 -7.80634e-32 -9.48798e-31 1.34465e-17 3.26848e-16 
4.16667 9.74484e-31 1.94818e-30 8.7936e-31 -2.78385e-30 3.7007e-30 1.07471e-16 5.1015e-18 
4.81785 4.88552e-31 1.07125e-30 1.7369e-31 -1.46166e-30 1.78854e-30 -7.60952e-17 6.84674e-18 
5.31976 2.71203e-30 1.34924e-32 9.67076e-31 3.86488e-31 3.20862e-30 -1.79287e-16 1.10269e-16 
5.55556 5.81458e-31 2.08228e-33 4.58314e-30 -7.03028e-32 3.43455e-30 -8.30159e-17 9.4579e-17 
5.55556 6.15179e-31 1.70595e-31 1.45473e-31 6.75306e-31 8.1453e-31 -8.30159e-17 9.4579e-17 
5.79136 4.48716e-31 1.37587e-32 7.47788e-32 1.63792e-31 4.63893e-31 -7.09e-17 7.16894e-17 
6.29327 1.40597e-30 1.85804e-31 1.9871e-31 1.06544e-30 1.62079e-30 1.25501e-16 1.14314e-16 
6.94444 4.31251e-30 5.60215e-31 2.24589e-30 -3.2401e-30 6.32146e-30 2.19799e-16 9.96805e-17 
7.59562 7.67072e-31 5.14347e-31 2.8697e-30 -1.30937e-30 3.09255e-30 9.26997e-17 -1.04916e-16 
8.09753 1.81786e-29 1.93501e-32 2.13037e-30 1.23634e-30 1.95332e-29 4.51274e-16 -1.30105e-16 
8.33333 2.66522e-30 1.14051e-30 4.23597e-29 -3.6344e-30 3.11093e-29 1.72793e-16 -1.52155e-16 
8.33333 2.66522e-30 9.73731e-31 3.15196e-34 3.35817e-30 3.54128e-30 1.72793e-16 -1.52155e-16 
8.56913 2.77554e-30 1.28955e-30 1.24197e-30 3.94374e-30 5.00553e-30 1.76333e-16 -5.96741e-17 
9.07104 5.22933e-30 1.35522e-30 3.9925e-33 -5.54938e-30 6.75152e-30 2.42038e-16 -5.80799e-17 
9.72222 1.81555e-34 2.36143e-30 5.72674e-30 4.31627e-32 4.69737e-30 -1.42615e-18 -4.04898e-16 
10.3734 9.58043e-30 1.18481e-29 8.11898e-29 -2.22093e-29 6.92871e-29 3.27607e-16 -7.79287e-16 
10.8753 2.39273e-28 2.52282e-28 6.36455e-28 -5.12161e-28 8.88671e-28 1.63722e-15 -2.14162e-15 
11.1111 7.51018e-28 7.61355e-28 1.85204e-27 -1.57629e-27 2.66358e-27 2.90058e-15 -3.76067e-15 
11.1111 7.93332e-28 1.10026e-26 7.6386e-27 6.34823e-27 1.80227e-26 2.90058e-15 -3.76067e-15 
11.3469 5.1381e-27 1.51403e-26 7.40819e-27 -1.89516e-26 2.65519e-26 7.38175e-15 -7.40888e-15 
11.8488 2.65583e-26 1.63643e-26 8.08476e-26 -4.47947e-26 9.22081e-26 1.67826e-14 -2.41384e-14 
12.5 9.9144e-25 1.11871e-24 2.34643e-24 -2.26292e-24 3.64446e-24 1.02539e-13 -1.22783e-13 
13.1512 2.28733e-23 2.39091e-23 5.68764e-23 -5.02486e-23 8.32708e-23 4.92518e-13 -6.26784e-13 
13.6531 2.71271e-22 2.96377e-22 6.804e-22 -6.09258e-22 1.00546e-21 1.69613e-12 -2.16671e-12 
13.8889 8.4647e-22 9.11195e-22 2.10159e-21 -1.88708e-21 3.10452e-21 2.99615e-12 -3.87362e-12 
13.8889 8.4647e-22 1.48205e-20 1.0402e-20 7.61054e-21 2.41643e-20 2.99615e-12 -3.87362e-12 
14.1247 6.60811e-21 1.94003e-20 8.98556e-21 -2.43288e-20 3.37953e-20 8.37137e-12 -7.91459e-12 
14.6266 3.27828e-20 2.00453e-20 9.85815e-20 -5.50818e-20 1.129e-19 1.86458e-11 -2.67356e-11 
15.2778 1.22707e-18 1.38487e-18 2.90148e-18 -2.80103e-18 4.51012e-18 1.14076e-10 -1.36279e-10 
15.929 2.84381e-17 2.96694e-17 7.06245e-17 -6.2414e-17 1.03428e-16 5.49171e-10 -6.97455e-10 
16.4309 3.3899e-16 3.69322e-16 8.48701e-16 -7.60281e-16 1.25463e-15 1.89606e-09 -2.41495e-09 
16.6667 1.06056e-15 1.13781e-15 2.6267e-15 -2.36038e-15 3.88248e-15 3.35371e-09 -4.32147e-09 
16.6667 1.11866e-15 2.34948e-14 1.34942e-14 1.13446e-14 3.63904e-14 3.35371e-09 -4.32147e-09 
16.9025 8.57862e-15 2.64255e-14 1.1218e-14 -3.33175e-14 4.53405e-14 9.2872e-09 -8.69768e-09 
17.4044 3.97525e-14 2.26905e-14 1.22475e-13 -6.64594e-14 1.38292e-13 1.99921e-08 -2.9008e-08 
18.0556 1.59735e-12 1.81631e-12 3.76201e-12 -3.76918e-12 5.93792e-12 1.26729e-07 -1.49669e-07 
18.7067 3.80731e-11 3.97671e-11 9.43026e-11 -8.61041e-11 1.39835e-10 6.18708e-07 -7.7914e-07 
19.2086 4.66283e-10 5.09318e-10 1.16411e-09 -1.07838e-09 1.7435e-09 2.16522e-06 -2.7321e-06 
19.4444 1.4766e-09 1.5864e-09 3.6429e-09 -3.38681e-09 5.45717e-09 3.85308e-06 -4.91883e-06 
19.4444 1.4766e-09 1.70486e-09 1.29601e-08 3.51098e-09 1.16824e-08 3.85308e-06 -4.91883e-06 
19.6802 6.96631e-09 1.38223e-08 1.09855e-08 -2.17142e-08 2.91116e-08 8.36908e-06 -9.48456e-06 
20.1822 5.42874e-08 4.81165e-08 1.55446e-07 -1.13096e-07 2.0206e-07 2.33629e-05 -3.15759e-05 
20.8333 1.491e-06 1.74659e-06 3.71065e-06 -3.57097e-06 5.68676e-06 0.000122438 -0.000159002 
21.4845 3.05364e-05 3.581e-05 8.11536e-05 -7.31752e-05 0.000119153 0.000554097 -0.000768408 
21.9864 0.000294252 0.000372955 0.000809302 -0.000733062 0.00119123 0.00172003 -0.00251441 
22.2222 0.000808093 0.0010522 0.00228038 -0.00204048 0.00332652 0.00285041 -0.00433503 
22.2222 0.000851171 0.0021732 0.0168159 -0.00778625 0.00861926 0.00285041 -0.00433503 
22.3794 0.0111353 0.013524 0.0125782 -0.0702544 0.0303885 0.0103098 -0.00825264 
22.714 0.0333645 0.0349134 0.0228709 -0.195393 0.0761454 0.017846 -0.0239667 
23.1481 0.0393902 0.0398265 0.0708952 -0.226752 0.0847916 0.0193907 -0.049422 
23.5823 0.0306258 0.0307688 0.151111 -0.17574 0.0610857 0.0170979 -0.0738299 
23.9169 0.0202589 0.0202641 0.221152 -0.115996 0.0349692 0.0139062 -0.0896727 
24.0741 0.0154878 0.0155768 0.253236 -0.0889209 0.0234364 0.0121589 -0.0958996 
24.0741 0.0154878 0.0155073 0.252721 -0.0887223 0.0231904 0.0121589 -0.0958996 
24.2313 0.0110422 0.0110526 0.28153 -0.0632458 0.012199 0.0102666 -0.101257 
24.5659 0.00365622 0.00365832 0.329015 -0.0209376 -0.00601199 0.00590765 -0.109505 
25 1.47349e-06 1.47374e-06 0.352414 -8.43634e-06 -0.0150055 -0.000118597 -0.113345 
25.4341 0.00394464 0.00394687 0.327165 -0.0225892 -0.00530326 -0.00613624 -0.109197 
25.7687 0.0114993 0.0115101 0.278585 -0.0658634 0.0133235 -0.0104769 -0.100725 
25.9259 0.0159969 0.0160172 0.249423 -0.0916393 0.0244445 -0.0123571 -0.0952694 
25.9259 0.0159969 0.0160892 0.249945 -0.0918451 0.0246956 -0.0123571 -0.0952694 
26.0831 0.0207977 0.0208031 0.217625 -0.119081 0.0362974 -0.0140899 -0.0889512 
26.4177 0.0311501 0.0312971 0.14754 -0.178753 0.0623903 -0.0172436 -0.0729397 
26.8519 0.0396849 0.0401316 0.0681039 -0.228469 0.0855639 -0.0194631 -0.0483827 
27.286 0.0331588 0.034734 0.0213627 -0.194288 0.0757406 -0.0177909 -0.0229006 
27.6206 0.0105803 0.0129604 0.0118028 -0.0670389 0.0290633 -0.0100496 -0.00731996 
27.7778 0.00061477 0.00181344 0.0163076 -0.00604475 0.00786087 -0.00242245 -0.00355122 
27.7778 0.000646683 0.000825041 0.00177984 -0.00171005 0.00267308 -0.00242245 -0.00355122 
28.0136 0.000226444 0.000283706 0.000612124 -0.00059339 0.000925703 -0.00143347 -0.00202995 
28.5155 2.18556e-05 2.54379e-05 5.74098e-05 -5.52012e-05 8.6356e-05 -0.00044534 -0.000603453 
29.1667 1.00151e-06 1.18453e-06 2.46224e-06 -2.54992e-06 3.8888e-06 -9.53316e-05 -0.000120684 
29.8178 3.22357e-08 2.63902e-08 9.46172e-08 -6.82836e-08 1.21159e-07 -1.71032e-05 -2.32744e-05 
30.3198 4.57672e-09 1.0626e-08 6.57055e-09 -1.63263e-08 2.08352e-08 -6.44446e-06 -6.88209e-06 
30.5556 8.17592e-10 3.22524e-09 8.90558e-09 3.80168e-09 1.03109e-08 -2.72382e-06 -3.45948e-06 
30.5556 8.17592e-10 8.90659e-10 2.0201e-09 -1.99779e-09 3.09318e-09 -2.72382e-06 -3.45948e-06 
30.7914 2.54925e-10 2.82362e-10 6.37473e-10 -6.28109e-10 9.75749e-10 -1.52095e-06 -1.90711e-06 
31.2933 2.01722e-11 2.12871e-11 5.00025e-11 -4.85132e-11 7.57294e-11 -4.27845e-07 -5.34834e-07 
31.9444 8.16108e-13 9.42916e-13 1.9145e-12 -2.0537e-12 3.10085e-12 -8.60564e-08 -1.00292e-07 
32.5956 1.86746e-14 9.89048e-15 5.80835e-14 -3.18171e-14 6.57511e-14 -1.30177e-08 -1.88664e-08 
33.0975 4.25515e-15 1.46076e-14 5.17546e-15 -1.84575e-14 2.43172e-14 -6.21394e-09 -5.35928e-09 
33.3333 3.82899e-16 1.49075e-14 7.29202e-15 5.59333e-15 2.22121e-14 -1.86402e-09 -2.4159e-09 
33.3333 4.02269e-16 4.51633e-16 1.01088e-15 -1.02522e-15 1.55849e-15 -1.86402e-09 -2.4159e-09 
33.5691 1.26935e-16 1.44257e-16 3.21565e-16 -3.2548e-16 4.9608e-16 -1.04709e-09 -1.33561e-09 
34.071 1.02302e-17 1.10287e-17 2.56223e-17 -2.55487e-17 3.91257e-17 -2.97259e-10 -3.75681e-10 
34.7222 4.16127e-19 4.86195e-19 9.83524e-19 -1.08189e-18 1.60339e-18 -5.99524e-11 -7.05726e-11 
35.3734 9.74906e-21 5.47614e-21 3.04828e-20 -1.75745e-20 3.51175e-20 -9.17646e-12 -1.32302e-11 
35.8753 2.11313e-21 7.00669e-21 2.57767e-21 -9.25516e-21 1.18607e-20 -4.27225e-12 -3.82579e-12 
36.1111 2.2301e-22 6.75198e-21 3.73065e-21 2.9515e-21 1.04399e-20 -1.38789e-12 -1.78807e-12 
36.1111 2.2301e-22 2.48891e-22 5.57896e-22 -5.66672e-22 8.61005e-22 -1.38789e-12 -1.78807e-12 
36.3469 7.00516e-23 7.91922e-23 1.7684e-22 -1.79149e-22 2.72984e-22 -7.77862e-13 -9.86799e-13 
36.8488 5.59337e-24 6.00376e-24 1.39828e-23 -1.39384e-23 2.135e-23 -2.19801e-13 -2.76806e-13 
37.5 2.25715e-25 2.64329e-25 5.33154e-25 -5.87514e-25 8.70336e-25 -4.41544e-14 -5.18348e-14 
38.1512 5.24122e-27 2.86121e-27 1.62534e-26 -9.31441e-27 1.86994e-26 -6.72837e-15 -9.67854e-15 
38.6531 1.16829e-27 3.8775e-27 1.39023e-27 -5.11936e-27 6.54296e-27 -3.17664e-15 -2.76608e-15 
38.8889 1.16799e-28 4.05141e-27 2.06548e-27 1.65458e-27 6.13353e-27 -1.00442e-15 -1.30742e-15 
38.8889 1.22561e-28 6.02397e-29 1.15898e-28 -2.12183e-28 2.60946e-28 -1.00442e-15 -1.30742e-15 
39.1247 7.60116e-29 5.52741e-29 1.13203e-28 -1.60064e-28 2.14367e-28 -7.91003e-16 -7.9486e-16 
39.6266 5.39397e-30 4.46779e-30 7.50184e-30 -1.21226e-29 1.57621e-29 -2.10713e-16 -1.3237e-16 
40.2778 1.89177e-32 9.24024e-33 1.61605e-30 -3.2649e-32 1.09366e-30 -1.24788e-17 -3.78585e-17 
40.929 1.89023e-30 3.65164e-32 1.28737e-30 6.48777e-31 2.9185e-30 1.24737e-16 2.71185e-17 
41.4309 7.38292e-30 7.07293e-32 1.08202e-30 1.78446e-30 8.71176e-30 -2.4652e-16 -1.73015e-17 
41.6667 2.00698e-31 8.35545e-30 5.53077e-29 -3.19779e-30 4.67051e-29 -4.06452e-17 4.40843e-17 
41.6667 2.00698e-31 2.72029e-30 2.28698e-29 1.82462e-30 1.85792e-29 -4.06452e-17 4.40843e-17 
41.9025 6.64462e-31 9.82871e-32 8.35451e-31 -6.31069e-31 1.38161e-30 7.3956e-17 -8.79337e-18 
42.4044 1.04625e-30 1.59555e-31 4.0771e-31 1.00894e-30 1.55416e-30 -9.28015e-17 -4.78265e-17 
43.0556 1.6022e-31 1.8328e-31 1.35936e-31 4.23164e-31 4.31446e-31 3.63159e-17 -6.49685e-17 
43.7067 2.43509e-31 1.56289e-32 3.30008e-31 -1.52341e-31 4.89824e-31 -4.47709e-17 3.01391e-17 
44.2087 1.14929e-29 1.91028e-32 1.11261e-30 -1.15706e-30 1.3078e-29 3.07577e-16 -1.44319e-17 
44.4445 2.66176e-31 7.59816e-30 8.97835e-29 3.51182e-30 6.88734e-29 4.68082e-17 5.09478e-17 
44.4445 2.78987e-31 1.20825e-31 7.01995e-30 -4.65158e-31 5.11442e-30 4.68082e-17 5.09478e-17 
44.6803 1.05606e-30 1.42225e-33 1.70336e-30 -9.81889e-32 2.26576e-30 9.10698e-17 4.11811e-17 
45.1822 8.39099e-32 2.19652e-32 2.31599e-33 1.08769e-31 1.06839e-31 -2.56707e-17 3.28241e-17 
45.8333 2.57995e-33 1.10702e-32 5.66899e-31 -1.35399e-32 3.95041e-31 4.50128e-18 2.28225e-18 
46.4845 3.96377e-30 2.67051e-32 9.10341e-32 -8.24293e-31 4.3733e-30 -1.76435e-16 1.02869e-17 
46.9864 4.11416e-31 4.24921e-32 7.85196e-33 3.34984e-31 4.86669e-31 5.68422e-17 3.50392e-17 
47.2222 7.21964e-30 1.37785e-31 9.10291e-29 -2.52691e-30 6.88657e-29 -2.38116e-16 5.20722e-17 
47.2222 7.21964e-30 1.67143e-29 1.82625e-28 2.78312e-29 1.49396e-28 -2.38116e-16 5.20722e-17 
47.458 4.55164e-30 2.18596e-33 4.00807e-32 2.52718e-31 4.92327e-30 1.89067e-16 -4.85481e-17 
47.9599 1.9051e-30 1.24253e-32 1.16863e-32 3.89801e-31 2.08044e-30 -1.22318e-16 2.55075e-18 
48.6111 6.32967e-31 3.98518e-35 1.26714e-31 1.27246e-32 7.27838e-31 7.05052e-17 -6.37687e-17 
49.2623 2.06541e-30 1.79489e-31 1.14546e-31 -1.5426e-30 2.50815e-30 -1.2736e-16 2.83603e-17 
49.7642 6.01729e-30 7.16252e-31 4.38284e-32 -5.25974e-30 7.35586e-30 2.17386e-16 -2.22519e-17 
50 2.28555e-29 1.53924e-30 3.3337e-28 -1.50272e-29 2.4962e-28 -4.23668e-16 -2.97699e-17 
50 2.39295e-29 6.227e-30 2.11277e-27 -3.17098e-29 1.45332e-27 -4.23668e-16 -2.97699e-17 
50.0667 5.62849e-29 2.33658e-29 1.4298e-28 -9.42051e-29 1.84551e-28 -6.49764e-16 5.10317e-17 
50.224 5.98972e-31 5.38339e-30 4.8734e-30 -4.66465e-30 1.01131e-29 6.7029e-17 8.9981e-17 
50.4724 1.65809e-29 3.33691e-33 1.3551e-29 -6.11034e-31 2.71535e-29 -3.52666e-16 -3.11628e-17 
50.8135 2.58897e-30 1.61526e-32 1.02484e-29 5.31218e-31 9.71497e-30 -1.39355e-16 3.23878e-17 
51.2495 2.32553e-31 1.10958e-31 4.51689e-32 4.17281e-31 3.71968e-31 -4.17658e-17 -6.36512e-17 
51.7834 1.04526e-31 5.87104e-31 4.20509e-31 6.43514e-31 1.06796e-30 2.80009e-17 3.44351e-17 
52.4191 1.35478e-31 6.65044e-31 2.03185e-31 -7.79738e-31 1.05678e-30 3.18782e-17 -1.20825e-17 
53.1616 4.55731e-32 2.43696e-31 4.09903e-31 2.73758e-31 5.92742e-31 1.8489e-17 -3.99729e-17 
54.017 5.29646e-33 7.32725e-33 2.70477e-31 -1.61827e-32 1.86515e-31 6.30307e-18 3.08565e-17 
54.9933 2.93881e-32 1.04579e-32 1.5414e-31 -4.55403e-32 1.42914e-31 1.48472e-17 -2.1975e-17 
56.1005 2.60366e-32 9.59253e-33 5.42639e-33 4.10532e-32 4.26767e-32 1.3975e-17 -6.93065e-18 
57.3516 3.05847e-32 1.28148e-33 4.5418e-33 -1.62628e-32 3.7835e-32 1.51465e-17 8.1389e-19 
58.7637 3.25833e-32 1.05956e-33 8.35333e-33 -1.52633e-32 4.21503e-32 -1.56335e-17 -4.11979e-18 
60.3603 2.74722e-33 2.11691e-36 5.89792e-34 1.98101e-34 2.33441e-33 -4.53948e-18 1.02449e-17 
62.1746 1.38635e-33 6.08124e-36 4.03062e-33 -2.38518e-34 4.22487e-33 3.22475e-18 -2.39133e-19 
64.2565 1.23602e-33 8.4585e-35 2.70975e-33 8.39938e-34 1.90161e-33 3.04489e-18 1.16462e-17 
66.6885 9.17296e-34 3.4514e-34 1.37547e-33 1.46164e-33 2.30529e-33 -2.6231e-18 -1.39704e-18 
69.628 3.74865e-33 1.17049e-34 4.98326e-35 -1.72071e-33 4.02188e-33 -5.3027e-18 4.77216e-18 
73.4785 1.90238e-34 2.00482e-34 1.04825e-33 -5.0731e-34 7.97683e-34 1.19456e-18 -5.87763e-18 
