0 7.23694e-31 2.57141e-32 4.3604e-29 2.75617e-31 2.82723e-29 1.6865e-16 3.88466e-16 
0.2358 1.69414e-30 9.46509e-31 1.14165e-29 -2.55847e-30 9.36689e-30 -2.58038e-16 4.64676e-16 
0.73771 5.5379e-31 2.05085e-30 2.91671e-30 -2.15319e-30 4.09874e-30 1.47531e-16 4.33814e-16 
1.38889 1.98628e-29 4.25038e-30 3.10579e-31 -1.85643e-29 2.44979e-29 8.83547e-16 -9.58912e-17 
2.04007 2.63938e-29 1.81095e-29 3.10678e-29 -4.41721e-29 6.42788e-29 1.0185e-15 -7.64436e-16 
2.54198 1.37316e-28 1.33961e-28 1.91096e-28 -2.74027e-28 3.90601e-28 2.32311e-15 -2.28324e-15 
2.77778 1.6078e-28 2.30807e-28 9.216e-29 -3.8921e-28 4.3423e-28 2.51377e-15 -3.5511e-15 
2.77778 1.6078e-28 1.4596e-28 3.53961e-28 -3.09511e-28 5.08014e-28 2.51377e-15 -3.5511e-15 
3.01358 3.63072e-28 4.83945e-28 1.16879e-27 -8.46911e-28 1.5621e-27 3.77751e-15 -5.16429e-15 
3.51549 2.22564e-27 2.3981e-27 5.5104e-27 -4.66771e-27 7.94462e-27 9.3527e-15 -1.19762e-14 
4.16667 1.56423e-26 1.74186e-26 3.95329e-26 -3.33503e-26 5.65577e-26 2.47948e-14 -3.37659e-14 
4.81785 1.06496e-25 1.22168e-25 2.84157e-25 -2.30456e-25 3.9655e-25 6.46958e-14 -9.17961e-14 
5.31976 4.61095e-25 5.4541e-25 1.25912e-24 -1.01321e-24 1.74761e-24 1.34618e-13 -1.95966e-13 
5.55556 9.08879e-25 1.08998e-24 2.51069e-24 -2.01098e-24 3.47299e-24 1.89e-13 -2.79003e-13 
5.55556 9.61589e-25 1.3136e-24 2.35604e-24 -2.34285e-24 3.70599e-24 1.89e-13 -2.79003e-13 
5.79136 1.65442e-24 1.81365e-24 4.49694e-24 -3.6109e-24 6.10848e-24 2.47908e-13 -3.88478e-13 
6.29327 6.24136e-24 8.555e-24 1.89234e-23 -1.52323e-23 2.60628e-23 4.81512e-13 -7.87985e-13 
6.94444 2.92641e-23 4.57627e-23 9.71823e-23 -7.62851e-23 1.31117e-22 1.04264e-12 -1.95144e-12 
7.59562 8.93348e-23 2.04757e-22 3.89185e-22 -2.81934e-22 5.04321e-22 1.82171e-12 -4.53177e-12 
8.09753 6.80676e-23 4.28702e-22 6.63992e-22 -3.56094e-22 7.73076e-22 1.59015e-12 -7.9792e-12 
8.33333 4.09477e-24 4.74209e-22 5.77319e-22 -9.18579e-23 5.91393e-22 3.90016e-13 -9.93872e-12 
8.33333 4.09477e-24 5.10358e-21 7.69964e-22 -3.01348e-22 5.89884e-21 3.90016e-13 -9.93872e-12 
8.56913 2.89118e-22 3.43527e-23 2.52612e-23 -2.07747e-22 -9.38118e-23 -3.27722e-12 -1.16842e-11 
9.07104 1.2292e-20 2.53533e-22 7.6205e-21 -3.67997e-21 1.71048e-20 -2.13687e-11 -1.11994e-11 
9.72222 5.30446e-19 2.18079e-19 7.09166e-19 -7.08997e-19 1.22933e-18 -1.40374e-10 3.49293e-11 
10.3734 1.17078e-17 6.02059e-18 1.84078e-17 -1.75014e-17 2.99771e-17 -6.59485e-10 3.42044e-10 
10.8753 1.11266e-16 6.56267e-17 1.89724e-16 -1.7813e-16 3.02265e-16 -2.03305e-09 1.26866e-09 
11.1111 3.10076e-16 1.87034e-16 5.33031e-16 -5.02008e-16 8.48005e-16 -3.39392e-09 2.24455e-09 
11.1111 3.27546e-16 5.29003e-14 9.50831e-16 -8.94424e-15 6.05042e-14 -3.39392e-09 2.24455e-09 
11.5827 1.80467e-15 1.31753e-14 4.75504e-16 -1.04775e-14 1.69711e-14 7.96644e-09 1.00241e-09 
12.5865 4.92183e-15 1.49602e-14 3.90323e-15 -1.84378e-14 2.43701e-14 -1.31561e-08 6.53235e-10 
13.8889 2.91744e-16 1.34646e-16 9.08026e-15 4.25869e-16 2.51799e-15 -3.20307e-09 3.45704e-08 
15.1912 5.03819e-14 2.73247e-13 3.13047e-13 -2.52111e-13 5.07333e-13 -4.20923e-08 1.30894e-07 
16.1951 6.79149e-12 1.2174e-12 6.11114e-12 -6.1784e-12 1.21044e-11 4.88706e-07 1.94701e-07 
16.6667 8.97177e-11 2.6486e-11 9.1291e-11 -1.04743e-10 1.79781e-10 1.77625e-06 -3.10589e-07 
16.6667 9.46326e-11 8.36842e-08 4.15538e-08 -6.22722e-09 1.22017e-07 1.77625e-06 -3.10589e-07 
17.1383 5.75361e-09 3.22766e-08 2.06074e-11 -3.01555e-08 4.22914e-08 -1.38501e-05 7.23606e-06 
18.1421 1.15557e-10 4.51425e-09 1.69063e-08 1.59825e-09 1.52813e-08 -1.96283e-06 1.76667e-05 
19.4444 6.42504e-07 8.54792e-07 1.3229e-06 -1.63991e-06 2.39815e-06 -0.00014636 0.000170611 
20.7468 2.79836e-05 3.1467e-05 7.61264e-05 -6.56647e-05 0.000108163 -0.000965908 0.00135941 
21.7506 0.000570606 0.000734451 0.00157731 -0.00143252 0.00231407 -0.00436166 0.00645852 
22.2222 0.00207917 0.00273893 0.00598432 -0.00528065 0.00859187 -0.00832585 0.0131371 
22.2222 0.00219 0.00569185 0.0445402 -0.0202125 0.0226243 -0.00832585 0.0131371 
22.458 0.0284468 0.0347653 0.0322759 -0.180036 0.077582 -0.030007 0.024558 
22.9599 0.0784859 0.0824349 0.0527069 -0.460491 0.176861 -0.0498427 0.0693087 
23.6111 0.0693298 0.0703052 0.143606 -0.399691 0.139161 -0.0468453 0.135926 
24.2623 0.0255911 0.0257982 0.256985 -0.147099 0.0274021 -0.028461 0.186659 
24.7642 0.00260328 0.00259968 0.30995 -0.0148933 -0.0298868 -0.00907751 0.20589 
25 9.30752e-06 6.91914e-06 0.316958 -4.59424e-05 -0.0359505 0.000542779 0.20792 
25 9.30752e-06 1.21371e-05 0.316974 -6.08478e-05 -0.0359394 0.000542779 0.20792 
25.2358 0.00325415 0.00325041 0.308424 -0.0186191 -0.028289 0.010149 0.205377 
25.7377 0.0273376 0.0275559 0.252832 -0.157129 0.0317138 0.0294162 0.185111 
26.3889 0.0711735 0.0721799 0.138496 -0.410334 0.143802 0.0474641 0.133319 
27.0401 0.0786175 0.0826422 0.0492961 -0.461457 0.177471 0.0498845 0.0662202 
27.542 0.0271189 0.0334133 0.0303105 -0.172332 0.0744491 0.0292983 0.0217352 
27.7778 0.00158493 0.00475779 0.0431613 -0.0157209 0.020671 0.0070829 0.0107363 
27.7778 0.0016672 0.00214228 0.00464874 -0.00442444 0.00689704 0.0070829 0.0107363 
28.2494 0.000433598 0.000552738 0.00117687 -0.00114612 0.00177787 0.0036121 0.00517043 
29.2532 1.91285e-05 2.12648e-05 5.16782e-05 -4.72169e-05 7.49554e-05 0.000758679 0.00104944 
30.5556 4.29522e-07 5.96291e-07 8.44373e-07 -1.18481e-06 1.63953e-06 0.000113687 0.000124909 
31.8579 1.44865e-10 8.49044e-09 8.17341e-09 -2.59641e-09 1.47406e-08 -2.08785e-06 1.27437e-05 
32.8617 5.37995e-09 3.22752e-08 2.50687e-11 -3.08496e-08 4.24696e-08 1.27235e-05 5.57575e-06 
33.3333 1.47376e-10 9.16774e-08 3.42173e-08 -8.60539e-09 1.27616e-07 -2.10586e-06 -7.52538e-07 
33.3333 1.54831e-10 5.98368e-11 1.90076e-10 -2.31514e-10 3.56792e-10 -2.10586e-06 -7.52538e-07 
33.8049 1.41317e-11 4.80882e-12 1.8098e-11 -1.98281e-11 3.24773e-11 -6.36206e-07 -1.51006e-08 
34.8088 5.25821e-15 1.57368e-13 9.65954e-14 -6.91898e-14 2.29533e-13 1.22721e-08 8.08754e-08 
36.1111 3.71726e-16 3.69247e-15 2.20803e-15 -2.81796e-15 3.77727e-15 -3.26297e-09 2.69218e-08 
37.4135 6.16377e-15 2.06021e-14 4.17673e-15 -2.71046e-14 3.29632e-14 1.32869e-08 -9.19596e-10 
38.4173 2.8472e-15 2.02912e-14 8.59424e-16 -1.82821e-14 2.68998e-14 -9.03046e-09 4.92264e-10 
38.8889 3.85103e-16 8.04072e-14 1.49896e-15 -1.33844e-14 9.37975e-14 3.32116e-09 1.9749e-09 
38.8889 4.04099e-16 2.14626e-16 6.06676e-16 -7.27242e-16 1.07075e-15 3.32116e-09 1.9749e-09 
39.3605 4.76318e-17 2.69363e-17 7.94773e-17 -8.84528e-17 1.34045e-16 1.14024e-09 5.12345e-10 
40.3643 1.13619e-19 2.7317e-21 9.90392e-20 4.35046e-20 1.90378e-19 5.56892e-11 -1.19288e-12 
41.6667 8.26962e-21 2.48527e-20 1.10002e-21 -3.54016e-20 3.67353e-20 1.50241e-11 -2.17055e-11 
42.969 1.04857e-20 3.80117e-20 5.53729e-21 -4.93005e-20 5.87397e-20 -1.69178e-11 2.45746e-12 
43.9728 5.83961e-21 4.11414e-20 1.50834e-21 -3.82759e-20 5.47299e-20 1.26252e-11 -1.0419e-13 
44.4445 7.17653e-22 1.5886e-19 4.64376e-21 -2.63668e-20 1.8723e-19 -4.42591e-12 -2.56281e-12 
44.4445 7.52194e-22 3.92918e-22 1.11842e-21 -1.37736e-21 1.99236e-21 -4.42591e-12 -2.56281e-12 
44.9161 8.67242e-23 4.80054e-23 1.43469e-22 -1.63473e-22 2.43685e-22 -1.50282e-12 -6.38695e-13 
45.9199 1.69817e-25 1.64384e-26 1.24516e-25 1.3386e-25 2.84695e-25 -6.65011e-14 1.12925e-14 
47.2222 1.46135e-26 4.56089e-26 1.57934e-27 -6.54083e-26 6.67211e-26 -1.95081e-14 3.02537e-14 
48.5246 2.01221e-26 7.32639e-26 1.0908e-26 -9.72773e-26 1.13852e-25 2.28915e-14 -3.44e-15 
49.5284 1.12946e-26 7.93888e-26 3.15319e-27 -7.58656e-26 1.06303e-25 -1.71503e-14 1.73216e-16 
50 1.66576e-27 3.0566e-25 9.50506e-27 -5.71683e-26 3.62487e-25 6.58633e-15 3.52435e-15 
50 1.74403e-27 1.2111e-27 2.42203e-27 -3.77534e-27 4.88904e-27 6.58633e-15 3.52435e-15 
50.0978 1.07432e-27 5.61131e-28 2.19982e-27 -2.01691e-27 3.27447e-27 5.16932e-15 2.63208e-15 
50.3286 3.08048e-28 1.35606e-28 5.00223e-28 -5.3093e-28 8.21692e-28 2.76806e-15 1.41334e-15 
50.693 7.98874e-29 2.72699e-29 7.35082e-29 -1.21246e-28 1.66946e-28 1.40963e-15 5.08911e-16 
51.1932 4.67199e-30 2.78618e-30 1.20654e-29 -9.37224e-30 1.6418e-29 3.40893e-16 -1.58029e-17 
51.8328 2.54235e-31 3.77534e-31 1.20568e-32 -8.04792e-31 7.10686e-31 -7.95214e-17 -6.26429e-17 
52.616 5.07659e-31 8.00863e-32 4.88719e-32 5.23785e-31 6.76526e-31 -1.12371e-16 2.78314e-18 
53.5485 1.36563e-31 1.12118e-32 4.30607e-31 1.01647e-31 4.3348e-31 5.82819e-17 -7.29589e-17 
54.6376 3.45031e-32 1.47784e-32 9.483e-32 5.86586e-32 1.16518e-31 2.92952e-17 2.39236e-17 
55.8924 4.55155e-33 2.3443e-32 2.69855e-32 -2.68333e-32 4.75319e-32 1.06401e-17 -2.97122e-17 
57.3244 1.5679e-32 1.56355e-32 4.44915e-35 -4.06728e-32 3.49845e-32 -1.97481e-17 -8.79739e-18 
58.9485 1.22575e-32 3.80159e-33 4.3097e-33 -1.77326e-32 2.05736e-32 1.74609e-17 -3.51943e-18 
60.7837 1.44968e-32 4.90668e-34 5.42163e-36 -6.92817e-33 1.5851e-32 -1.8989e-17 -1.17561e-17 
62.8551 9.81721e-34 1.53488e-34 5.44925e-33 1.00837e-33 4.81661e-33 4.94152e-18 -5.2716e-18 
65.1971 1.20158e-32 7.75462e-34 2.0723e-32 -7.92948e-33 2.64721e-32 -1.72879e-17 2.08044e-17 
67.8583 3.60657e-34 1.64217e-33 4.91641e-34 -1.99914e-33 2.5759e-33 2.99512e-18 4.22614e-18 
70.9122 1.46058e-33 3.10461e-34 3.81917e-34 -1.74926e-33 2.18466e-33 -6.02739e-18 -2.31591e-18 
74.4795 1.75686e-34 6.43051e-35 1.72158e-34 -2.76109e-34 3.66385e-34 2.09043e-18 2.13998e-18 
78.7914 1.27966e-33 3.2606e-35 8.53297e-34 -5.30622e-34 1.98097e-33 -5.64176e-18 2.37538e-18 
84.4395 8.53741e-34 3.65683e-35 4.60482e-34 -4.58991e-34 1.27178e-33 4.60818e-18 -1.37142e-18 
