0 0.00529825 0.000588556 -1.7849e-19 -0.00356783 -0.000242101 0.231331 -0.298483 
0.4716 0.00515584 0.000552511 6.30515e-07 -0.00341007 -0.000394515 0.228201 -0.299282 
1.47542 0.00486305 0.000480353 6.05082e-06 -0.00308801 -0.000702513 0.221627 -0.3009 
2.77778 0.00450346 0.000395679 2.09082e-05 -0.00269704 -0.00106987 0.213276 -0.302832 
4.08014 0.00416581 0.000320651 4.39817e-05 -0.00233512 -0.00140233 0.205125 -0.304578 
5.08396 0.00391989 0.000269101 6.69717e-05 -0.0020751 -0.00163579 0.198978 -0.3058 
5.55556 0.00380852 0.000246701 7.9249e-05 -0.00195842 -0.00173884 0.196131 -0.306337 
5.55556 0.0040294 0.000274741 7.03663e-05 -0.0021933 -0.00143784 0.196131 -0.306337 
6.02716 0.00391301 0.000252289 8.3849e-05 -0.0020712 -0.00154706 0.193278 -0.306866 
7.03098 0.00367453 0.000208239 0.000115937 -0.00182347 -0.00176493 0.187295 -0.307915 
8.33333 0.00338318 0.000158355 0.000164016 -0.00152579 -0.00201907 0.179717 -0.309129 
9.63569 0.00311126 0.000116226 0.000218786 -0.00125353 -0.00224258 0.172343 -0.310178 
10.6395 0.0029143 8.87461e-05 0.000265188 -0.00106013 -0.00239499 0.166799 -0.310877 
11.1111 0.00282541 7.72689e-05 0.000288163 -0.000974002 -0.00246086 0.164236 -0.311174 
11.1111 0.0029846 9.57083e-05 0.00025675 -0.00114841 -0.00226128 0.164236 -0.311174 
11.5827 0.002891 8.37972e-05 0.000280608 -0.00105759 -0.00233318 0.16164 -0.311474 
12.5865 0.00269985 6.13886e-05 0.000333983 -0.000874766 -0.00247367 0.156205 -0.312046 
13.8889 0.00246758 3.7992e-05 0.000408095 -0.000657899 -0.0026316 0.149334 -0.312657 
15.1912 0.00225215 2.05856e-05 0.000487164 -0.000462656 -0.00276359 0.142667 -0.313125 
16.1951 0.00209699 1.098e-05 0.000551146 -0.000326046 -0.00284863 0.137665 -0.313389 
16.6667 0.00202723 7.55057e-06 0.000582044 -0.00026584 -0.00288379 0.135355 -0.313485 
16.6667 0.00213829 1.46073e-05 0.000520289 -0.000391085 -0.00277572 0.135355 -0.313485 
17.1383 0.00206429 1.05838e-05 0.000551558 -0.000327082 -0.00281668 0.132993 -0.313594 
18.1421 0.00191371 4.25429e-06 0.000619865 -0.000199666 -0.00289344 0.12805 -0.313768 
19.4444 0.00173181 3.10884e-07 0.000711692 -5.13454e-05 -0.00297293 0.121813 -0.31388 
20.7468 0.00156425 8.15543e-07 0.000806665 7.90367e-05 -0.00303116 0.11577 -0.313865 
21.7506 0.00144433 3.99584e-06 0.000881715 0.000168109 -0.00306249 0.111244 -0.313769 
22.2222 0.00139064 6.27449e-06 0.000917466 0.000206704 -0.00307334 0.109157 -0.3137 
22.2222 0.00146477 0.000321503 0.00686732 -0.00392869 -0.000997007 0.109157 -0.3137 
22.6938 0.00150202 0.000326676 0.00698644 -0.00401021 -0.00094074 0.110536 -0.314241 
23.6976 0.00158614 0.00033915 0.00725117 -0.00419891 -0.000812607 0.113589 -0.315407 
25 0.00170584 0.00035856 0.00761797 -0.00447734 -0.000628463 0.117797 -0.316955 
26.3024 0.0018387 0.000382029 0.00801212 -0.00479815 -0.000422612 0.122298 -0.318551 
27.3062 0.00195097 0.00040321 0.00833525 -0.00507763 -0.000248042 0.125977 -0.319817 
27.7778 0.0020069 0.000414171 0.00849304 -0.00521943 -0.000160976 0.12777 -0.320424 
27.7778 0.00211108 9.73988e-07 0.000914922 0.000106159 -0.00264788 0.12777 -0.320424 
28.2494 0.0020392 2.24733e-06 0.000960936 0.000158486 -0.00267066 0.125576 -0.320388 
29.2532 0.00189339 6.5847e-06 0.00106076 0.000261405 -0.00270898 0.121003 -0.320261 
30.5556 0.00171808 1.52387e-05 0.0011937 0.00037881 -0.00273926 0.115265 -0.319999 
31.8579 0.00155742 2.69297e-05 0.00132995 0.000479452 -0.00274928 0.109744 -0.319631 
32.8617 0.00144295 3.77669e-05 0.0014369 0.000546522 -0.00274427 0.105634 -0.319277 
33.3333 0.00139184 4.33529e-05 0.00148765 0.000575083 -0.00273833 0.103746 -0.319091 
33.3333 0.00146225 2.82528e-05 0.00134151 0.000488885 -0.00275935 0.103746 -0.319091 
33.8049 0.00140726 3.3227e-05 0.00139149 0.000520112 -0.00275958 0.101776 -0.318933 
34.8088 0.00129609 4.4862e-05 0.00149877 0.000579991 -0.0027523 0.0976735 -0.318554 
36.1111 0.00116318 6.18622e-05 0.0016394 0.000645209 -0.00272817 0.0925301 -0.317979 
37.4135 0.00104219 8.0709e-05 0.00178123 0.000697589 -0.0026889 0.0875859 -0.317314 
38.4173 0.000956522 9.63003e-05 0.0018911 0.000730005 -0.00264923 0.0839087 -0.316742 
38.8889 0.000918427 0.000103902 0.00194283 0.000743018 -0.00262797 0.0822209 -0.316456 
38.8889 0.00096373 8.00994e-05 0.00175657 0.000686098 -0.00271622 0.0822209 -0.316456 
39.3605 0.000922411 8.72932e-05 0.00180696 0.000700723 -0.00270053 0.080439 -0.316201 
40.3643 0.000839255 0.000103222 0.00191421 0.00072682 -0.00266145 0.0767275 -0.315622 
41.6667 0.000740557 0.000124968 0.00205304 0.000751228 -0.00260009 0.0720748 -0.3148 
42.969 0.000651497 0.000147697 0.00219119 0.000766013 -0.00252791 0.0676021 -0.313901 
43.9728 0.000588951 0.000165737 0.002297 0.000771513 -0.00246567 0.0642753 -0.313158 
44.4445 0.000561294 0.000174337 0.00234647 0.000772473 -0.00243461 0.062748 -0.312794 
44.4445 0.000588309 0.000144095 0.0021268 0.000737662 -0.00257505 0.062748 -0.312794 
44.9161 0.000558149 0.000152512 0.00217448 0.000739192 -0.00254885 0.0611184 -0.312462 
45.9199 0.000497842 0.000170742 0.00227516 0.000738663 -0.0024891 0.0577222 -0.311725 
47.2222 0.000427041 0.000194903 0.00240393 0.000730927 -0.00240426 0.0534603 -0.310708 
48.5246 0.000364015 0.000219464 0.00253036 0.000716096 -0.00231214 0.0493579 -0.309626 
49.5284 0.00032034 0.000238556 0.00262607 0.000700376 -0.0022368 0.0463022 -0.308748 
50 0.000301206 0.000247551 0.00267048 0.000691822 -0.00220025 0.0448981 -0.308323 
50 0.000315359 0.000212919 0.00242623 0.000673128 -0.00237834 0.0448981 -0.308323 
54.5121 0.00015225 0.000300257 0.00281156 0.000555409 -0.002039 0.0311963 -0.304249 
65.1535 3.78119e-06 0.000494742 0.00352584 0.000112355 -0.00111957 0.00491632 -0.292262 
81.957 8.23562e-05 0.000707326 0.00407976 -0.000626969 0.000194355 -0.0229442 -0.268815 
105.029 0.00028431 0.00079042 0.00396616 -0.00123144 0.00124987 -0.0426306 -0.232754 
134.523 0.000387456 0.000679824 0.00312215 -0.00133321 0.00155314 -0.0497665 -0.187233 
170.641 0.000328464 0.00045448 0.00197294 -0.00100367 0.00122072 -0.0458215 -0.138733 
213.646 0.000198143 0.00023951 0.001003 -0.000565901 0.000700545 -0.035589 -0.0942083 
263.872 9.0303e-05 0.000100736 0.000412306 -0.00024776 0.000309274 -0.0240257 -0.0584521 
321.74 3.2089e-05 3.41126e-05 0.000137636 -8.59456e-05 0.000107742 -0.014322 -0.0330609 
387.784 9.04096e-06 9.34122e-06 3.73641e-05 -2.38725e-05 2.99941e-05 -0.00760209 -0.0169998 
462.683 2.03249e-06 2.06618e-06 8.22316e-06 -5.32336e-06 6.69648e-06 -0.00360446 -0.00791361 
547.316 3.63458e-07 3.6626e-07 1.4537e-06 -9.47785e-07 1.193e-06 -0.00152424 -0.00331322 
642.845 5.10197e-08 5.11873e-08 2.02885e-07 -1.32751e-07 1.67148e-07 -0.000571076 -0.0012351 
750.851 5.48013e-09 5.48705e-09 2.17346e-08 -1.42447e-08 1.79381e-08 -0.000187163 -0.000403854 
873.581 4.3187e-10 4.32052e-10 1.71094e-09 -1.1221e-09 1.41312e-09 -5.25414e-05 -0.000113263 
1014.42 2.3336e-11 2.33392e-11 9.24153e-11 -6.06239e-11 7.63493e-11 -1.22135e-05 -2.63194e-05 
1178.93 7.71269e-13 7.71254e-13 3.05386e-12 -2.0035e-12 2.52313e-12 -2.22038e-06 -4.78431e-06 
1377.79 1.25038e-14 1.25075e-14 4.95072e-14 -3.24858e-14 4.0915e-14 -2.82713e-07 -6.09052e-07 
1638.26 5.65127e-17 5.63218e-17 2.25335e-16 -1.46555e-16 1.84901e-16 -1.90063e-08 -4.11606e-08 
