0 0.00509237 0.000565685 3.30886e-19 -0.00342918 -0.000180672 -0.226416 0.289574 
0.4716 0.00496247 0.000532739 5.52032e-07 -0.00328511 -0.00031966 -0.22351 0.290323 
1.47542 0.00469499 0.000466584 5.30331e-06 -0.00299038 -0.000601215 -0.217402 0.291844 
2.77778 0.00436562 0.000388549 1.83505e-05 -0.00263142 -0.000938412 -0.209638 0.293667 
4.08014 0.00405541 0.000318937 3.86544e-05 -0.00229781 -0.00124514 -0.202053 0.295326 
5.08396 0.00382885 0.000270776 5.89217e-05 -0.00205723 -0.00146161 -0.196328 0.296493 
5.55556 0.00372606 0.000249743 6.97576e-05 -0.00194902 -0.0015575 -0.193674 0.297009 
5.55556 0.00394216 0.000277122 6.19388e-05 -0.00217881 -0.00126249 -0.193674 0.297009 
6.02716 0.00383466 0.000256015 7.38564e-05 -0.00206544 -0.0013642 -0.191016 0.297516 
7.03098 0.00361397 0.000214375 0.000102259 -0.00183483 -0.00156784 -0.185438 0.29853 
8.33333 0.00334354 0.000166751 0.000144908 -0.00155652 -0.00180693 -0.178365 0.299712 
9.63569 0.00309025 0.000125975 0.000193606 -0.00130064 -0.00201897 -0.171476 0.300748 
10.6395 0.00290618 9.89677e-05 0.00023495 -0.00111796 -0.00216482 -0.16629 0.301448 
11.1111 0.00282294 8.75513e-05 0.000255448 -0.00103633 -0.00222826 -0.163891 0.301749 
11.1111 0.00298199 0.000106446 0.000227601 -0.00121058 -0.00202607 -0.163891 0.301749 
11.5827 0.00289429 9.46179e-05 0.000248926 -0.00112444 -0.00209519 -0.161463 0.302052 
12.5865 0.00271478 7.20636e-05 0.000296708 -0.000950394 -0.00223115 -0.156376 0.302638 
13.8889 0.00249589 4.78675e-05 0.000363214 -0.000742696 -0.00238582 -0.149939 0.303281 
15.1912 0.00229202 2.90363e-05 0.000434355 -0.000554316 -0.00251727 -0.143685 0.303795 
16.1951 0.00214462 1.79476e-05 0.000492059 -0.000421556 -0.00260361 -0.138988 0.304104 
16.6667 0.00207818 1.37148e-05 0.000519966 -0.000362756 -0.00263987 -0.136818 0.304224 
16.6667 0.00219202 2.24738e-05 0.000464798 -0.000491148 -0.00252227 -0.136818 0.304224 
17.1383 0.00212152 1.76824e-05 0.000493107 -0.000428594 -0.002564 -0.1346 0.304356 
18.1421 0.00197768 9.50437e-06 0.000555057 -0.000303383 -0.00264341 -0.129957 0.304584 
19.4444 0.00180318 2.76586e-06 0.000638566 -0.000156274 -0.00272824 -0.124091 0.304777 
20.7468 0.00164163 8.03704e-08 0.000725203 -2.54178e-05 -0.00279374 -0.118402 0.304856 
21.7506 0.00152546 5.66539e-07 0.000793854 6.50531e-05 -0.00283185 -0.114136 0.304841 
22.2222 0.00147329 1.51633e-06 0.000826613 0.000104591 -0.00284622 -0.112167 0.304812 
22.2222 0.00155183 0.000389314 0.00618728 -0.00444982 -0.000842722 -0.112167 0.304812 
22.6938 0.00158446 0.000393167 0.00628691 -0.00451855 -0.000798206 -0.11334 0.305379 
23.6976 0.00165777 0.000402601 0.00650835 -0.00467703 -0.000696504 -0.115933 0.306598 
25 0.00176134 0.00041753 0.00681524 -0.00490948 -0.000549732 -0.119499 0.308202 
26.3024 0.00187537 0.000435804 0.00714509 -0.00517558 -0.000385073 -0.123307 0.309838 
27.3062 0.00197108 0.000452403 0.00741558 -0.00540612 -0.000245111 -0.126414 0.311125 
27.7778 0.00201857 0.000461015 0.00754767 -0.00552268 -0.000175229 -0.127928 0.311738 
27.7778 0.00212335 2.68399e-10 0.000813081 -1.76737e-06 -0.00247681 -0.127928 0.311738 
28.2494 0.00205492 2.21807e-07 0.000854222 4.99816e-05 -0.00250219 -0.12585 0.311731 
29.2532 0.00191573 2.21231e-06 0.000943574 0.000152411 -0.00254695 -0.121513 0.311673 
30.5556 0.00174768 7.64055e-06 0.00106276 0.000270532 -0.00258725 -0.116061 0.311508 
31.8579 0.00159292 1.59541e-05 0.00118515 0.000373215 -0.00260896 -0.110803 0.311247 
32.8617 0.00148216 2.41179e-05 0.00128137 0.000442632 -0.00261393 -0.106881 0.310982 
33.3333 0.00143257 2.8434e-05 0.00132707 0.0004725 -0.00261295 -0.105078 0.310838 
33.3333 0.00150503 1.69157e-05 0.0011967 0.00038378 -0.00261738 -0.105078 0.310838 
33.8049 0.00145173 2.06418e-05 0.00124182 0.000416372 -0.00262216 -0.1032 0.31072 
34.8088 0.00134366 2.95909e-05 0.00133876 0.000479609 -0.00262511 -0.0992848 0.31043 
36.1111 0.00121383 4.30738e-05 0.00146609 0.000549984 -0.00261521 -0.0943664 0.309977 
37.4135 0.00109498 5.84047e-05 0.0015948 0.000608263 -0.00259109 -0.0896276 0.309442 
38.4173 0.00101038 7.13103e-05 0.00169469 0.00064563 -0.00256359 -0.0860958 0.308974 
38.8889 0.00097264 7.7663e-05 0.00174178 0.00066107 -0.00254817 -0.0844724 0.308739 
38.8889 0.00102062 5.79957e-05 0.00157479 0.00060079 -0.00261617 -0.0844724 0.308739 
39.3605 0.000979749 6.39295e-05 0.00162078 0.000618019 -0.002606 -0.0827639 0.308531 
40.3643 0.000897209 7.71974e-05 0.00171879 0.000649893 -0.00257891 -0.0792009 0.308055 
41.6667 0.000798679 9.55521e-05 0.00184597 0.000682182 -0.00253352 -0.0747256 0.307372 
42.969 0.000709162 0.000114985 0.00197286 0.00070516 -0.00247765 -0.0704135 0.306617 
43.9728 0.000645896 0.000130565 0.00207027 0.000717115 -0.00242813 -0.0671993 0.305989 
44.4445 0.000617803 0.000138036 0.00211588 0.000721132 -0.00240307 -0.0657216 0.30568 
44.4445 0.000647537 0.000112171 0.0019178 0.000682816 -0.00252139 -0.0657216 0.30568 
44.9161 0.000616961 0.000119417 0.0019619 0.00068769 -0.00250094 -0.0641512 0.3054 
45.9199 0.000555545 0.000135204 0.00205518 0.00069436 -0.00245349 -0.0608745 0.304775 
47.2222 0.000482899 0.000156306 0.00217484 0.00069606 -0.00238461 -0.056755 0.303908 
48.5246 0.000417641 0.00017795 0.00229273 0.000690685 -0.00230838 -0.0527809 0.302979 
49.5284 0.000372023 0.000194899 0.00238223 0.000682214 -0.00224518 -0.0498151 0.302223 
50 0.00035192 0.000202921 0.00242384 0.000677042 -0.00221428 -0.0484504 0.301856 
50 0.000368456 0.000172658 0.00220214 0.000655201 -0.00236999 -0.0484504 0.301856 
54.7084 0.000188061 0.000254237 0.00258222 0.000568012 -0.00206801 -0.0346142 0.298154 
65.8124 1.0082e-05 0.000441637 0.00329961 0.000173338 -0.00120729 -0.0080145 0.286986 
83.3467 6.49227e-05 0.000654933 0.00388411 -0.000535655 7.11349e-05 0.0203377 0.264666 
107.422 0.000259162 0.000749131 0.00382761 -0.0011446 0.00113495 0.040634 0.229847 
138.198 0.000367753 0.000654564 0.00304588 -0.00127451 0.00147591 0.0484041 0.185482 
175.887 0.00031809 0.00044283 0.0019426 -0.000974947 0.00118286 0.0450173 0.137896 
220.763 0.000194474 0.000235728 0.000996058 -0.000556191 0.000687585 0.0351994 0.0939737 
273.173 8.96025e-05 0.00010008 0.00041296 -0.000245992 0.000306782 0.0238927 0.0585332 
333.558 3.21659e-05 3.42127e-05 0.000139097 -8.61747e-05 0.000107949 0.0143154 0.033249 
402.473 9.15715e-06 9.4632e-06 3.81314e-05 -2.41817e-05 3.03632e-05 0.00763809 0.0171787 
480.629 2.08166e-06 2.11629e-06 8.48355e-06 -5.45231e-06 6.85462e-06 0.00364175 0.00804008 
568.943 3.76854e-07 3.79761e-07 1.51809e-06 -9.82721e-07 1.23627e-06 0.0015495 0.00338668 
668.626 5.36329e-08 5.38087e-08 2.14796e-07 -1.3955e-07 1.7561e-07 0.000584548 0.00127118 
781.33 5.85097e-09 5.85831e-09 2.33705e-08 -1.52086e-08 1.91413e-08 0.000193072 0.000418888 
909.397 4.69306e-10 4.69502e-10 1.87247e-09 -1.21937e-09 1.53476e-09 5.46805e-05 0.000118521 
1056.36 2.5878e-11 2.58814e-11 1.03211e-10 -6.72277e-11 8.46189e-11 1.28401e-05 2.78218e-05 
1228.03 8.75781e-13 8.75766e-13 3.49234e-12 -2.27499e-12 2.86344e-12 2.36212e-06 5.11765e-06 
1435.53 1.46104e-14 1.46146e-14 5.82612e-14 -3.79589e-14 4.77817e-14 3.05096e-07 6.60895e-07 
1707.33 6.85777e-17 6.83648e-17 2.75165e-16 -1.77867e-16 2.24225e-16 2.09024e-08 4.54908e-08 
