0 0.00489469 0.000543727 -7.29703e-19 -0.00329607 -0.000129979 0.22188 -0.281536 
0.4716 0.0047761 0.000513587 4.83633e-07 -0.00316437 -0.000256858 0.219176 -0.282239 
1.47542 0.0045315 0.000452895 4.6508e-06 -0.00289443 -0.000514477 0.213489 -0.283669 
2.77778 0.00422957 0.000380954 1.61133e-05 -0.00256465 -0.000824197 0.206255 -0.285392 
4.08014 0.0039444 0.000316378 3.39848e-05 -0.00225703 -0.00110728 0.19918 -0.286967 
5.08396 0.00373558 0.00027142 5.1854e-05 -0.00203443 -0.00130799 0.193836 -0.288082 
5.55556 0.00364068 0.000251697 6.14181e-05 -0.00193408 -0.0013972 0.191358 -0.288577 
5.55556 0.00385182 0.000278385 5.4534e-05 -0.0021586 -0.00110851 0.191358 -0.288577 
6.02716 0.00375251 0.00025857 6.50674e-05 -0.00205337 -0.00120319 0.188875 -0.289064 
7.03098 0.00354826 0.000219286 9.02038e-05 -0.00183878 -0.00139341 0.183663 -0.290042 
8.33333 0.00329726 0.00017396 0.000128021 -0.00157876 -0.00161807 0.177048 -0.291191 
9.63569 0.00306139 0.000134687 0.000171297 -0.00133856 -0.00181883 0.170598 -0.292209 
10.6395 0.00288946 0.000108335 0.000208107 -0.0011663 -0.001958 0.165738 -0.292905 
11.1111 0.00281156 9.70842e-05 0.000226379 -0.00108909 -0.00201887 0.163489 -0.293206 
11.1111 0.00296997 0.000116266 0.000201701 -0.00126264 -0.00181514 0.163489 -0.293206 
11.5827 0.00288785 0.000104626 0.000220743 -0.0011811 -0.00188136 0.161213 -0.29351 
12.5865 0.00271944 8.21861e-05 0.00026347 -0.00101582 -0.00201238 0.156441 -0.294104 
13.8889 0.0025134 5.75946e-05 0.000323069 -0.000817523 -0.00216297 0.150398 -0.294769 
15.1912 0.00232077 3.78089e-05 0.000386978 -0.000636489 -0.0022928 0.14452 -0.295318 
16.1951 0.00218099 2.56382e-05 0.000438925 -0.0005081 -0.00237942 0.1401 -0.295663 
16.6667 0.00211785 2.0801e-05 0.000464083 -0.00045099 -0.00241625 0.138057 -0.295802 
16.6667 0.00223387 3.09482e-05 0.000414843 -0.000581833 -0.00229065 0.138057 -0.295802 
17.1383 0.00216684 2.55869e-05 0.000440417 -0.000521045 -0.00233264 0.13597 -0.295952 
18.1421 0.00202978 1.60014e-05 0.000496471 -0.0003988 -0.00241352 0.1316 -0.296223 
19.4444 0.00186285 7.0751e-06 0.000572218 -0.000254043 -0.00250198 0.126072 -0.296482 
20.7468 0.00170761 1.83901e-06 0.00065102 -0.000124005 -0.0025729 0.120705 -0.296638 
21.7506 0.00159552 1.41221e-07 0.000713616 -3.32164e-05 -0.00261629 0.116676 -0.29669 
22.2222 0.00154503 5.99309e-09 0.000743532 6.73359e-06 -0.00263344 0.114815 -0.296694 
22.2222 0.0016274 0.00045482 0.00556541 -0.00492535 -0.000696037 0.114815 -0.296694 
22.6938 0.00165553 0.000457216 0.00564863 -0.00498081 -0.000662039 0.115803 -0.29728 
23.6976 0.0017185 0.000463346 0.00583366 -0.00510855 -0.000583913 0.117985 -0.298534 
25 0.0018069 0.000473534 0.00609019 -0.00529557 -0.000470287 0.120982 -0.300174 
26.3024 0.00190358 0.000486476 0.00636604 -0.00550918 -0.000341909 0.124176 -0.301834 
27.3062 0.00198428 0.0004985 0.00659231 -0.00569384 -0.00023224 0.126781 -0.30313 
27.7778 0.00202419 0.000504808 0.00670284 -0.00578707 -0.000177336 0.128049 -0.303745 
27.7778 0.00212926 8.70924e-07 0.000722071 -0.000100816 -0.00231382 0.128049 -0.303745 
28.2494 0.00206421 2.20643e-07 0.000758826 -4.9963e-05 -0.00234114 0.126078 -0.303764 
29.2532 0.00193159 2.48078e-07 0.000838731 5.12481e-05 -0.00239088 0.121961 -0.303763 
30.5556 0.00177085 2.94469e-06 0.000945483 0.000169058 -0.00243921 0.116776 -0.303681 
31.8579 0.00162216 8.36351e-06 0.0010553 0.000272689 -0.00247051 0.111766 -0.30351 
32.8617 0.0015153 1.42139e-05 0.00114177 0.000343582 -0.00248381 0.108022 -0.30332 
33.3333 0.00146732 1.74247e-05 0.00118289 0.000374343 -0.00248699 0.106298 -0.303214 
33.3333 0.00154154 9.01017e-06 0.00106669 0.000283471 -0.00247676 0.106298 -0.303214 
33.8049 0.00149004 1.16556e-05 0.00110735 0.000316979 -0.00248532 0.104507 -0.30313 
34.8088 0.00138532 1.82654e-05 0.00119483 0.000382608 -0.00249687 0.100768 -0.302917 
36.1111 0.00125897 2.86589e-05 0.00130995 0.000456879 -0.00249908 0.0960626 -0.302569 
37.4135 0.0011427 4.08724e-05 0.00142655 0.000519812 -0.00248796 0.0915196 -0.302146 
38.4173 0.00105955 5.13774e-05 0.00151722 0.000561193 -0.00247102 0.0881269 -0.301769 
38.8889 0.00102234 5.66075e-05 0.00156001 0.000578627 -0.0024607 0.0865654 -0.301577 
38.8889 0.00107277 4.05856e-05 0.00141045 0.000515267 -0.00251043 0.0865654 -0.301577 
39.3605 0.00103254 4.53936e-05 0.00145233 0.000534619 -0.00250504 0.0849269 -0.30141 
40.3643 0.000951034 5.6272e-05 0.00154173 0.000571265 -0.0024884 0.0815061 -0.301023 
41.6667 0.000853231 7.15576e-05 0.00165798 0.000610176 -0.00245705 0.0772014 -0.300461 
42.969 0.000763829 8.798e-05 0.00177425 0.000640153 -0.00241562 0.0730449 -0.299833 
43.9728 0.000700285 0.000101293 0.00186371 0.000657691 -0.00237742 0.0699406 -0.299306 
44.4445 0.000671961 0.000107719 0.00190565 0.000664373 -0.00235773 0.0685116 -0.299045 
44.4445 0.000704303 8.57699e-05 0.00172725 0.000622698 -0.0024558 0.0685116 -0.299045 
44.9161 0.000673536 9.19395e-05 0.00176792 0.000630466 -0.00244048 0.0669984 -0.298811 
45.9199 0.000611487 0.000105469 0.0018541 0.000643408 -0.00240403 0.0638378 -0.298284 
47.2222 0.000537609 0.000123723 0.00196494 0.000653415 -0.00234955 0.0598574 -0.297549 
48.5246 0.000470716 0.000142624 0.00207448 0.000656456 -0.00228774 0.0560098 -0.296756 
49.5284 0.000423603 0.00015754 0.00215788 0.000654493 -0.00223563 0.053133 -0.296107 
50 0.000402736 0.000164632 0.00219672 0.000652375 -0.00220991 0.0518077 -0.295791 
50 0.00042166 0.000138332 0.0019958 0.000627381 -0.00234483 0.0518077 -0.295791 
54.9131 0.00022497 0.00021398 0.0023691 0.000569951 -0.0020797 0.0378421 -0.292437 
66.5001 1.87909e-05 0.000393594 0.00308581 0.000223401 -0.00127828 0.0109367 -0.282034 
84.7969 5.02369e-05 0.000606178 0.00369535 -0.000453315 -3.87964e-05 -0.0178823 -0.260766 
109.92 0.000235942 0.000709723 0.00369051 -0.00106301 0.00102779 -0.038754 -0.227108 
142.034 0.000348806 0.000629782 0.00296767 -0.00121752 0.00140141 -0.0471199 -0.183823 
181.362 0.000307699 0.000430967 0.00190946 -0.000945961 0.00114491 -0.0442564 -0.137092 
228.189 0.000190556 0.000231612 0.000987004 -0.000545733 0.000673772 -0.0348277 -0.0937378 
282.878 8.87081e-05 9.92035e-05 0.000412488 -0.000243688 0.000303641 -0.0237626 -0.0585976 
345.889 3.21501e-05 3.42141e-05 0.000140105 -8.61553e-05 0.000107851 -0.0143055 -0.0334186 
417.802 9.24155e-06 9.55238e-06 3.87578e-05 -2.44071e-05 3.0628e-05 -0.00766983 -0.0173432 
499.356 2.12269e-06 2.15813e-06 8.71008e-06 -5.55993e-06 6.98606e-06 -0.00367583 -0.00815772 
591.511 3.88684e-07 3.91685e-07 1.57629e-06 -1.01357e-06 1.2744e-06 -0.00157294 -0.00345562 
695.529 5.6026e-08 5.62093e-08 2.25882e-07 -1.45776e-07 1.83349e-07 -0.000597184 -0.00130532 
813.134 6.20056e-09 6.2083e-09 2.49323e-08 -1.61172e-08 2.02744e-08 -0.000198668 -0.00043324 
946.77 5.0554e-10 5.0575e-10 2.03051e-09 -1.31351e-09 1.6524e-09 -5.67272e-05 -0.000123588 
1100.12 2.84041e-11 2.84078e-11 1.14043e-10 -7.37899e-11 9.28308e-11 -1.34463e-05 -2.92847e-05 
1279.26 9.82579e-13 9.82563e-13 3.94439e-12 -2.55242e-12 3.21097e-12 -2.5009e-06 -5.44613e-06 
1495.78 1.68324e-14 1.68369e-14 6.75712e-14 -4.37312e-14 5.50197e-14 -3.2733e-07 -7.12711e-07 
1779.41 8.18205e-17 8.15861e-17 3.30255e-16 -2.1224e-16 2.67359e-16 -2.28215e-08 -4.98984e-08 
