0 0.00470424 0.000522571 1.64843e-20 -0.00316782 -8.87953e-05 -0.217681 0.274273 
0.4716 0.00459587 0.000494978 4.23895e-07 -0.00304734 -0.000204723 -0.215159 0.274934 
1.47542 0.00437202 0.000439266 4.08006e-06 -0.00279994 -0.000440618 -0.209854 0.276281 
2.77778 0.00409507 0.00037293 1.41526e-05 -0.00249682 -0.000725252 -0.203099 0.277909 
4.08014 0.00383279 0.000313041 2.98845e-05 -0.0022131 -0.000986571 -0.196487 0.279406 
5.08396 0.00364026 0.000271105 4.56389e-05 -0.00200714 -0.00117266 -0.191488 0.280471 
5.55556 0.00355263 0.000252631 5.40794e-05 -0.00191409 -0.00125561 -0.189169 0.280945 
5.55556 0.00375866 0.000278606 4.80178e-05 -0.00213318 -0.000973533 -0.189169 0.280945 
6.02716 0.00366689 0.000260028 5.73258e-05 -0.00203552 -0.00106164 -0.186846 0.281412 
7.03098 0.00347784 0.000223032 7.95642e-05 -0.00183592 -0.00123922 -0.181966 0.282354 
8.33333 0.0032449 0.00018001 0.000113082 -0.00159318 -0.00145008 -0.175766 0.283468 
9.63569 0.00302533 0.000142343 0.000151515 -0.00136795 -0.00163981 -0.169715 0.284465 
10.6395 0.00286484 0.000116785 0.000184262 -0.00120576 -0.00177226 -0.165152 0.285154 
11.1111 0.00279198 0.000105782 0.000200535 -0.00113286 -0.00183048 -0.163039 0.285454 
11.1111 0.00294929 0.000125108 0.000178674 -0.00130521 -0.00162617 -0.163039 0.285454 
11.5827 0.00287246 0.000113738 0.00019566 -0.00122817 -0.00168942 -0.160901 0.285757 
12.5865 0.0027146 9.16159e-05 0.000233823 -0.00107156 -0.0018152 -0.156418 0.286354 
13.8889 0.00252089 6.69538e-05 0.000287162 -0.000882759 -0.00196111 -0.150733 0.287033 
15.1912 0.00233912 4.65966e-05 0.000344484 -0.000709384 -0.00208843 -0.145197 0.287607 
16.1951 0.00220681 3.36736e-05 0.000391168 -0.000585741 -0.00217452 -0.141031 0.287979 
16.6667 0.00214691 2.8396e-05 0.000413804 -0.000530534 -0.00221148 -0.139104 0.288133 
16.6667 0.00226452 3.96618e-05 0.000369899 -0.000663173 -0.00207928 -0.139104 0.288133 
17.1383 0.00220094 3.38937e-05 0.000392955 -0.000604387 -0.00212111 -0.137137 0.288297 
18.1421 0.00207061 2.32656e-05 0.000443562 -0.000485689 -0.00220248 -0.133015 0.288603 
19.4444 0.00191134 1.26569e-05 0.000512102 -0.000344179 -0.00229316 -0.127797 0.288915 
20.7468 0.0017626 5.40501e-06 0.000583585 -0.000215987 -0.00236794 -0.122724 0.289134 
21.7506 0.0016548 1.95158e-06 0.000640492 -0.000125753 -0.00241533 -0.118911 0.28924 
22.2222 0.00160613 9.36485e-07 0.000667728 -8.58208e-05 -0.00243464 -0.11715 0.289272 
22.2222 0.00169175 0.000516887 0.00499801 -0.00535347 -0.000557832 -0.11715 0.289272 
22.6938 0.0017156 0.000517772 0.00506742 -0.0053957 -0.000533185 -0.117973 0.28987 
23.6976 0.0017688 0.000520514 0.00522183 -0.00549321 -0.000475949 -0.119788 0.291145 
25 0.00184311 0.000525926 0.00543604 -0.00563648 -0.000391541 -0.122278 0.292805 
26.3024 0.00192396 0.000533607 0.00566652 -0.00580068 -0.000294953 -0.124931 0.294476 
27.3062 0.00199114 0.000541204 0.00585568 -0.00594294 -0.000211679 -0.127094 0.295773 
27.7778 0.00202426 0.00054531 0.0059481 -0.00601486 -0.000169779 -0.128146 0.296386 
27.7778 0.00212934 3.13679e-06 0.000640766 -0.000191333 -0.00215896 -0.128146 0.296386 
28.2494 0.00206761 1.77007e-06 0.000673575 -0.00014163 -0.00218767 -0.126275 0.296426 
29.2532 0.00194147 1.6758e-07 0.000744969 -4.22281e-05 -0.00224115 -0.122363 0.296473 
30.5556 0.00178802 5.65135e-07 0.000840496 7.44198e-05 -0.00229578 -0.117428 0.296461 
31.8579 0.00164549 3.51608e-06 0.000938932 0.000178075 -0.00233484 -0.11265 0.296368 
32.8617 0.00154266 7.37427e-06 0.00101656 0.000249701 -0.00235501 -0.109073 0.296242 
33.3333 0.00149637 9.62762e-06 0.0010535 0.000280999 -0.00236166 -0.107424 0.296168 
33.3333 0.00157207 3.89967e-06 0.000950009 0.000188327 -0.00233851 -0.107424 0.296168 
33.8049 0.00152243 5.61393e-06 0.000986616 0.000222365 -0.00235019 -0.105715 0.296113 
34.8088 0.00142127 1.01963e-05 0.00106546 0.00028955 -0.00236888 -0.102142 0.295965 
36.1111 0.00129871 1.78892e-05 0.00116939 0.00036662 -0.0023813 -0.0976392 0.295709 
37.4135 0.0011854 2.73523e-05 0.00127486 0.000433106 -0.00238129 -0.0932826 0.295382 
38.4173 0.00110401 3.57222e-05 0.00135702 0.000477661 -0.00237344 -0.0900232 0.295083 
38.8889 0.00106748 3.99486e-05 0.00139583 0.000496701 -0.00236753 -0.0885212 0.29493 
38.8889 0.00112013 2.71379e-05 0.00126201 0.000430543 -0.00240084 -0.0885212 0.29493 
39.3605 0.00108071 3.09452e-05 0.00130009 0.00045159 -0.00239956 -0.0869495 0.294798 
40.3643 0.00100059 3.96891e-05 0.00138147 0.000492106 -0.00239197 -0.0836646 0.29449 
41.6667 0.000904005 5.22125e-05 0.00148751 0.000536496 -0.00237287 -0.079524 0.294034 
42.969 0.000815221 6.59017e-05 0.00159382 0.000572374 -0.00234415 -0.075518 0.293516 
43.9728 0.000751791 7.71416e-05 0.00167578 0.000594685 -0.00231599 -0.0725206 0.293077 
44.4445 0.000723423 8.26056e-05 0.00171426 0.000603663 -0.00230107 -0.0711391 0.292859 
44.4445 0.000758241 6.41563e-05 0.00155378 0.000558797 -0.00238063 -0.0711391 0.292859 
44.9161 0.000727484 6.93432e-05 0.00159119 0.000569041 -0.00236986 -0.0696813 0.292664 
45.9199 0.00066523 8.08024e-05 0.00167059 0.000587393 -0.00234321 -0.0666332 0.292225 
47.2222 0.000590673 9.64242e-05 0.00177297 0.00060464 -0.00230162 -0.0627883 0.291605 
48.5246 0.000522693 0.000112767 0.00187444 0.000615098 -0.00225283 -0.0590647 0.290932 
49.5284 0.0004745 0.000125771 0.00195189 0.000618927 -0.00221077 -0.056276 0.290378 
50 0.00045306 0.000131985 0.00198802 0.000619541 -0.00218978 -0.0549899 0.290107 
50 0.000474349 0.000109276 0.00180619 0.000591424 -0.00230543 -0.0549899 0.290107 
55.1268 0.000262396 0.000178897 0.00217145 0.000562819 -0.00207639 -0.040899 0.287079 
67.2176 2.94394e-05 0.000350189 0.00288416 0.000263757 -0.0013343 -0.0136993 0.277393 
86.3101 3.80056e-05 0.000560846 0.00351371 -0.000379257 -0.000136475 0.0155653 0.257109 
112.525 0.000214544 0.000672163 0.00355543 -0.00098647 0.000928052 0.0369821 0.224535 
146.036 0.000330631 0.000605546 0.00288817 -0.00116234 0.00132973 0.0459098 0.182259 
187.074 0.000297353 0.000418977 0.00187401 -0.000916895 0.00110709 0.0435382 0.136329 
235.938 0.000186441 0.000227221 0.000976113 -0.000534667 0.000659277 0.034475 0.0935087 
293.006 8.76465e-05 9.81357e-05 0.00041101 -0.000240918 0.000299939 0.0236375 0.0586522 
358.757 3.20515e-05 3.41272e-05 0.000140699 -8.59138e-05 0.000107479 0.0142941 0.0335742 
433.797 9.29687e-06 9.61153e-06 3.92528e-05 -2.45557e-05 3.07973e-05 0.00769843 0.0174963 
518.898 2.15608e-06 2.19222e-06 8.90431e-06 -5.64757e-06 7.09254e-06 0.00370737 0.00826805 
615.06 3.99006e-07 4.02092e-07 1.62843e-06 -1.0405e-06 1.30761e-06 0.00159486 0.00352072 
723.602 5.81996e-08 5.83897e-08 2.36125e-07 -1.51432e-07 1.9037e-07 0.000609107 0.00133779 
846.321 6.52781e-09 6.53592e-09 2.64132e-08 -1.69678e-08 2.13341e-08 0.000203994 0.000446993 
985.769 5.40368e-10 5.40591e-10 2.18405e-09 -1.404e-09 1.76539e-09 5.86919e-05 0.000128484 
1145.79 3.08951e-11 3.0899e-11 1.24824e-10 -8.02611e-11 1.00924e-10 1.40339e-05 3.07115e-05 
1332.72 1.09076e-12 1.09074e-12 4.40619e-12 -2.83343e-12 3.56278e-12 2.63692e-06 5.76997e-06 
1558.66 1.91516e-14 1.91564e-14 7.73664e-14 -4.97562e-14 6.25701e-14 3.4941e-07 7.64463e-07 
1854.61 9.61718e-17 9.59166e-17 3.90367e-16 -2.49493e-16 3.14072e-16 2.47604e-08 5.43747e-08 
