0 0.00452024 0.000502131 -2.52771e-19 -0.00304392 -5.59956e-05 0.213781 -0.267702 
0.4716 0.00442113 0.000476855 3.7163e-07 -0.00293362 -0.000161994 0.211425 -0.268323 
1.47542 0.00421615 0.000425694 3.58004e-06 -0.00270676 -0.000378129 0.206465 -0.269593 
2.77778 0.00396198 0.000364517 1.24318e-05 -0.00242806 -0.000639812 0.200145 -0.271134 
4.08014 0.00372067 0.000308992 2.62795e-05 -0.00216635 -0.000881069 0.193954 -0.272556 
5.08396 0.00354312 0.000269904 4.01669e-05 -0.00197579 -0.00105357 0.18927 -0.273573 
5.55556 0.00346218 0.000252621 4.7614e-05 -0.00188953 -0.00113068 0.187096 -0.274027 
5.55556 0.00366297 0.000277862 4.22771e-05 -0.00210304 -0.000855472 0.187096 -0.274027 
6.02716 0.00357817 0.000260465 5.04994e-05 -0.00201244 -0.000937421 0.184917 -0.274475 
7.03098 0.00340319 0.00022568 7.01656e-05 -0.00182687 -0.00110308 0.18034 -0.275381 
8.33333 0.00318707 0.000184945 9.98564e-05 -0.00160042 -0.00130078 0.174519 -0.27646 
9.63569 0.00298275 0.000148949 0.000133963 -0.00138945 -0.00147979 0.168832 -0.277433 
10.6395 0.00283301 0.000124287 0.000163071 -0.00123695 -0.00160555 0.16454 -0.278112 
11.1111 0.00276491 0.000113593 0.00017755 -0.00116825 -0.00166107 0.162551 -0.278409 
11.1111 0.0029207 0.000132943 0.000158195 -0.00133892 -0.00145704 0.162551 -0.278409 
11.5827 0.00284888 0.000121903 0.000173331 -0.00126626 -0.00151729 0.16054 -0.278709 
12.5865 0.00270104 0.00010026 0.000207378 -0.00111817 -0.00163766 0.156319 -0.279305 
13.8889 0.00251911 7.57858e-05 0.00025505 -0.000938848 -0.00177841 0.150962 -0.279991 
15.1912 0.00234784 5.51681e-05 0.000306387 -0.000773314 -0.00190255 0.14574 -0.280583 
16.1951 0.00222279 4.17635e-05 0.000348271 -0.000654676 -0.00198743 0.141806 -0.280976 
16.6667 0.00216607 3.6181e-05 0.000368602 -0.000601526 -0.00202417 0.139985 -0.281142 
16.6667 0.00228473 4.83333e-05 0.000329493 -0.000735348 -0.00188664 0.139985 -0.281142 
17.1383 0.00222452 4.22923e-05 0.000350239 -0.000678736 -0.00192797 0.138128 -0.281316 
18.1421 0.00210085 3.09234e-05 0.000395834 -0.000564019 -0.00200904 0.134234 -0.281648 
19.4444 0.00194923 1.90527e-05 0.000457712 -0.000426444 -0.00210078 0.129299 -0.282002 
20.7468 0.0018071 1.02328e-05 0.000522393 -0.000300913 -0.00217811 0.124496 -0.282272 
21.7506 0.00170373 5.38378e-06 0.000573989 -0.000211932 -0.0022284 0.120883 -0.282424 
22.2222 0.00165696 3.66173e-06 0.000598714 -0.000172366 -0.00224934 0.119212 -0.282479 
22.2222 0.00174528 0.000574722 0.00448143 -0.00573366 -0.000428635 0.119212 -0.282479 
22.6938 0.00176511 0.000574106 0.00453924 -0.00576306 -0.000412239 0.119887 -0.283083 
23.6976 0.00180922 0.00057351 0.00466791 -0.00583158 -0.000373385 0.121376 -0.284369 
25 0.00187059 0.000574275 0.00484656 -0.00593362 -0.000314568 0.123417 -0.286036 
26.3024 0.00193709 0.000576917 0.00503894 -0.00605204 -0.000245677 0.125592 -0.287707 
27.3062 0.00199216 0.000580335 0.00519693 -0.00615562 -0.000185288 0.127364 -0.288997 
27.7778 0.00201926 0.00058238 0.00527416 -0.00620826 -0.000154627 0.128228 -0.289605 
27.7778 0.00212408 6.43434e-06 0.000568164 -0.000273693 -0.00201218 0.128228 -0.289605 
28.2494 0.00206558 4.48519e-06 0.000597426 -0.00022534 -0.00204181 0.12645 -0.289662 
29.2532 0.0019458 1.54163e-06 0.000661161 -0.000128223 -0.00209795 0.122728 -0.28975 
30.5556 0.00179959 1.83072e-08 0.000746562 -1.34377e-05 -0.0021574 0.118028 -0.289797 
31.8579 0.00166325 8.78076e-07 0.000834706 8.94686e-05 -0.00220264 0.113468 -0.289769 
32.8617 0.00156454 3.03012e-06 0.000904315 0.000161194 -0.00222841 0.11005 -0.289699 
33.3333 0.00152 4.45835e-06 0.000937475 0.000192724 -0.00223792 0.108472 -0.289652 
33.3333 0.00159689 1.05208e-06 0.000845379 9.85885e-05 -0.00220342 0.108472 -0.289652 
33.8049 0.00154919 1.96853e-06 0.000878292 0.000132828 -0.00221764 0.10684 -0.289623 
34.8088 0.00145173 4.80321e-06 0.000949252 0.000200851 -0.00224221 0.103425 -0.289531 
36.1111 0.00133321 1.01472e-05 0.00104295 0.000279761 -0.00226314 0.0991129 -0.289353 
37.4135 0.00122315 1.71958e-05 0.00113822 0.000348831 -0.00227255 0.0949339 -0.28911 
38.4173 0.00114378 2.36764e-05 0.00121255 0.000395817 -0.00227248 0.0918021 -0.288879 
38.8889 0.00110806 2.70104e-05 0.0012477 0.000416114 -0.00227036 0.0903573 -0.288759 
38.8889 0.00116272 1.70255e-05 0.00112808 0.000347441 -0.00228893 0.0903573 -0.288759 
39.3605 0.00112423 1.99477e-05 0.00116264 0.000369802 -0.00229116 0.0888493 -0.288658 
40.3643 0.00104581 2.67951e-05 0.00123659 0.000413378 -0.00229135 0.0856944 -0.288418 
41.6667 0.000950854 3.68459e-05 0.00133314 0.000462216 -0.00228286 0.0817114 -0.288054 
42.969 0.000863127 4.80683e-05 0.00143014 0.000502991 -0.00226526 0.0778508 -0.287634 
43.9728 0.000800159 5.74228e-05 0.00150507 0.000529327 -0.00224595 0.0749573 -0.287272 
44.4445 0.000771912 6.20085e-05 0.00154029 0.00054026 -0.00223525 0.0736223 -0.287091 
44.4445 0.000809064 4.66841e-05 0.00139609 0.000492387 -0.00229794 0.0736223 -0.287091 
44.9161 0.000778491 5.09792e-05 0.00143042 0.000504724 -0.00229117 0.0722179 -0.286931 
45.9199 0.000716413 6.05512e-05 0.00150338 0.000527684 -0.00227318 0.0692787 -0.286568 
47.2222 0.000641676 7.37568e-05 0.0015977 0.000551175 -0.00224307 0.0655656 -0.286051 
48.5246 0.000573106 8.77327e-05 0.00169142 0.000568105 -0.00220595 0.0619634 -0.285484 
49.5284 0.000524213 9.89548e-05 0.00176313 0.000577036 -0.00217297 0.0592614 -0.285014 
50 0.000502376 0.000104346 0.00179664 0.000580072 -0.00215625 0.0580139 -0.284783 
50 0.000525983 8.48845e-05 0.00163231 0.000548894 -0.00225408 0.0580139 -0.284783 
55.3497 0.000299831 0.000148449 0.00198846 0.000548043 -0.00206018 0.043801 -0.282062 
67.9664 4.16081e-05 0.000311026 0.00269429 0.000295512 -0.00137697 0.0163168 -0.273047 
87.8892 2.79572e-05 0.000518723 0.00333929 -0.000312826 -0.00022288 -0.013375 -0.253684 
115.244 0.000194856 0.000636403 0.00342282 -0.000914768 0.000835363 -0.0353105 -0.222125 
150.213 0.000313234 0.000581901 0.00280789 -0.00110904 0.00126088 -0.0447694 -0.180794 
193.035 0.000287101 0.000406928 0.00183668 -0.000887901 0.00106957 -0.0428612 -0.135613 
244.024 0.000182172 0.000222606 0.000963632 -0.000523116 0.000644248 -0.0341419 -0.093292 
303.573 8.64411e-05 9.69021e-05 0.000408636 -0.000237747 0.000295757 -0.0235183 -0.0587022 
372.184 3.18794e-05 3.39616e-05 0.000140916 -8.54746e-05 0.000106865 -0.0142824 -0.03372 
450.487 9.32571e-06 9.64333e-06 3.96261e-05 -2.46344e-05 3.08799e-05 -0.00772481 -0.0176404 
539.289 2.18236e-06 2.21909e-06 9.06802e-06 -5.71662e-06 7.1758e-06 -0.00373689 -0.00837239 
639.633 4.07892e-07 4.11052e-07 1.67468e-06 -1.06368e-06 1.33612e-06 -0.00161555 -0.00358261 
752.895 6.01579e-08 6.03542e-08 2.45524e-07 -1.56527e-07 1.96686e-07 -0.00062043 -0.00136883 
880.951 6.83218e-09 6.84064e-09 2.78092e-08 -1.77589e-08 2.23188e-08 -0.000209087 -0.000460226 
1026.46 5.73641e-10 5.73875e-10 2.33231e-09 -1.49045e-09 1.87325e-09 -6.05852e-05 -0.000133229 
1193.44 3.33357e-11 3.33399e-11 1.35485e-10 -8.66014e-11 1.08847e-10 -1.4605e-05 -3.2106e-05 
1388.5 1.19952e-12 1.19951e-12 4.87437e-12 -3.11598e-12 3.91631e-12 -2.77046e-06 -6.08961e-06 
1624.26 2.15512e-14 2.15563e-14 8.75792e-14 -5.59901e-14 7.03783e-14 -3.71349e-07 -8.16154e-07 
1933.09 1.11558e-16 1.11283e-16 4.55238e-16 -2.89436e-16 3.64123e-16 -2.67176e-08 -5.89154e-08 
