0 0.0043421 0.000482343 -7.89032e-20 -0.00292396 -3.05452e-05 -0.210148 0.261749 
0.4716 0.00425142 0.000459179 3.25842e-07 -0.00282294 -0.000127521 -0.207942 0.262334 
1.47542 0.00406361 0.000412181 3.14144e-06 -0.00261483 -0.000325646 -0.203297 0.263532 
2.77778 0.00383026 0.000355761 1.09199e-05 -0.00235851 -0.000566297 -0.197374 0.264991 
4.08014 0.00360818 0.000304298 2.31069e-05 -0.00211708 -0.000789041 -0.191566 0.266343 
5.08396 0.00344444 0.000267892 3.53451e-05 -0.00194081 -0.000948913 -0.187169 0.267313 
5.55556 0.00336968 0.000251739 4.19134e-05 -0.00186086 -0.00102056 -0.185127 0.267748 
5.55556 0.00356511 0.000276234 3.72155e-05 -0.00206867 -0.000752443 -0.185127 0.267748 
6.02716 0.00348674 0.000259961 4.44756e-05 -0.00198463 -0.000828631 -0.183081 0.268177 
7.03098 0.00332481 0.000227304 6.18582e-05 -0.00181219 -0.000983072 -0.178779 0.269048 
8.33333 0.00312433 0.000188818 8.81421e-05 -0.0016011 -0.00116823 -0.173305 0.270091 
9.63569 0.00293429 0.000154528 0.000118387 -0.00140369 -0.00133687 -0.167952 0.271039 
10.6395 0.00279467 0.000130835 0.000144236 -0.0012605 -0.00145601 -0.163907 0.271705 
11.1111 0.00273107 0.000120497 0.000157107 -0.00119584 -0.00150883 -0.162031 0.271999 
11.1111 0.00288495 0.000139766 0.000139981 -0.00136442 -0.00130583 -0.162031 0.271999 
11.5827 0.00281786 0.000129103 0.000153454 -0.001296 -0.00136309 -0.160136 0.272294 
12.5865 0.00267953 0.00010806 0.000183793 -0.00115622 -0.00147794 -0.156156 0.272885 
13.8889 0.00250884 8.39797e-05 0.000226345 -0.000986284 -0.00161321 -0.151101 0.273574 
15.1912 0.00234767 6.33528e-05 0.000272254 -0.000828666 -0.00173363 -0.146167 0.274177 
16.1951 0.00222967 4.96881e-05 0.00030977 -0.000715195 -0.00181677 -0.142446 0.274584 
16.6667 0.00217604 4.39121e-05 0.000328001 -0.000664207 -0.00185301 -0.140723 0.274759 
16.6667 0.00229525 5.67511e-05 0.0002932 -0.000798645 -0.00171131 -0.140723 0.274759 
17.1383 0.00223832 5.05474e-05 0.000311831 -0.000744326 -0.00175186 -0.138967 0.274941 
18.1421 0.0021212 3.86868e-05 0.000352831 -0.000633905 -0.00183198 -0.135282 0.275293 
19.4444 0.00197716 2.59037e-05 0.000408575 -0.000500789 -0.00192379 -0.130608 0.275681 
20.7468 0.00184168 1.58904e-05 0.000466965 -0.000378553 -0.00200258 -0.126054 0.275992 
21.7506 0.00174283 9.94871e-06 0.000513627 -0.000291382 -0.00205486 -0.122624 0.276181 
22.2222 0.001698 7.66559e-06 0.000536014 -0.000252461 -0.00207698 -0.121037 0.276254 
22.2222 0.00178852 0.000627797 0.00401212 -0.00606634 -0.000308703 -0.121037 0.276254 
22.6938 0.00180462 0.000625739 0.00406018 -0.00608358 -0.000299533 -0.12158 0.27686 
23.6976 0.00184036 0.000621952 0.00416723 -0.00612491 -0.000276732 -0.122778 0.278147 
25 0.00188995 0.00061832 0.00431603 -0.00618874 -0.000240176 -0.124422 0.279812 
26.3024 0.00194355 0.00061625 0.00447642 -0.00626537 -0.000195265 -0.126174 0.281472 
27.3062 0.00198785 0.000615801 0.00460824 -0.00633406 -0.000154608 -0.127604 0.282751 
27.7778 0.00200962 0.000615953 0.0046727 -0.00636944 -0.000133612 -0.1283 0.283352 
27.7778 0.00211394 1.04694e-05 0.000503372 -0.000348283 -0.00187333 -0.1283 0.283352 
28.2494 0.00205858 8.05324e-06 0.000529448 -0.000301436 -0.00190349 -0.126609 0.283423 
29.2532 0.001945 4.01875e-06 0.000586295 -0.000206982 -0.0019614 -0.123067 0.283545 
30.5556 0.00180594 9.047e-07 0.000662572 -9.46302e-05 -0.00202438 -0.118586 0.283641 
31.8579 0.00167578 5.15776e-09 0.000741421 6.8828e-06 -0.00207443 -0.114233 0.283669 
32.8617 0.00158124 7.05105e-07 0.000803774 7.8172e-05 -0.00210469 -0.110964 0.283646 
33.3333 0.00153849 1.42643e-06 0.000833503 0.000109673 -0.00211653 -0.109453 0.283622 
33.3333 0.00161632 2.21518e-08 0.000751621 1.43924e-05 -0.00207212 -0.109453 0.283622 
33.8049 0.00157058 2.59441e-07 0.000781177 4.85527e-05 -0.00208835 -0.107894 0.283615 
34.8088 0.00147692 1.59658e-06 0.000844965 0.000116799 -0.00211768 -0.104627 0.283571 
36.1111 0.00136263 4.90912e-06 0.000929328 0.000196723 -0.00214565 -0.100497 0.283461 
37.4135 0.00125606 9.84915e-06 0.00101526 0.000267528 -0.00216295 -0.0964877 0.28329 
38.4173 0.00117893 1.46668e-05 0.00108241 0.000316283 -0.00216947 -0.0934781 0.283119 
38.8889 0.00114413 1.72114e-05 0.00111419 0.000337529 -0.0021706 -0.0920883 0.283028 
38.8889 0.00120057 9.70989e-06 0.00100737 0.000266621 -0.00217598 -0.0920883 0.283028 
39.3605 0.00116313 1.18536e-05 0.00103869 0.000289957 -0.00218118 -0.090641 0.282954 
40.3643 0.00108665 1.70246e-05 0.00110576 0.000335875 -0.002188 -0.0876105 0.282773 
41.6667 0.000993682 2.48742e-05 0.0011935 0.000388233 -0.00218865 -0.0837789 0.28249 
42.969 0.000907392 3.38827e-05 0.00128184 0.000432993 -0.0021807 -0.0800587 0.282154 
43.9728 0.000845192 4.15333e-05 0.0013502 0.000462668 -0.00216913 -0.077266 0.281861 
44.4445 0.00081721 4.53216e-05 0.00138237 0.00047524 -0.00216215 -0.0759762 0.281712 
44.4445 0.000856543 3.27841e-05 0.00125296 0.000424557 -0.00220949 -0.0759762 0.281712 
44.9161 0.00082631 3.62746e-05 0.00128438 0.000438635 -0.00220621 -0.0746234 0.281584 
45.9199 0.000764743 4.41369e-05 0.00135128 0.000465467 -0.00219584 -0.0717895 0.281287 
47.2222 0.000690269 5.51388e-05 0.00143794 0.000494275 -0.00217587 -0.0682044 0.280861 
48.5246 0.00062156 6.69398e-05 0.00152427 0.00051679 -0.00214915 -0.0647209 0.280388 
49.5284 0.000572311 7.65129e-05 0.00159048 0.000530168 -0.0021243 -0.062104 0.279992 
50 0.00055024 8.11388e-05 0.00162146 0.000535329 -0.00211143 -0.0608947 0.279797 
50 0.000576096 6.46125e-05 0.00147315 0.00050118 -0.00219282 -0.0608947 0.279797 
55.5824 0.00033683 0.000122144 0.00181932 0.000526903 -0.00203295 -0.0465626 0.277363 
68.7477 5.49227e-05 0.000275738 0.00251578 0.000319677 -0.00140778 -0.0188022 0.268979 
89.5369 1.98407e-05 0.000479605 0.00317213 -0.000253401 -0.000298933 0.0113008 0.250482 
118.082 0.00017677 0.000602384 0.003293 -0.000847674 0.000749357 0.0337315 0.219873 
154.571 0.00029661 0.000558882 0.00272728 -0.00105765 0.00119489 0.0436943 0.179426 
199.256 0.000276982 0.000394877 0.00179782 -0.000859102 0.00103249 0.0422238 0.134946 
252.461 0.000177786 0.000217812 0.00094978 -0.000511185 0.000628811 0.0338284 0.0930921 
314.601 8.51131e-05 9.55256e-05 0.000405467 -0.000234232 0.000291163 0.0234062 0.0587516 
386.195 3.16421e-05 3.3726e-05 0.000140793 -8.486e-05 0.000106035 0.0142713 0.0338589 
467.903 9.33055e-06 9.65029e-06 3.98873e-05 -2.46497e-05 3.08839e-05 0.00774971 0.0177775 
560.567 2.20208e-06 2.23929e-06 9.20307e-06 -5.76845e-06 7.2376e-06 0.00376486 0.0084719 
665.275 4.15421e-07 4.18644e-07 1.7153e-06 -1.08332e-06 1.36021e-06 0.00163522 0.00364183 
783.463 6.19074e-08 6.21093e-08 2.54091e-07 -1.61079e-07 2.0232e-07 0.000631253 0.00139866 
917.088 7.11361e-09 7.12238e-09 2.91179e-08 -1.84904e-08 2.32283e-08 0.000213982 0.000473014 
1068.93 6.05261e-10 6.05507e-10 2.47474e-09 -1.5726e-09 1.97568e-09 6.24171e-05 0.000137844 
1243.17 3.5714e-11 3.57185e-11 1.4597e-10 -9.27798e-11 1.16564e-10 1.51618e-05 3.34726e-05 
1446.71 1.30822e-12 1.30821e-12 5.34602e-12 -3.39834e-12 4.26941e-12 2.90183e-06 6.40567e-06 
1692.72 2.40161e-14 2.40215e-14 9.81475e-14 -6.23934e-14 7.83946e-14 3.93172e-07 8.67827e-07 
2014.98 1.27906e-16 1.27612e-16 5.24601e-16 -3.31879e-16 4.17272e-16 2.86931e-08 6.35195e-08 
