0 0.00416939 0.000463157 -2.59867e-19 -0.00280766 -1.14972e-05 0.206751 -0.256349 
0.4716 0.00408637 0.00044192 2.8569e-07 -0.00271509 -0.000100261 0.204683 -0.256901 
1.47542 0.00391424 0.000398738 2.75636e-06 -0.00252413 -0.000281941 0.200325 -0.258032 
2.77778 0.00369994 0.000346706 9.59043e-06 -0.00228835 -0.000503293 0.194764 -0.259413 
4.08014 0.00349554 0.000299026 2.03129e-05 -0.00206564 -0.000708934 0.189308 -0.260698 
5.08396 0.00334451 0.000265142 3.10937e-05 -0.00190261 -0.000857057 0.185173 -0.261625 
5.55556 0.00327547 0.000250061 3.68844e-05 -0.00182853 -0.000923604 0.183252 -0.262041 
5.55556 0.00346543 0.000273799 3.27502e-05 -0.00203054 -0.000662759 0.183252 -0.262041 
6.02716 0.00339302 0.000258594 3.91575e-05 -0.00195263 -0.000733557 0.181327 -0.262452 
7.03098 0.00324319 0.000227978 5.45129e-05 -0.00179246 -0.000877439 0.177279 -0.263288 
8.33333 0.00305728 0.00019169 7.77648e-05 -0.00159582 -0.00105068 0.172123 -0.264295 
9.63569 0.0028806 0.000159117 0.000104563 -0.00141129 -0.0012093 0.167075 -0.265216 
10.6395 0.00275049 0.00013644 0.000127498 -0.001277 -0.00132196 0.163258 -0.265868 
11.1111 0.00269114 0.000126492 0.000138928 -0.00121623 -0.00137208 0.161487 -0.266157 
11.1111 0.00284276 0.000145592 0.000123783 -0.00138235 -0.00117081 0.161487 -0.266157 
11.5827 0.00278014 0.00013534 0.000135763 -0.00131803 -0.00122509 0.159699 -0.266447 
12.5865 0.00265082 0.000114989 0.000162767 -0.00118631 -0.0013344 0.15594 -0.267031 
13.8889 0.00249085 9.14628e-05 0.0002007 -0.00102559 -0.00146396 0.151162 -0.267717 
15.1912 0.00233937 7.10285e-05 0.000241696 -0.000875877 -0.00158026 0.146493 -0.268326 
16.1951 0.00222817 5.72841e-05 0.000275248 -0.00076766 -0.00166123 0.142969 -0.268744 
16.6667 0.00217755 5.14062e-05 0.000291568 -0.000718901 -0.00169675 0.141336 -0.268925 
16.6667 0.00229684 6.47596e-05 0.000260632 -0.000853433 -0.00155191 0.141336 -0.268925 
17.1383 0.00224311 5.84833e-05 0.000277336 -0.000801481 -0.00159148 0.139673 -0.269112 
18.1421 0.00213237 4.6336e-05 0.000314134 -0.000695573 -0.00167011 0.136182 -0.269479 
19.4444 0.00199581 3.29308e-05 0.000364251 -0.0005673 -0.0017612 0.131749 -0.269893 
20.7468 0.00186694 2.20376e-05 0.000416848 -0.000448848 -0.00184053 0.127424 -0.270237 
21.7506 0.00177264 1.52581e-05 0.00045895 -0.000363926 -0.00189402 0.124165 -0.270455 
22.2222 0.0017298 1.25371e-05 0.00047917 -0.000325873 -0.00191693 0.122655 -0.270544 
22.2222 0.00182202 0.000675797 0.00358663 -0.00635264 -0.000198098 0.122655 -0.270544 
22.6938 0.00183469 0.000672388 0.00362652 -0.00635861 -0.000195199 0.123081 -0.271148 
23.6976 0.00186282 0.000665628 0.00371543 -0.00637487 -0.000186303 0.124021 -0.272429 
25 0.0019018 0.000657931 0.00383917 -0.00640387 -0.000168963 0.125312 -0.274082 
26.3024 0.00194389 0.000651543 0.00397271 -0.00644284 -0.000144671 0.126691 -0.275725 
27.3062 0.00197865 0.00064758 0.00408257 -0.0064804 -0.000120923 0.127819 -0.276988 
27.7778 0.00199573 0.000646022 0.00413632 -0.00650048 -0.00010819 0.128369 -0.277579 
27.7778 0.00209933 1.5004e-05 0.00044559 -0.000415499 -0.00174225 0.128369 -0.277579 
28.2494 0.00204702 1.22201e-05 0.000468808 -0.000370275 -0.00177259 0.12676 -0.277663 
29.2532 0.00193948 7.311e-06 0.000519466 -0.000278777 -0.00183151 0.123385 -0.277812 
30.5556 0.00180743 2.89401e-06 0.000587529 -0.00016932 -0.00189693 0.119111 -0.27795 
31.8579 0.00168341 5.27014e-07 0.000657993 -6.9732e-05 -0.0019506 0.114952 -0.278026 
32.8617 0.00159305 5.15888e-11 0.000713788 6.71148e-07 -0.00198439 0.111824 -0.278043 
33.3333 0.00155211 1.19782e-07 0.000740413 3.19215e-05 -0.00199809 0.110378 -0.278039 
33.3333 0.00163063 4.36937e-07 0.000667675 -6.42024e-05 -0.00194506 0.110378 -0.278039 
33.8049 0.00158687 1.00379e-07 0.000694186 -3.03568e-05 -0.00196286 0.108886 -0.27805 
34.8088 0.00149708 1.63134e-07 0.000751457 3.75888e-05 -0.00199597 0.105761 -0.278048 
36.1111 0.00138715 1.72953e-06 0.000827316 0.000117812 -0.00202965 0.101804 -0.277995 
37.4135 0.00128426 4.83898e-06 0.000904716 0.000189613 -0.0020535 0.0979559 -0.277888 
38.4173 0.00120954 8.20105e-06 0.000965289 0.000239557 -0.00206557 0.0950634 -0.277769 
38.8889 0.00117575 1.00512e-05 0.000993992 0.000261476 -0.00206944 0.0937262 -0.277702 
38.8889 0.00123375 4.72834e-06 0.000898696 0.000188608 -0.00206305 0.0937262 -0.277702 
39.3605 0.00119744 6.19118e-06 0.00092702 0.000212622 -0.00207075 0.092337 -0.277651 
40.3643 0.00112312 9.88885e-06 0.000987764 0.000260244 -0.00208316 0.0894256 -0.277522 
41.6667 0.00103244 1.57896e-05 0.00106736 0.00031529 -0.00209161 0.0857394 -0.277309 
42.969 0.000947911 2.28226e-05 0.00114765 0.000363212 -0.00209199 0.0821547 -0.277048 
43.9728 0.000886743 2.89423e-05 0.0012099 0.000395603 -0.00208714 0.0794598 -0.276815 
44.4445 0.000859156 3.2011e-05 0.00123923 0.000409524 -0.0020834 0.078214 -0.276695 
44.4445 0.000900507 2.19551e-05 0.00112321 0.000356239 -0.00211682 0.078214 -0.276695 
44.9161 0.000870749 2.4724e-05 0.00115192 0.000371737 -0.00211658 0.0769108 -0.276593 
45.9199 0.000809986 3.10464e-05 0.00121312 0.000401767 -0.00211283 0.0741788 -0.276357 
47.2222 0.00073617 4.00508e-05 0.00129255 0.000435036 -0.00210179 0.070718 -0.27601 
48.5246 0.000667721 4.98664e-05 0.00137188 0.000462308 -0.00208426 0.0673501 -0.275619 
49.5284 0.000618431 5.79243e-05 0.00143284 0.00047952 -0.00206666 0.0648166 -0.27529 
50 0.000596273 6.18445e-05 0.00146141 0.000486523 -0.00205723 0.0636449 -0.275126 
50 0.000624292 4.79655e-05 0.00132774 0.000449518 -0.00212349 0.0636449 -0.275126 
55.8252 0.000373011 9.95373e-05 0.00166322 0.000500543 -0.00199638 0.049196 -0.272964 
69.563 6.90502e-05 0.000243985 0.00234817 0.000337172 -0.00142808 0.0211667 -0.265174 
91.2563 1.34256e-05 0.000443296 0.00301217 -0.000200402 -0.000365494 -0.00933331 -0.24749 
121.042 0.000160178 0.000570045 0.00316626 -0.000784955 0.000669667 -0.0322382 -0.217774 
159.118 0.000280749 0.000536508 0.00264672 -0.00100817 0.00113171 -0.0426804 -0.178155 
205.747 0.000267024 0.000382872 0.00175776 -0.000830598 0.000995949 -0.0416241 -0.13433 
261.266 0.000173315 0.000212875 0.000934754 -0.000498963 0.000613073 -0.0335341 -0.0929122 
326.108 8.36808e-05 9.40263e-05 0.000401595 -0.000230423 0.00028622 -0.0233014 -0.0588039 
400.815 3.13472e-05 3.34285e-05 0.000140363 -8.40903e-05 0.000105016 -0.0142616 -0.0339938 
486.077 9.3137e-06 9.63478e-06 4.00456e-05 -2.46077e-05 3.08168e-05 -0.00777375 -0.0179096 
582.771 2.21574e-06 2.25333e-06 9.31138e-06 -5.80444e-06 7.27965e-06 -0.00379166 -0.00856759 
692.032 4.21676e-07 4.24953e-07 1.75056e-06 -1.09963e-06 1.38013e-06 -0.00165409 -0.00369889 
815.359 6.34565e-08 6.36634e-08 2.61849e-07 -1.65109e-07 2.073e-07 -0.000641664 -0.0014275 
954.795 7.37235e-09 7.38142e-09 3.03388e-08 -1.91629e-08 2.40636e-08 -0.000218712 -0.000485429 
1113.24 6.35173e-10 6.35429e-10 2.61096e-09 -1.65032e-09 2.0725e-09 -6.41971e-05 -0.00014235 
1295.06 3.80211e-11 3.80258e-11 1.56232e-10 -9.87733e-11 1.24045e-10 -1.57066e-05 -3.48159e-05 
1507.45 1.4163e-12 1.41629e-12 5.81872e-12 -3.6791e-12 4.62031e-12 -3.03143e-06 -6.71887e-06 
1764.16 2.65329e-14 2.65385e-14 1.09016e-13 -6.89316e-14 8.65758e-14 -4.14917e-07 -9.19551e-07 
2100.44 1.45147e-16 1.44836e-16 5.982e-16 -3.76644e-16 4.73293e-16 -3.06884e-08 -6.81895e-08 
