0 0.00400178 0.000444537 -6.98887e-19 -0.00269478 2.01291e-06 0.203567 -0.251445 
0.4716 0.00392575 0.000425063 2.50453e-07 -0.00260995 -7.92627e-05 0.201625 -0.251965 
1.47542 0.00376793 0.000385381 2.41806e-06 -0.00243467 -0.000245909 0.19753 -0.253033 
2.77778 0.0035711 0.000337399 8.42083e-06 -0.00221777 -0.000449529 0.192302 -0.254342 
4.08014 0.00338294 0.000293242 1.78513e-05 -0.00201235 -0.000639359 0.187167 -0.255564 
5.08396 0.00324366 0.000261729 2.73442e-05 -0.0018616 -0.00077655 0.183273 -0.256448 
5.55556 0.0031799 0.000247662 3.24468e-05 -0.001793 -0.000838326 0.181463 -0.256846 
5.55556 0.00336432 0.000270636 2.881e-05 -0.00198911 -0.000584908 0.181463 -0.256846 
6.02716 0.00329742 0.000256444 3.44615e-05 -0.0019169 -0.000650662 0.17965 -0.25724 
7.03098 0.00315882 0.000227779 4.80175e-05 -0.00176822 -0.000784613 0.175834 -0.258043 
8.33333 0.00298648 0.000193624 6.85723e-05 -0.00158517 -0.000946537 0.17097 -0.259014 
9.63569 0.0028223 0.000162761 9.22968e-05 -0.00141284 -0.00109553 0.166204 -0.259907 
10.6395 0.00270114 0.00014113 0.000112628 -0.00128706 -0.00120186 0.162597 -0.260543 
11.1111 0.00264579 0.000131595 0.000122767 -0.00123002 -0.00124933 0.160923 -0.260826 
11.1111 0.00279486 0.000150452 0.000109384 -0.00139334 -0.00105038 0.160923 -0.260826 
11.5827 0.00273645 0.000140632 0.000120025 -0.00133295 -0.00110174 0.159232 -0.261111 
12.5865 0.00261565 0.000121041 0.000144032 -0.00120902 -0.00120552 0.155678 -0.261685 
13.8889 0.00246588 9.81925e-05 0.000177805 -0.00105731 -0.00132924 0.151155 -0.262366 
15.1912 0.00232367 7.81112e-05 0.000214364 -0.000915424 -0.00144112 0.146732 -0.262977 
16.1951 0.00221903 6.44332e-05 0.000244325 -0.000812483 -0.0015196 0.14339 -0.2634 
16.6667 0.00217132 5.85283e-05 0.000258911 -0.000765988 -0.00155421 0.14184 -0.263585 
16.6667 0.00229027 7.22479e-05 0.00023144 -0.000900135 -0.00140719 0.14184 -0.263585 
17.1383 0.00223963 6.59723e-05 0.000246391 -0.000850592 -0.00144559 0.140264 -0.263776 
18.1421 0.0021351 5.37065e-05 0.00027936 -0.000749333 -0.00152232 0.136951 -0.264154 
19.4444 0.00200587 3.99195e-05 0.000324332 -0.000626175 -0.00161203 0.132742 -0.264587 
20.7468 0.00188354 2.84083e-05 0.000371613 -0.000511874 -0.00169113 0.128631 -0.264956 
21.7506 0.00179379 2.10054e-05 0.000409517 -0.000429539 -0.00174518 0.125528 -0.265198 
22.2222 0.00175294 1.79503e-05 0.000427739 -0.000392529 -0.00176856 0.124091 -0.2653 
22.2222 0.00184639 0.000718567 0.00320167 -0.00659425 -9.67234e-05 0.124091 -0.2653 
22.6938 0.00185597 0.000713923 0.00323469 -0.00658993 -9.92181e-05 0.124412 -0.265899 
23.6976 0.00187723 0.000704455 0.0033084 -0.00658348 -0.000102257 0.125123 -0.267168 
25 0.00190672 0.000693076 0.00341113 -0.00658119 -0.000101362 0.126102 -0.268802 
26.3024 0.00193862 0.000682805 0.00352216 -0.00658666 -9.46618e-05 0.127153 -0.270423 
27.3062 0.00196501 0.000675702 0.00361359 -0.00659675 -8.52997e-05 0.128015 -0.271665 
27.7778 0.00197798 0.000672623 0.00365835 -0.0066034 -7.95843e-05 0.128437 -0.272246 
27.7778 0.00208066 1.9846e-05 0.0003941 -0.000475733 -0.0016187 0.128437 -0.272246 
28.2494 0.00203129 1.67796e-05 0.000414755 -0.000432218 -0.00164895 0.126904 -0.272339 
29.2532 0.00192961 1.11826e-05 0.000459859 -0.0003439 -0.00170822 0.123687 -0.272512 
30.5556 0.00180442 5.71309e-06 0.000520537 -0.0002377 -0.00177516 0.119607 -0.272685 
31.8579 0.00168646 2.13481e-06 0.000583445 -0.000140473 -0.00183143 0.115632 -0.272801 
32.8617 0.00160027 5.80111e-07 0.00063332 -7.13309e-05 -0.0018679 0.112638 -0.272852 
33.3333 0.00156114 1.91857e-07 0.000657139 -4.05169e-05 -0.00188305 0.111253 -0.272865 
33.3333 0.00164011 1.98383e-06 0.000592582 -0.0001372 -0.00182259 0.111253 -0.272865 
33.8049 0.00159833 1.1667e-06 0.000616333 -0.000103867 -0.00184157 0.109826 -0.272892 
34.8088 0.00151244 1.53634e-07 0.000667692 -3.66646e-05 -0.0018776 0.106835 -0.272925 
36.1111 0.00140696 2.29773e-07 0.000735819 4.32469e-05 -0.00191585 0.103042 -0.272922 
37.4135 0.0013079 1.76002e-06 0.000805444 0.000115401 -0.00194504 0.0993482 -0.272869 
38.4173 0.00123571 3.85565e-06 0.00086001 0.000166024 -0.00196172 0.0965678 -0.272795 
38.8889 0.00120301 5.09857e-06 0.00088589 0.000188375 -0.00196788 0.0952813 -0.27275 
38.8889 0.00126235 1.68288e-06 0.000800959 0.000113818 -0.00195105 0.0952813 -0.27275 
39.3605 0.00122726 2.55384e-06 0.00082654 0.000138248 -0.0019608 0.0939476 -0.27272 
40.3643 0.00115526 4.96436e-06 0.000881461 0.00018701 -0.00197788 0.0911501 -0.272635 
41.6667 0.00106711 9.14976e-06 0.000953548 0.000244007 -0.00199292 0.0876037 -0.272484 
42.969 0.00098462 1.44302e-05 0.00102641 0.00029435 -0.00200041 0.0841497 -0.272288 
43.9728 0.000924713 1.91824e-05 0.00108298 0.000328889 -0.00200136 0.0815496 -0.272107 
44.4445 0.00089763 2.16056e-05 0.00110966 0.000343895 -0.00200043 0.0803465 -0.272013 
44.4445 0.000940833 1.37558e-05 0.00100578 0.000288224 -0.00202126 0.0803465 -0.272013 
44.9161 0.000911665 1.58813e-05 0.00103195 0.000304853 -0.00202363 0.0790912 -0.271935 
45.9199 0.000851962 2.08249e-05 0.00108781 0.000337467 -0.00202562 0.0764576 -0.27175 
47.2222 0.000779147 2.80298e-05 0.00116046 0.000374412 -0.00202235 0.0731173 -0.271474 
48.5246 0.000711317 3.60441e-05 0.00123318 0.000405676 -0.00201291 0.0698622 -0.271157 
49.5284 0.000662266 4.27191e-05 0.00128918 0.000426145 -0.00200171 0.0674104 -0.270886 
50 0.000640153 4.59926e-05 0.00131545 0.000434727 -0.00199534 0.0662754 -0.270751 
50 0.000670234 3.44974e-05 0.00119513 0.000394998 -0.00204771 0.0662754 -0.270751 
56.0785 0.000408042 8.02215e-05 0.00151937 0.000469987 -0.00195199 0.051712 -0.268845 
70.4138 8.36962e-05 0.000215454 0.00219099 0.000348833 -0.00143908 0.0234203 -0.261615 
93.0504 8.50063e-06 0.000409609 0.00285932 -0.000153285 -0.000423363 -0.00746389 -0.244697 
124.132 0.000144978 0.000539321 0.00304277 -0.000726379 0.000595934 -0.0308241 -0.215819 
163.864 0.000265633 0.000514793 0.00256652 -0.000960606 0.0010713 -0.0417234 -0.176977 
212.52 0.000257254 0.000370952 0.00171677 -0.000802469 0.000960045 -0.0410601 -0.133765 
270.454 0.000168785 0.000207829 0.00091873 -0.000486528 0.000597128 -0.0332587 -0.0927542 
338.115 8.21608e-05 9.24223e-05 0.000397103 -0.000226365 0.000280982 -0.0232045 -0.0588614 
416.071 3.10016e-05 3.30762e-05 0.000139656 -8.31837e-05 0.000103829 -0.0142538 -0.0341266 
505.041 9.27731e-06 9.59902e-06 4.01098e-05 -2.45139e-05 3.06859e-05 -0.00779741 -0.0180379 
605.94 2.22385e-06 2.26173e-06 9.39484e-06 -5.82588e-06 7.3036e-06 -0.00381762 -0.00866032 
719.952 4.2674e-07 4.30063e-07 1.78075e-06 -1.11285e-06 1.39618e-06 -0.00167233 -0.00375419 
848.643 6.48146e-08 6.50258e-08 2.68826e-07 -1.68643e-07 2.11657e-07 -0.000651742 -0.00145552 
994.143 7.60893e-09 7.61826e-09 3.14727e-08 -1.97778e-08 2.48265e-08 -0.000223306 -0.000497538 
1159.48 6.63353e-10 6.6362e-10 2.74076e-09 -1.72354e-09 2.16364e-09 -6.59344e-05 -0.000146766 
1349.2 4.02506e-11 4.02556e-11 1.6624e-10 -1.04565e-10 1.3127e-10 -1.62415e-05 -3.61405e-05 
1570.83 1.52333e-12 1.52331e-12 6.29045e-12 -3.95712e-12 4.9676e-12 -3.15963e-06 -7.03003e-06 
1838.71 2.90901e-14 2.9096e-14 1.20137e-13 -7.55749e-14 9.48846e-14 -4.36629e-07 -9.71416e-07 
2189.61 1.63218e-16 1.62891e-16 6.75796e-16 -4.23566e-16 5.31979e-16 -3.27057e-08 -7.293e-08 
