0 0.00383903 0.000426459 2.4576e-19 -0.00258519 1.07724e-05 0.200574 -0.246985 
0.4716 0.00376939 0.000408597 2.19516e-07 -0.00250742 -6.3667e-05 0.198747 -0.247476 
1.47542 0.00362467 0.000372129 2.12074e-06 -0.00234652 -0.00021655 0.194894 -0.248486 
2.77778 0.00344386 0.000327889 7.39155e-06 -0.00214699 -0.000403864 0.189971 -0.249726 
4.08014 0.00327066 0.000287011 1.56823e-05 -0.00195754 -0.000579069 0.185132 -0.250889 
5.08396 0.00314221 0.000257723 2.40369e-05 -0.00181819 -0.000706088 0.18146 -0.251732 
5.55556 0.00308335 0.000244615 2.85307e-05 -0.00175467 -0.000763405 0.179753 -0.252113 
5.55556 0.00326217 0.000266823 2.53328e-05 -0.00194483 -0.000517528 0.179753 -0.252113 
6.02716 0.00320038 0.000253589 3.03147e-05 -0.00187794 -0.000578565 0.178042 -0.25249 
7.03098 0.00307219 0.000226784 4.22743e-05 -0.00173999 -0.000703183 0.17444 -0.25326 
8.33333 0.0029125 0.00019469 6.04312e-05 -0.00156972 -0.000854385 0.169846 -0.254196 
9.63569 0.00276002 0.000165514 8.14168e-05 -0.00140893 -0.000994149 0.16534 -0.255061 
10.6395 0.00264726 0.00014494 9.94218e-05 -0.00129125 -0.00109433 0.161927 -0.25568 
11.1111 0.00259568 0.000135833 0.000108408 -0.00123778 -0.00113919 0.160342 -0.255956 
11.1111 0.00274192 0.000154386 9.65907e-05 -0.00139801 -0.000943105 0.160342 -0.255956 
11.5827 0.00268749 0.000145012 0.000106032 -0.00134138 -0.000991608 0.158742 -0.256234 
12.5865 0.00257475 0.000126228 0.000127351 -0.00122496 -0.00108991 0.155377 -0.256797 
13.8889 0.00243466 0.00010415 0.000157383 -0.001082 -0.00120773 0.151091 -0.25747 
15.1912 0.00230132 8.45477e-05 0.00018994 -0.000947801 -0.00131499 0.146895 -0.258079 
16.1951 0.00220297 7.10537e-05 0.000216656 -0.000850111 -0.00139072 0.143722 -0.258505 
16.6667 0.00215806 6.51824e-05 0.000229673 -0.000805888 -0.00142428 0.14225 -0.258692 
16.6667 0.00227628 7.91407e-05 0.000205305 -0.000939216 -0.00127593 0.14225 -0.258692 
17.1383 0.00222863 7.2925e-05 0.000218664 -0.000892092 -0.00131304 0.140753 -0.258885 
18.1421 0.00213012 6.06779e-05 0.000248153 -0.000795553 -0.00138754 0.137607 -0.25927 
19.4444 0.00200802 4.67075e-05 0.000288436 -0.000677687 -0.00147534 0.133605 -0.259716 
20.7468 0.00189213 3.47967e-05 0.000330856 -0.000567802 -0.00155358 0.129692 -0.260105 
21.7506 0.00180688 2.69501e-05 0.000364911 -0.000488312 -0.00160763 0.126737 -0.260367 
22.2222 0.00176802 2.36486e-05 0.000381298 -0.000452479 -0.00163121 0.125367 -0.260478 
22.2222 0.00186227 0.00075608 0.00285405 -0.00679322 -4.37404e-06 0.125367 -0.260478 
22.6938 0.00186908 0.000750331 0.00288134 -0.0067797 -1.14558e-05 0.125596 -0.261069 
23.6976 0.00188421 0.000738447 0.00294232 -0.00675297 -2.46316e-05 0.126103 -0.262322 
25 0.00190531 0.0007238 0.00302744 -0.00672299 -3.76759e-05 0.126807 -0.263931 
26.3024 0.00192824 0.000710101 0.00311959 -0.00669902 -4.58511e-05 0.127568 -0.265526 
27.3062 0.00194731 0.00070024 0.00319557 -0.00668516 -4.86275e-05 0.128197 -0.266744 
27.7778 0.00195672 0.000695828 0.0032328 -0.00668015 -4.88253e-05 0.128507 -0.267314 
27.7778 0.0020583 2.48408e-05 0.000348257 -0.000529374 -0.00150244 0.128507 -0.267314 
28.2494 0.00201175 2.15649e-05 0.000366616 -0.000487626 -0.00153237 0.127045 -0.267415 
29.2532 0.00191575 1.54407e-05 0.00040674 -0.000402652 -0.00159145 0.123977 -0.267607 
30.5556 0.00179723 9.13612e-06 0.000460784 -0.000299991 -0.00165911 0.120081 -0.267809 
31.8579 0.00168523 4.57095e-06 0.000516892 -0.000205475 -0.0017171 0.116279 -0.267958 
32.8617 0.00160317 2.16427e-06 0.00056143 -0.000137902 -0.00175554 0.113412 -0.268039 
33.3333 0.00156585 1.35103e-06 0.000582717 -0.00010768 -0.00177178 0.112085 -0.268067 
33.3333 0.00164506 4.4008e-06 0.000525471 -0.000204654 -0.00170495 0.112085 -0.268067 
33.8049 0.00160524 3.18548e-06 0.000546727 -0.000171998 -0.00172478 0.11072 -0.268106 
34.8088 0.00152325 1.27284e-06 0.00059273 -0.00010591 -0.00176298 0.107855 -0.26817 
36.1111 0.00142227 8.74852e-08 0.000653839 -2.68302e-05 -0.00180478 0.104219 -0.26821 
37.4135 0.00132712 2.65199e-07 0.000716389 4.51239e-05 -0.00183827 0.100673 -0.268204 
38.4173 0.00125759 1.26625e-06 0.000765478 9.59829e-05 -0.00185872 0.0979997 -0.268168 
38.8889 0.00122602 1.9815e-06 0.000788781 0.000118552 -0.00186679 0.096762 -0.268142 
38.8889 0.0012865 2.30991e-07 0.000713159 4.25692e-05 -0.0018407 0.096762 -0.268142 
39.3605 0.00125267 5.90955e-07 0.00073623 6.71876e-05 -0.00185213 0.0954813 -0.26813 
40.3643 0.00118312 1.8843e-06 0.000785811 0.000116596 -0.00187305 0.092793 -0.268084 
41.6667 0.00109771 4.56935e-06 0.000850993 0.00017489 -0.00189359 0.0893809 -0.267987 
42.969 0.00101749 8.30431e-06 0.00091699 0.000226993 -0.0019071 0.086053 -0.267848 
43.9728 0.000959041 1.18424e-05 0.000968319 0.000263168 -0.00191301 0.0835447 -0.267713 
44.4445 0.000932559 1.36901e-05 0.000992551 0.00027902 -0.00191449 0.0823831 -0.267642 
44.4445 0.000977443 7.79742e-06 0.000899632 0.000221183 -0.00192397 0.0823831 -0.267642 
44.9161 0.000948963 9.3525e-06 0.000923448 0.000238682 -0.00192856 0.081174 -0.267584 
45.9199 0.000890537 1.30691e-05 0.000974332 0.000273325 -0.00193547 0.0786355 -0.267445 
47.2222 0.000819024 1.86626e-05 0.00104064 0.000313231 -0.00193892 0.0754121 -0.267231 
48.5246 0.000752126 2.5053e-05 0.00110715 0.000347781 -0.00193652 0.0722667 -0.266979 
49.5284 0.000703562 3.04738e-05 0.00115846 0.000370975 -0.00193095 0.0698946 -0.26676 
50 0.000681614 3.31587e-05 0.00118257 0.000380889 -0.00192727 0.0687958 -0.26665 
50 0.000713643 2.38058e-05 0.0010744 0.000338587 -0.00196694 0.0687958 -0.26665 
56.3428 0.000441642 6.38288e-05 0.001387 0.000436146 -0.00190114 0.0541199 -0.264987 
71.3015 9.86008e-05 0.000189857 0.00204374 0.00035542 -0.00144192 0.0255718 -0.258287 
94.9226 4.87307e-06 0.000378368 0.00271343 -0.000111544 -0.000473288 -0.0056849 -0.242091 
127.356 0.000131072 0.000510145 0.00292269 -0.000671723 0.00052781 -0.0294833 -0.214002 
168.815 0.000251243 0.000493742 0.00248694 -0.000914925 0.00101361 -0.0408196 -0.175889 
219.587 0.000247689 0.00035915 0.0016751 -0.000774781 0.000924844 -0.0405298 -0.133251 
280.041 0.000164219 0.000202702 0.000901862 -0.000473946 0.000581054 -0.0330015 -0.0926196 
350.644 8.05675e-05 9.07297e-05 0.000392069 -0.000222097 0.000275499 -0.0231154 -0.058926 
431.991 3.06116e-05 3.26758e-05 0.000138702 -8.21571e-05 0.000102496 -0.0142484 -0.0342591 
524.83 9.22336e-06 9.54503e-06 4.00883e-05 -2.43737e-05 3.04975e-05 -0.00782106 -0.0181637 
630.117 2.22688e-06 2.26496e-06 9.4553e-06 -5.83401e-06 7.31099e-06 -0.003843 -0.0087508 
749.087 4.30696e-07 4.34057e-07 1.80617e-06 -1.12317e-06 1.40862e-06 -0.00169008 -0.00380812 
883.374 6.59917e-08 6.62068e-08 2.75055e-07 -1.71706e-07 2.15424e-07 -0.000661555 -0.00148289 
1035.2 7.82405e-09 7.83362e-09 3.25214e-08 -2.03369e-08 2.55193e-08 -0.000227791 -0.000509401 
1207.73 6.89806e-10 6.90081e-10 2.86403e-09 -1.79226e-09 2.24912e-09 -6.76371e-05 -0.000151111 
1405.7 4.23984e-11 4.24035e-11 1.7597e-10 -1.10145e-10 1.38226e-10 -1.67686e-05 -3.7451e-05 
1636.97 1.62895e-12 1.62893e-12 6.75961e-12 -4.23149e-12 5.31017e-12 -3.28681e-06 -7.33997e-06 
1916.5 3.16782e-14 3.16843e-14 1.31469e-13 -8.22982e-14 1.0329e-13 -4.58355e-07 -1.02353e-06 
2282.65 1.82063e-16 1.81723e-16 7.57181e-16 -4.72503e-16 5.93148e-16 -3.47482e-08 -7.7748e-08 
