0 0.003681 0.000408904 -2.80587e-19 -0.00247878 1.54957e-05 -0.197752 0.242924 
0.4716 0.0036172 0.000392519 1.92348e-07 -0.00240747 -5.26954e-05 -0.196031 0.243388 
1.47542 0.00348447 0.000359005 1.85939e-06 -0.00225976 -0.000192967 -0.192401 0.244343 
2.77778 0.00331837 0.000318222 6.4857e-06 -0.00207621 -0.000365274 -0.187759 0.24552 
4.08014 0.00315895 0.000280396 1.3771e-05 -0.00190152 -0.000526946 -0.183194 0.246626 
5.08396 0.00304051 0.000253196 2.11198e-05 -0.00177274 -0.0006445 -0.179727 0.24743 
5.55556 0.00298618 0.000240992 2.50752e-05 -0.00171397 -0.000697652 -0.178113 0.247795 
5.55556 0.00315936 0.000262433 2.22647e-05 -0.00189813 -0.000459394 -0.178113 0.247795 
6.02716 0.0031023 0.000250105 2.66534e-05 -0.0018362 -0.00051602 -0.176498 0.248155 
7.03098 0.00298379 0.000225067 3.71974e-05 -0.00170827 -0.000631874 -0.173094 0.248893 
8.33333 0.00283588 0.000194957 5.32238e-05 -0.00154999 -0.000772931 -0.168749 0.249794 
9.63569 0.00269434 0.000167433 7.17708e-05 -0.00140011 -0.000903869 -0.164484 0.25063 
10.6395 0.00258947 0.000147918 8.77014e-05 -0.00129013 -0.00099811 -0.161251 0.251232 
11.1111 0.00254143 0.000139246 9.56581e-05 -0.00124007 -0.00104043 -0.159748 0.251502 
11.1111 0.00268462 0.000157443 8.52303e-05 -0.00139695 -0.000847659 -0.159748 0.251502 
11.5827 0.00263393 0.000148522 9.3598e-05 -0.00134392 -0.000893381 -0.158233 0.251773 
12.5865 0.0025288 0.000130574 0.000112509 -0.0012347 -0.000986316 -0.155043 0.252323 
13.8889 0.0023979 0.000109334 0.000139183 -0.0011002 -0.00109824 -0.150977 0.252985 
15.1912 0.002273 9.0309e-05 0.000168138 -0.000973516 -0.00120074 -0.146992 0.253589 
16.1951 0.00218069 7.70923e-05 0.000191928 -0.000881008 -0.00127355 -0.143976 0.254015 
16.6667 0.00213847 7.13035e-05 0.000203528 -0.000839045 -0.00130594 -0.142576 0.254204 
16.6667 0.00225562 8.53912e-05 0.000181934 -0.000971163 -0.00115702 -0.142576 0.254204 
17.1383 0.00221085 7.92828e-05 0.000193854 -0.000926448 -0.00119275 -0.141154 0.254397 
18.1421 0.00211813 6.71655e-05 0.000220187 -0.000834645 -0.00126474 -0.138162 0.254786 
19.4444 0.00200296 5.31745e-05 0.000256209 -0.000722172 -0.00135022 -0.134354 0.255242 
20.7468 0.00189337 4.10453e-05 0.000294198 -0.000616881 -0.00142708 -0.130626 0.255645 
21.7506 0.00181256 3.29058e-05 0.000324737 -0.000540424 -0.00148068 -0.127808 0.255921 
22.2222 0.00177567 2.94315e-05 0.000339444 -0.00050587 -0.00150423 -0.126501 0.25604 
22.2222 0.00187032 0.000788408 0.00254077 -0.00695191 7.92419e-05 -0.126501 0.25604 
22.6938 0.00187466 0.000781692 0.00256326 -0.00693027 6.83068e-05 -0.126648 0.256622 
23.6976 0.00188439 0.000767699 0.00261359 -0.00688575 4.66236e-05 -0.126976 0.257854 
25 0.00189811 0.000750209 0.00268399 -0.00683159 2.18975e-05 -0.127437 0.259435 
26.3024 0.00191323 0.000733538 0.00276033 -0.00678212 1.27518e-06 -0.127944 0.260998 
27.3062 0.00192596 0.000721295 0.00282336 -0.00674761 -1.16444e-05 -0.128369 0.262191 
27.7778 0.00193229 0.000715735 0.00285427 -0.00673259 -1.67792e-05 -0.128579 0.262749 
27.7778 0.00203259 2.98644e-05 0.00030748 -0.000576804 -0.0013932 -0.128579 0.262749 
28.2494 0.00198877 2.64413e-05 0.000323785 -0.000536858 -0.00142261 -0.127186 0.262856 
29.2532 0.00189824 1.99281e-05 0.000359447 -0.000455338 -0.00148106 -0.124257 0.263063 
30.5556 0.0017862 1.29767e-05 0.000407539 -0.000356429 -0.00154877 -0.120534 0.263289 
31.8579 0.00168002 7.62068e-06 0.000457535 -0.000264899 -0.00160774 -0.116897 0.263467 
32.8617 0.00160203 4.51674e-06 0.000497267 -0.000199147 -0.00164751 -0.114152 0.263572 
33.3333 0.00156651 3.35192e-06 0.000516271 -0.000169644 -0.00166454 -0.112879 0.263612 
33.3333 0.00164575 7.4683e-06 0.000465554 -0.00026666 -0.00159231 -0.112879 0.263612 
33.8049 0.00160788 5.9274e-06 0.000484555 -0.000234814 -0.00161269 -0.111573 0.263663 
34.8088 0.00152976 3.27118e-06 0.000525715 -0.000170149 -0.00165243 -0.108828 0.263753 
36.1111 0.0014333 1.02825e-06 0.000580464 -9.23382e-05 -0.00169689 -0.105341 0.26383 
37.4135 0.00134213 5.71093e-08 0.000636588 -2.10579e-05 -0.00173375 -0.101936 0.263864 
38.4173 0.00127531 1.19178e-07 0.000680692 2.96531e-05 -0.00175723 -0.0993662 0.263861 
38.8889 0.00124492 3.79151e-07 0.000701646 5.22567e-05 -0.00176685 -0.0981753 0.263852 
38.8889 0.00130633 7.78192e-08 0.000634378 -2.4898e-05 -0.00173261 -0.0981753 0.263852 
39.3605 0.00127381 1.07125e-11 0.000655155 -2.88464e-07 -0.00174538 -0.0969453 0.263855 
40.3643 0.00120682 3.30743e-07 0.000699851 4.93355e-05 -0.0017694 -0.0943617 0.263843 
41.6667 0.0011243 1.71234e-06 0.000758698 0.00010835 -0.00179447 -0.0910787 0.263793 
42.969 0.00104654 4.09326e-06 0.000818384 0.000161624 -0.00181302 -0.0878726 0.263704 
43.9728 0.000989704 6.56026e-06 0.000864875 0.000198979 -0.00182312 -0.0854531 0.263609 
44.4445 0.000963902 7.89802e-06 0.000886844 0.000215461 -0.00182666 -0.0843318 0.263558 
44.4445 0.00101029 3.7373e-06 0.000803821 0.00015568 -0.00182593 -0.0843318 0.263558 
44.9161 0.000982585 4.79009e-06 0.000825451 0.000173815 -0.00183239 -0.0831673 0.263519 
45.9199 0.000925621 7.42158e-06 0.000871716 0.000209988 -0.00184347 -0.0807206 0.26342 
47.2222 0.000855667 1.15811e-05 0.000932114 0.000252207 -0.00185268 -0.0776104 0.263261 
48.5246 0.000789975 1.65165e-05 0.000992815 0.000289398 -0.00185638 -0.0745717 0.263066 
49.5284 0.000742117 2.08071e-05 0.00103973 0.000314827 -0.0018557 -0.0722776 0.262893 
50 0.000720438 2.29596e-05 0.00106179 0.000325845 -0.00185438 -0.0712141 0.262805 
50 0.000754292 1.55277e-05 0.000964676 0.000281133 -0.00188246 -0.0712141 0.262805 
56.6186 0.000473577 5.00248e-05 0.00126534 0.000399831 -0.00184503 -0.0564276 0.261372 
72.2279 0.000113537 0.000166929 0.00190595 0.00035762 -0.00143761 -0.027629 0.255173 
96.8762 2.36725e-06 0.000349407 0.00257434 -7.47096e-05 -0.00051596 0.0039895 0.23966 
130.72 0.000118365 0.000482452 0.0028061 -0.000620765 0.000464961 0.0282103 0.212315 
173.982 0.000237558 0.000473358 0.00240821 -0.000871099 0.000958561 0.0399651 0.174887 
226.962 0.000238343 0.000347491 0.00163296 -0.000747586 0.0008904 0.0400311 0.132787 
290.045 0.000159639 0.000197519 0.00088429 -0.000461277 0.000564921 0.0327616 0.0925089 
363.719 7.89136e-05 8.89627e-05 0.000386559 -0.000217655 0.000269812 0.0230342 0.0589991 
448.603 3.01829e-05 3.22332e-05 0.000137526 -8.10252e-05 0.000101036 0.0142455 0.0343927 
545.479 9.15368e-06 9.4747e-06 3.99887e-05 -2.41918e-05 3.02578e-05 0.00784502 0.0182881 
655.345 2.22528e-06 2.26347e-06 9.49453e-06 -5.82999e-06 7.30329e-06 0.00386802 0.00883967 
779.489 4.33626e-07 4.37016e-07 1.82713e-06 -1.13082e-06 1.41772e-06 0.00170747 0.00386101 
919.616 6.69982e-08 6.72165e-08 2.80572e-07 -1.74324e-07 2.18635e-07 0.000671163 0.00150974 
1078.05 8.01851e-09 8.0283e-09 3.3487e-08 -2.08424e-08 2.61447e-08 0.00023219 0.000521072 
1258.07 7.14551e-10 7.14835e-10 2.98077e-09 -1.85655e-09 2.32902e-09 6.93127e-05 0.000155401 
1464.66 4.44617e-11 4.44671e-11 1.85404e-10 -1.15505e-10 1.44904e-10 1.72898e-05 3.87516e-05 
1705.98 1.7329e-12 1.73289e-12 7.2249e-12 -4.50153e-12 5.64715e-12 3.41337e-06 7.64953e-06 
1997.67 3.4289e-14 3.42952e-14 1.42978e-13 -8.90804e-14 1.11764e-13 4.80146e-07 1.07599e-06 
2379.75 2.01635e-16 2.01281e-16 8.42172e-16 -5.23326e-16 6.56641e-16 3.68196e-08 8.26514e-08 
