0 2.62764e-28 1.34744e-26 7.52341e-28 -3.80173e-27 1.57037e-26 -3.36391e-15 3.29199e-15 
0.4716 4.55403e-28 3.88165e-27 3.0591e-29 -2.68627e-27 4.77634e-27 4.42853e-15 1.9542e-15 
1.47542 1.00482e-27 3.32706e-27 7.7076e-28 -3.69419e-27 5.18597e-27 -6.57819e-15 7.0553e-16 
2.77778 1.05058e-27 2.27293e-27 1.52639e-28 -3.12213e-27 3.40557e-27 6.72629e-15 9.32031e-15 
4.08014 5.541e-26 7.16121e-27 6.54099e-26 -4.02468e-26 1.04066e-25 4.8849e-14 -1.33264e-14 
5.08396 7.64832e-24 4.42195e-24 1.27014e-23 -1.17499e-23 2.03357e-23 5.73911e-13 -3.08426e-13 
5.55556 5.30143e-23 2.92451e-23 8.16968e-23 -7.95548e-23 1.34447e-22 1.51098e-12 -9.76675e-13 
5.55556 5.60888e-23 1.53534e-20 8.27216e-22 -1.93445e-21 1.77772e-20 1.51098e-12 -9.76675e-13 
6.02716 5.65726e-22 4.17073e-21 1.01894e-22 -3.20203e-21 5.30043e-21 -4.79869e-12 2.26496e-13 
7.03098 7.75613e-22 3.35997e-21 2.50777e-22 -3.36517e-21 4.69382e-21 5.61879e-12 1.30209e-12 
8.33333 5.01828e-21 8.22425e-21 5.12714e-21 -1.33919e-20 1.7531e-20 -1.42921e-11 1.31952e-12 
9.63569 2.11462e-19 1.09172e-19 4.02295e-19 -3.16729e-19 5.74235e-19 -9.27761e-11 8.0852e-11 
10.6395 1.31015e-17 9.66956e-18 2.54325e-17 -2.34628e-17 3.93636e-17 -7.30264e-10 5.79458e-10 
11.1111 7.74113e-17 5.25184e-17 1.38123e-16 -1.32915e-16 2.18934e-16 -1.7751e-09 1.48227e-09 
11.1111 8.17729e-17 8.66573e-15 5.90681e-17 -1.80878e-15 9.87301e-15 -1.7751e-09 1.48227e-09 
11.5827 1.29229e-16 1.56567e-15 5.3544e-17 -9.66514e-16 1.91764e-15 2.2315e-09 1.93257e-09 
12.5865 2.20587e-15 4.61018e-15 3.88816e-15 -6.85215e-15 9.87588e-15 -9.21951e-09 5.07472e-09 
13.8889 1.88913e-14 1.95431e-14 5.94105e-14 -4.12863e-14 7.1945e-14 -2.69804e-08 5.13894e-08 
15.1912 6.75298e-13 1.11021e-12 2.21193e-12 -1.86049e-12 3.13494e-12 -1.61312e-07 2.83015e-07 
16.1951 1.84591e-12 6.92805e-12 1.14172e-11 -7.68402e-12 1.43114e-11 -2.667e-07 9.69853e-07 
16.6667 3.07669e-16 1.042e-11 1.35513e-11 -1.21662e-13 1.39323e-11 -3.44318e-09 1.49536e-06 
16.6667 3.24524e-16 6.2992e-08 3.9034e-08 1.0005e-11 9.68367e-08 -3.44318e-09 1.49536e-06 
17.1383 5.83573e-09 2.92039e-08 3.27573e-10 -2.88882e-08 3.8979e-08 -1.4601e-05 9.72367e-06 
18.1421 3.94219e-09 4.34911e-11 3.97708e-08 9.16265e-10 2.7665e-08 -1.20007e-05 2.86192e-05 
19.4444 1.02919e-06 1.30819e-06 2.27321e-06 -2.56764e-06 3.85553e-06 -0.000193903 0.000236906 
20.7468 3.98498e-05 4.54832e-05 0.000107935 -9.42086e-05 0.000154336 -0.00120656 0.0016996 
21.7506 0.000683472 0.000882098 0.00190065 -0.00171819 0.00277672 -0.00499685 0.00746203 
22.2222 0.00232924 0.00309641 0.00675107 -0.00594276 0.00967144 -0.00922451 0.01464 
22.2222 0.00245341 0.00638525 0.050219 -0.0226592 0.0254433 -0.00922451 0.01464 
22.458 0.0301943 0.0372886 0.0362308 -0.192097 0.0833727 -0.0323609 0.0265013 
22.9599 0.0845413 0.0891864 0.0546469 -0.497112 0.19109 -0.0541493 0.072817 
23.6111 0.0761023 0.0773484 0.142026 -0.439233 0.152995 -0.0513757 0.142286 
24.2623 0.028295 0.0285572 0.251914 -0.162736 0.0304076 -0.0313266 0.195488 
24.7642 0.00287895 0.00288056 0.303436 -0.0164864 -0.0330114 -0.00999254 0.215689 
25 1.157e-05 9.1109e-06 0.310113 -5.87783e-05 -0.0398097 0.000633468 0.217813 
25 1.157e-05 1.44249e-05 0.310127 -7.39592e-05 -0.0397992 0.000633468 0.217813 
25.2358 0.00364458 0.00364693 0.301855 -0.0208717 -0.0311309 0.011243 0.215118 
25.7377 0.0303391 0.0306161 0.247613 -0.17448 0.0354565 0.0324385 0.193766 
26.3889 0.0782349 0.0795211 0.136729 -0.451556 0.158371 0.0520905 0.139392 
27.0401 0.084677 0.0894095 0.0510448 -0.498132 0.191756 0.0541928 0.0693966 
27.542 0.0287262 0.0357848 0.0340636 -0.183552 0.0799003 0.0315644 0.0233702 
27.7778 0.00177716 0.00533942 0.0486599 -0.0176352 0.0232585 0.00785095 0.0119574 
27.7778 0.00186941 0.00242309 0.00524723 -0.00498269 0.00777031 0.00785095 0.0119574 
28.2494 0.000520195 0.000664257 0.00141924 -0.00137619 0.00213587 0.00414145 0.00597432 
29.2532 2.7408e-05 3.09649e-05 7.35785e-05 -6.82023e-05 0.000107592 0.000950622 0.00131305 
30.5556 6.79863e-07 8.949e-07 1.44881e-06 -1.8261e-06 2.60204e-06 0.00014972 0.000174262 
31.8579 8.70505e-10 1.8826e-09 2.06153e-08 2.99702e-09 1.54396e-08 5.35741e-06 2.04735e-05 
32.8617 5.1836e-09 2.91328e-08 2.06798e-10 -2.87695e-08 3.8732e-08 1.30733e-05 7.17108e-06 
33.3333 2.27822e-11 7.27177e-08 3.18652e-08 -3.01331e-09 1.04246e-07 -8.66697e-07 4.10201e-07 
33.3333 2.39347e-11 1.58578e-12 1.24927e-11 -1.48184e-11 3.49e-11 -8.66697e-07 4.10201e-07 
33.8049 7.00845e-13 2.7047e-13 4.18879e-18 1.04721e-12 4.66478e-13 -1.48308e-07 4.4469e-07 
34.8088 1.81408e-13 4.78326e-13 7.43364e-13 -7.08523e-13 1.15573e-12 7.54538e-08 1.6333e-07 
36.1111 4.04432e-15 2.68104e-15 1.98217e-14 -7.92024e-15 1.70198e-14 1.12662e-08 3.43368e-08 
37.4135 2.75907e-15 7.83478e-15 3.29162e-15 -1.1183e-14 1.4091e-14 9.30539e-09 2.02031e-09 
38.4173 6.11632e-16 5.32887e-15 2.49e-16 -4.34237e-15 6.93252e-15 -4.38125e-09 1.02016e-09 
38.8889 1.1483e-16 2.3675e-14 4.87417e-17 -3.96585e-15 2.73573e-14 1.89837e-09 1.29246e-09 
38.8889 1.20494e-16 7.17427e-17 1.96262e-16 -2.29596e-16 3.37138e-16 1.89837e-09 1.29246e-09 
39.3605 1.69712e-17 1.08796e-17 3.04517e-17 -3.35549e-17 5.04258e-17 7.12449e-10 4.19935e-10 
40.3643 1.24389e-19 2.33708e-20 1.82067e-19 -1.33144e-19 2.78212e-19 6.09942e-11 3.03008e-11 
41.6667 3.46955e-21 7.94114e-21 1.64697e-21 -1.2962e-20 1.37815e-20 1.01867e-11 -7.84719e-12 
42.969 2.12285e-21 8.36477e-21 1.16318e-21 -1.04059e-20 1.26921e-20 -7.96816e-12 9.31939e-13 
43.9728 1.16869e-21 9.05808e-21 2.941e-22 -8.03456e-21 1.18986e-20 5.91219e-12 3.40324e-14 
44.4445 1.22676e-22 3.52012e-20 1.08892e-21 -5.1316e-21 4.14896e-20 -1.91548e-12 -1.15727e-12 
44.4445 1.28581e-22 7.01126e-23 1.98157e-22 -2.40556e-22 3.4819e-22 -1.91548e-12 -1.15727e-12 
44.9161 1.67216e-23 9.59581e-24 2.83293e-23 -3.2093e-23 4.77417e-23 -6.90763e-13 -3.29932e-13 
45.9199 7.35156e-26 1.57556e-27 7.7492e-26 -2.7267e-26 1.32638e-25 -4.58016e-14 -5.4607e-15 
47.2222 2.30901e-27 6.40002e-27 3.68703e-28 -9.73944e-27 9.70728e-27 -8.11714e-15 1.2221e-14 
48.5246 2.76283e-27 1.05455e-26 1.72064e-27 -1.36754e-26 1.63462e-26 8.87907e-15 -7.50234e-16 
49.5284 1.37972e-27 1.10292e-26 3.92464e-28 -9.88319e-27 1.45327e-26 -6.27459e-15 1.37404e-16 
50 1.95394e-28 4.22564e-26 1.18181e-27 -7.28002e-27 4.99854e-26 2.36127e-15 1.47327e-15 
50 2.04576e-28 5.39375e-29 5.94791e-30 -2.72873e-28 2.82029e-28 2.36127e-15 1.47327e-15 
50.1021 1.65675e-28 9.57188e-29 2.71822e-28 -3.27126e-28 4.6956e-28 2.12495e-15 1.17402e-15 
50.3429 5.13235e-29 2.50477e-29 6.52453e-29 -9.31387e-29 1.2752e-28 1.18271e-15 6.10103e-16 
50.7231 1.7966e-29 8.05451e-30 1.74893e-29 -3.12488e-29 4.0508e-29 6.99753e-16 1.74154e-16 
51.2451 4.62887e-32 3.54883e-33 2.01953e-30 -3.32942e-32 1.40303e-30 -3.55187e-17 -5.39917e-17 
51.9125 3.65342e-31 1.09899e-32 6.65655e-31 1.64602e-31 8.54015e-31 9.97858e-17 2.62097e-17 
52.7297 9.05883e-32 4.83719e-35 1.35106e-30 5.43777e-33 1.00608e-30 -4.96884e-17 8.34127e-18 
53.7028 9.07956e-31 1.27939e-31 4.1404e-31 8.85364e-31 1.4068e-30 -1.57308e-16 -3.77089e-17 
54.8392 5.42941e-32 2.06347e-31 1.85801e-32 -2.74956e-31 3.04804e-31 -3.84676e-17 -4.76825e-17 
56.1486 4.25612e-32 3.37477e-32 3.2531e-32 9.84504e-32 8.92249e-32 -3.40585e-17 7.81094e-17 
57.643 1.537e-32 4.90355e-33 2.32349e-32 2.25517e-32 3.16785e-32 2.04671e-17 -4.61568e-17 
59.3377 1.35735e-34 1.40184e-33 1.32505e-31 -1.13314e-33 6.7864e-32 -1.92338e-18 8.81429e-17 
61.2526 1.22703e-35 1.94719e-32 1.85317e-32 1.26976e-33 2.9723e-32 -5.78292e-19 -4.27856e-17 
63.4141 8.21562e-33 8.67148e-33 3.09848e-33 -2.19258e-32 1.94636e-32 -1.49637e-17 2.33715e-17 
65.858 6.78267e-33 8.16657e-33 2.92554e-32 -1.93334e-32 3.10618e-32 1.35963e-17 -4.29589e-17 
68.635 4.96729e-33 8.58968e-33 3.90992e-33 -1.69682e-32 1.72077e-32 -1.16353e-17 1.6466e-17 
71.8216 2.62773e-33 4.59741e-33 7.13313e-33 -9.02891e-33 1.1829e-32 8.46272e-18 -1.98438e-17 
75.5441 2.45675e-33 4.08517e-33 7.86662e-33 -8.2295e-33 1.15286e-32 -8.18276e-18 1.99438e-17 
80.0434 1.87537e-33 2.91231e-33 2.1303e-33 -6.07086e-33 6.56965e-33 7.14928e-18 -9.80698e-18 
85.9372 1.09292e-34 1.40007e-33 1.13787e-33 -1.01615e-33 2.36643e-33 -1.72589e-18 7.04127e-18 
