0 0.00352758 0.000391861 3.78368e-19 -0.00237546 1.68288e-05 0.195086 -0.239223 
0.4716 0.00346912 0.00037683 1.68487e-07 -0.00231008 -4.56461e-05 0.193463 -0.239661 
1.47542 0.00334738 0.000346032 1.62966e-06 -0.00217447 -0.000174352 0.190038 -0.240565 
2.77778 0.00319479 0.000308444 5.68853e-06 -0.00200564 -0.000332841 0.185656 -0.241681 
4.08014 0.00304807 0.000273458 1.20872e-05 -0.0018446 -0.000481986 0.181343 -0.242734 
5.08396 0.00293889 0.000248215 1.85477e-05 -0.00172564 -0.000590734 0.178066 -0.243502 
5.55556 0.00288875 0.000236861 2.20271e-05 -0.00167127 -0.000639996 0.17654 -0.24385 
5.55556 0.00305628 0.00025754 1.95582e-05 -0.00184942 -0.000409405 0.17654 -0.24385 
6.02716 0.0030036 0.000246065 2.34219e-05 -0.0017921 -0.000461909 0.175012 -0.244194 
7.03098 0.00289408 0.000222705 3.27113e-05 -0.00167354 -0.00056954 0.171791 -0.244902 
8.33333 0.00275713 0.000194497 4.68464e-05 -0.00152652 -0.00070101 0.167678 -0.245768 
9.63569 0.00262583 0.00016858 6.32242e-05 -0.00138692 -0.000823531 0.163636 -0.246576 
10.6395 0.00252836 0.000150113 7.73062e-05 -0.00128424 -0.000912047 0.16057 -0.24716 
11.1111 0.00248366 0.000141879 8.43444e-05 -0.00123743 -0.000951896 0.159145 -0.247422 
11.1111 0.0026236 0.000159676 7.51499e-05 -0.00139074 -0.000762842 0.159145 -0.247422 
11.5827 0.00257642 0.000151209 8.25588e-05 -0.00134114 -0.000805872 0.157707 -0.247686 
12.5865 0.00247846 0.000134114 9.93158e-05 -0.00123882 -0.000893563 0.15468 -0.248223 
13.8889 0.00235627 0.00011376 0.000122979 -0.00111246 -0.000999637 0.150819 -0.248872 
15.1912 0.00223941 9.53848e-05 0.000148699 -0.000993079 -0.00109731 0.147032 -0.249469 
16.1951 0.00215286 8.25186e-05 0.000169855 -0.000905653 -0.00116707 0.144162 -0.249893 
16.6667 0.00211323 7.68514e-05 0.000180178 -0.00086592 -0.00119822 0.142829 -0.250081 
16.6667 0.002229 9.09747e-05 0.000161061 -0.000996478 -0.00104942 0.142829 -0.250081 
17.1383 0.00218698 8.50112e-05 0.000171681 -0.00095414 -0.00108368 0.141477 -0.250274 
18.1421 0.00209984 7.31128e-05 0.000195161 -0.000867046 -0.00115299 0.13863 -0.250664 
19.4444 0.00199138 5.92339e-05 0.000227321 -0.000760001 -0.0012358 0.135002 -0.251125 
20.7468 0.00188791 4.70361e-05 0.000261285 -0.000659415 -0.00131087 0.131448 -0.251539 
21.7506 0.00181145 3.87294e-05 0.000288621 -0.00058612 -0.00136364 0.128759 -0.251826 
22.2222 0.00177649 3.51442e-05 0.000301795 -0.000552918 -0.00138696 0.12751 -0.251951 
22.2222 0.0018712 0.000815697 0.00225896 -0.00707285 0.000154477 0.12751 -0.251951 
22.6938 0.00187337 0.000808154 0.00227745 -0.00704417 0.000140353 0.127584 -0.252522 
23.6976 0.00187837 0.000792361 0.00231889 -0.00698429 0.000111631 0.127754 -0.25373 
25 0.00188567 0.000772449 0.00237697 -0.00690936 7.72456e-05 0.128002 -0.255279 
26.3024 0.00189403 0.000753256 0.00244009 -0.0068381 4.63373e-05 0.128286 -0.256809 
27.3062 0.0019013 0.000738994 0.00249229 -0.00678604 2.50398e-05 0.128532 -0.257975 
27.7778 0.00190499 0.000732463 0.00251791 -0.00676253 1.58286e-05 0.128656 -0.258519 
27.7778 0.00200387 3.48184e-05 0.000271245 -0.000618394 -0.00129071 0.128656 -0.258519 
28.2494 0.00196266 3.1301e-05 0.000285714 -0.000580267 -0.00131945 0.127326 -0.258631 
29.2532 0.0018774 2.45169e-05 0.000317383 -0.000502269 -0.00137689 0.12453 -0.258851 
30.5556 0.00177163 1.70813e-05 0.000360141 -0.000407262 -0.00144409 0.120971 -0.259096 
31.8579 0.00167114 1.11053e-05 0.000404648 -0.000318931 -0.0015034 0.11749 -0.259298 
32.8617 0.00159714 7.43987e-06 0.000440059 -0.000255199 -0.00154397 0.114859 -0.259424 
33.3333 0.00156338 5.98819e-06 0.000457008 -0.00022652 -0.00156153 0.113639 -0.259474 
33.3333 0.00164246 1.10027e-05 0.000412112 -0.000323341 -0.00148477 0.113639 -0.259474 
33.8049 0.00160651 9.19996e-06 0.00042908 -0.000292414 -0.00150545 0.112388 -0.259535 
34.8088 0.00153222 5.93783e-06 0.000465867 -0.000229424 -0.00154616 0.109759 -0.259646 
36.1111 0.00144026 2.81853e-06 0.000514861 -0.000153248 -0.00159253 0.106414 -0.259754 
37.4135 0.00135309 8.80955e-07 0.000565159 -8.30432e-05 -0.00163194 0.103144 -0.259823 
38.4173 0.00128904 1.4435e-07 0.000604735 -3.281e-05 -0.00165781 0.100673 -0.25985 
38.8889 0.00125986 1.46463e-08 0.000623553 -1.03321e-05 -0.00166866 0.0995271 -0.259855 
38.8889 0.00132201 9.69632e-07 0.000563772 -8.84126e-05 -0.00162729 0.0995271 -0.259855 
39.3605 0.00129081 5.20072e-07 0.000582458 -6.39818e-05 -0.00164109 0.0983457 -0.25987 
40.3643 0.00122645 2.81721e-08 0.000622691 -1.45154e-05 -0.00166757 0.0958625 -0.259888 
41.6667 0.00114695 2.859e-07 0.000675742 4.4717e-05 -0.0016963 0.0927036 -0.259879 
42.969 0.0010718 1.48878e-06 0.000729637 9.86428e-05 -0.001719 0.089615 -0.259833 
43.9728 0.00101671 3.01713e-06 0.000771677 0.000136769 -0.0017326 0.0872816 -0.259775 
44.4445 0.000991654 3.90607e-06 0.000791562 0.000153689 -0.00173787 0.0861994 -0.25974 
44.4445 0.00103938 1.2738e-06 0.000717459 9.21869e-05 -0.001728 0.0861994 -0.25974 
44.9161 0.00101251 1.88723e-06 0.000737068 0.00011075 -0.00173602 0.0850778 -0.259717 
45.9199 0.000957163 3.56544e-06 0.000779057 0.000148006 -0.0017506 0.0827198 -0.259654 
47.2222 0.000888986 6.45706e-06 0.000833966 0.000191953 -0.00176468 0.0797194 -0.259543 
48.5246 0.000824734 1.00973e-05 0.000889254 0.000231201 -0.0017736 0.0767845 -0.259399 
49.5284 0.000777773 1.3376e-05 0.000932058 0.000258416 -0.00177715 0.0745664 -0.259267 
50 0.000756455 1.505e-05 0.00095221 0.000270328 -0.00177787 0.0735374 -0.259198 
50 0.000792001 9.33663e-06 0.000865116 0.000223381 -0.00179541 0.0735374 -0.259198 
56.9065 0.000503653 3.85067e-05 0.00115366 0.000361761 -0.00178477 0.0586423 -0.257983 
73.1945 0.000128307 0.000146426 0.00177711 0.000356059 -0.00142707 0.0295985 -0.25226 
98.9147 8.23736e-07 0.000322573 0.00244186 -4.23445e-05 -0.000552023 -0.00237159 -0.237393 
134.23 0.000106769 0.000456177 0.00269308 -0.000573294 0.000407066 -0.0270003 -0.210751 
179.374 0.000224553 0.000453638 0.00233051 -0.000829092 0.000906086 -0.0391566 -0.173968 
234.658 0.000229228 0.000335999 0.00159053 -0.000720926 0.000856753 -0.0395621 -0.132371 
300.484 0.00015506 0.000192302 0.000866139 -0.00044857 0.000548787 -0.0325383 -0.0924225 
377.362 7.72107e-05 8.71338e-05 0.000380636 -0.000213069 0.00026396 -0.0229606 -0.0590817 
465.937 2.97204e-05 3.17537e-05 0.000136152 -7.98018e-05 9.94639e-05 -0.0142453 -0.0345283 
567.027 9.06993e-06 9.38973e-06 3.98183e-05 -2.39727e-05 2.99721e-05 -0.0078695 -0.0184118 
681.67 2.21945e-06 2.25768e-06 9.51421e-06 -5.81491e-06 7.28184e-06 -0.00389286 -0.00892744 
811.213 4.35604e-07 4.39017e-07 1.84392e-06 -1.13599e-06 1.42373e-06 -0.00172461 -0.00391312 
957.434 6.78441e-08 6.80652e-08 2.85411e-07 -1.76525e-07 2.21324e-07 -0.000680615 -0.00153622 
1122.75 8.19319e-09 8.20317e-09 3.43723e-08 -2.12964e-08 2.67056e-08 -0.000236522 -0.0005326 
1310.61 7.37622e-10 7.37914e-10 3.09102e-09 -1.9165e-09 2.40344e-09 -7.0968e-05 -0.000159654 
1526.18 4.64393e-11 4.64449e-11 1.94533e-10 -1.20642e-10 1.51301e-10 -1.78069e-05 -4.00463e-05 
1778 1.83498e-12 1.83497e-12 7.68531e-12 -4.7667e-12 5.97788e-12 -3.53965e-06 -7.95952e-06 
2082.37 3.69157e-14 3.69221e-14 1.54634e-13 -9.5904e-14 1.20287e-13 -5.02054e-07 -1.12893e-06 
2481.06 2.2189e-16 2.21526e-16 9.30613e-16 -5.7593e-16 7.22322e-16 -3.89237e-08 -8.76494e-08 
