0 0.0033787 0.000375323 6.13846e-20 -0.00227521 1.53532e-05 -0.192561 0.235846 
0.4716 0.00332513 0.000361534 1.47533e-07 -0.00221525 -4.18886e-05 -0.191028 0.23626 
1.47542 0.00321348 0.000333233 1.42775e-06 -0.00209077 -0.000159982 -0.187793 0.237116 
2.77778 0.0030733 0.000298599 4.98716e-06 -0.00193549 -0.000305742 -0.183652 0.238175 
4.08014 0.0029383 0.000266255 1.06041e-05 -0.00178706 -0.00044329 -0.179573 0.239177 
5.08396 0.00283767 0.000242843 1.62804e-05 -0.00167721 -0.000543847 -0.176471 0.239909 
5.55556 0.00279141 0.00023229 1.93392e-05 -0.00162694 -0.000589479 -0.175027 0.240242 
5.55556 0.00295329 0.000252211 1.71716e-05 -0.00179909 -0.000366569 -0.175027 0.240242 
6.02716 0.00290468 0.000241541 2.05709e-05 -0.00174607 -0.000415222 -0.17358 0.240572 
7.03098 0.0028035 0.000219768 2.87493e-05 -0.00163625 -0.000515144 -0.17053 0.24125 
8.33333 0.00267677 0.000193377 4.12066e-05 -0.00149977 -0.000637568 -0.166631 0.242082 
9.63569 0.00255502 0.000169016 5.56568e-05 -0.00136987 -0.00075208 -0.162798 0.242862 
10.6395 0.00246449 0.00015158 6.80936e-05 -0.00127409 -0.0008351 -0.159888 0.243427 
11.1111 0.00242293 0.00014378 7.43133e-05 -0.00123037 -0.000872563 -0.158534 0.243682 
11.1111 0.00255944 0.000161144 6.62123e-05 -0.00137993 -0.000687561 -0.158534 0.243682 
11.5827 0.00251557 0.000153128 7.27657e-05 -0.00133359 -0.000727992 -0.157169 0.243938 
12.5865 0.00242438 0.00013689 8.75985e-05 -0.00123784 -0.00081059 -0.154294 0.244461 
13.8889 0.00231041 0.000117451 0.000108567 -0.00111931 -0.000910908 -0.150624 0.245096 
15.1912 0.00220119 9.97797e-05 0.000131387 -0.001007 -0.00100375 -0.14702 0.245683 
16.1951 0.00212014 8.73203e-05 0.000150177 -0.000924524 -0.00107037 -0.144288 0.246104 
16.6667 0.00208299 8.18053e-05 0.000159351 -0.000886977 -0.00110022 -0.143019 0.246291 
16.6667 0.0021971 9.58844e-05 0.000142444 -0.00101567 -0.00095213 -0.143019 0.246291 
17.1383 0.00215771 9.00949e-05 0.000151892 -0.00097566 -0.000984889 -0.141731 0.246483 
18.1421 0.00207593 7.84859e-05 0.000172798 -0.000893211 -0.00105138 -0.139019 0.246871 
19.4444 0.00197393 6.48264e-05 0.000201466 -0.000791578 -0.00113127 -0.13556 0.247335 
20.7468 0.0018764 5.26831e-05 0.000231782 -0.000695746 -0.0012042 -0.132169 0.247755 
21.7506 0.00180418 4.43136e-05 0.000256209 -0.000625693 -0.00125585 -0.129601 0.24805 
22.2222 0.00177112 4.06691e-05 0.000267991 -0.000593893 -0.00127878 -0.128408 0.248179 
22.2222 0.00186553 0.00083815 0.00200594 -0.00715867 0.000221727 -0.128408 0.248179 
22.6938 0.00186583 0.000829918 0.00202109 -0.00712401 0.00020501 -0.128418 0.248739 
23.6976 0.00186673 0.000812627 0.00205511 -0.00705111 0.000170567 -0.128449 0.24992 
25 0.00186851 0.000790704 0.00210291 -0.00695864 0.000128325 -0.12851 0.251435 
26.3024 0.00187108 0.000769416 0.00215499 -0.00686906 8.90449e-05 -0.128599 0.252929 
27.3062 0.00187369 0.000753482 0.00219813 -0.0068023 6.09257e-05 -0.128688 0.254066 
27.7778 0.00187513 0.000746147 0.00221932 -0.0067717 4.83941e-05 -0.128738 0.254597 
27.7778 0.00197247 3.9625e-05 0.000239079 -0.000654508 -0.00119468 -0.128738 0.254597 
28.2494 0.00193375 3.60583e-05 0.000251908 -0.000618199 -0.00122262 -0.127468 0.254713 
29.2532 0.00185354 2.91039e-05 0.000280009 -0.000543754 -0.00127875 -0.124796 0.254942 
30.5556 0.00175383 2.13241e-05 0.00031799 -0.000452746 -0.00134498 -0.121393 0.255203 
31.8579 0.00165885 1.48763e-05 0.000357575 -0.000367771 -0.0014041 -0.11806 0.255424 
32.8617 0.00158875 1.07683e-05 0.000389104 -0.000306215 -0.001445 -0.115539 0.255568 
33.3333 0.00155673 9.08662e-06 0.000404206 -0.000278441 -0.00146286 -0.114369 0.255627 
33.3333 0.00163548 1.48506e-05 0.000364498 -0.000374852 -0.00138237 -0.114369 0.255627 
33.8049 0.0016014 1.2842e-05 0.000379634 -0.000344929 -0.00140314 -0.113171 0.255696 
34.8088 0.00153088 9.09501e-06 0.000412477 -0.000283815 -0.00144435 -0.110651 0.255825 
36.1111 0.00144337 5.25984e-06 0.000456273 -0.000209575 -0.00149195 -0.107442 0.25596 
37.4135 0.0013602 2.51861e-06 0.000501297 -0.000140782 -0.00153321 -0.104301 0.256059 
38.4173 0.00129895 1.1094e-06 0.000536767 -9.13069e-05 -0.00156089 -0.101925 0.25611 
38.8889 0.001271 6.49204e-07 0.000553645 -6.90919e-05 -0.0015727 -0.100822 0.256127 
38.8889 0.00133369 2.68827e-06 0.000500566 -0.000147862 -0.00152512 -0.100822 0.256127 
39.3605 0.00130384 1.92626e-06 0.000517349 -0.000123755 -0.00153969 -0.0996875 0.256155 
40.3643 0.00124215 7.38e-07 0.000553517 -7.47667e-05 -0.00156805 -0.0973006 0.256198 
41.6667 0.00116576 3.49112e-08 0.000601274 -1.57536e-05 -0.00159968 -0.0942613 0.256224 
42.969 0.00109333 2.2081e-07 0.000649867 3.83687e-05 -0.00162574 -0.091286 0.256216 
43.9728 0.00104009 9.32542e-07 0.000687824 7.69067e-05 -0.00164223 -0.0890359 0.256189 
44.4445 0.00101584 1.42922e-06 0.000705793 9.40926e-05 -0.00164893 -0.0879917 0.25617 
44.4445 0.00106473 1.41432e-07 0.000639719 3.10903e-05 -0.00163092 -0.0879917 0.25617 
44.9161 0.00103875 3.73404e-07 0.000657467 4.98971e-05 -0.00164021 -0.0869115 0.256161 
45.9199 0.000985145 1.22018e-06 0.000695509 8.78401e-05 -0.00165767 -0.0846393 0.256129 
47.2222 0.000918926 2.99857e-06 0.000745336 0.000132993 -0.00167583 -0.0817451 0.25606 
48.5246 0.000856313 5.49357e-06 0.000795598 0.00017377 -0.00168916 -0.0789111 0.255961 
49.5284 0.000810413 7.87217e-06 0.000834574 0.000202363 -0.00169633 -0.0767671 0.255865 
50 0.000789536 9.11909e-06 0.000852942 0.000214977 -0.00169881 -0.0757718 0.255813 
50 0.000826637 4.93862e-06 0.000774927 0.000165977 -0.00170679 -0.0757718 0.255813 
57.2068 0.000531715 2.9e-05 0.00105128 0.000322572 -0.00172131 -0.0607701 0.254806 
74.2032 0.00014274 0.000128125 0.00165675 0.000351301 -0.00141114 -0.0314865 0.249535 
101.042 9.81644e-08 0.00029772 0.00231578 -1.40433e-05 -0.000582073 0.00082571 0.23528 
137.893 9.62e-05 0.000431256 0.00258364 -0.000529107 0.000353821 0.0258486 0.209302 
185 0.000212205 0.000434577 0.002254 -0.000788859 0.000856105 0.0383909 0.173126 
242.688 0.000220351 0.000324692 0.00154797 -0.000694836 0.000823937 0.0391209 0.132002 
311.377 0.000150498 0.00018707 0.000847517 -0.000435869 0.000532704 0.0323307 0.0923601 
391.598 7.54687e-05 8.52546e-05 0.000374356 -0.000208368 0.000257977 0.0228946 0.0591743 
484.026 2.92287e-05 3.12422e-05 0.000134602 -7.8499e-05 9.77963e-05 0.014248 0.0346667 
589.511 8.97364e-06 9.29168e-06 3.95837e-05 -2.37203e-05 2.96455e-05 0.00789468 0.0185355 
709.14 2.20978e-06 2.24799e-06 9.5159e-06 -5.78975e-06 7.24791e-06 0.00391765 0.00901452 
844.316 4.36704e-07 4.40132e-07 1.85681e-06 -1.13887e-06 1.42688e-06 0.00174158 0.00396469 
996.896 6.85392e-08 6.87626e-08 2.8961e-07 -1.78334e-07 2.23522e-07 0.000689954 0.00156241 
1169.41 8.34899e-09 8.35913e-09 3.51803e-08 -2.17013e-08 2.7205e-08 0.000240806 0.000544025 
1365.43 7.59063e-10 7.59362e-10 3.19488e-09 -1.9722e-09 2.47254e-09 7.26088e-05 0.000163881 
1590.37 4.83307e-11 4.83364e-11 2.03348e-10 -1.25556e-10 1.57414e-10 1.83215e-05 4.1339e-05 
1853.14 1.93502e-12 1.93501e-12 8.14003e-12 -5.02659e-12 6.30186e-12 3.66601e-06 8.27071e-06 
2170.75 3.95526e-14 3.95591e-14 1.66412e-13 -1.02754e-13 1.2884e-13 5.24129e-07 1.18245e-06 
2586.78 2.42794e-16 2.4242e-16 1.02237e-15 -6.30219e-16 7.90071e-16 4.10648e-08 9.27515e-08 
