0 0.00323433 0.000359285 -6.81011e-19 -0.00217799 1.15897e-05 0.190164 -0.232762 
0.4716 0.00318524 0.000346636 1.29135e-07 -0.00212301 -4.08583e-05 0.188715 -0.233154 
1.47542 0.00308283 0.000320634 1.25033e-06 -0.00200874 -0.000149209 0.185657 -0.233964 
2.77778 0.00295408 0.00028873 4.37028e-06 -0.00186595 -0.000283239 0.181739 -0.23497 
4.08014 0.00282987 0.000258841 9.2984e-06 -0.00172919 -0.000410054 0.177877 -0.235923 
5.08396 0.00273716 0.000237142 1.42828e-05 -0.00162779 -0.000502993 0.174939 -0.236622 
5.55556 0.00269449 0.000227342 1.69702e-05 -0.00158133 -0.000545239 0.17357 -0.23694 
5.55556 0.00285076 0.000246514 1.50681e-05 -0.0017475 -0.000329995 0.17357 -0.23694 
6.02716 0.00280591 0.000236599 1.80568e-05 -0.00169848 -0.000375054 0.172199 -0.237255 
7.03098 0.00271246 0.000216325 2.52521e-05 -0.00159681 -0.000467755 0.169308 -0.237904 
8.33333 0.00259524 0.000191666 3.62225e-05 -0.0014702 -0.000581656 0.165609 -0.238704 
9.63569 0.00248243 0.000168805 4.89615e-05 -0.00134942 -0.000688562 0.161969 -0.239455 
10.6395 0.0023984 0.000152374 5.99357e-05 -0.00126018 -0.000766321 0.159204 -0.240002 
11.1111 0.00235978 0.000145003 6.54271e-05 -0.00121939 -0.000801489 0.157917 -0.24025 
11.1111 0.00249274 0.000161906 5.82948e-05 -0.00136505 -0.000620819 0.157917 -0.24025 
11.5827 0.00245197 0.000154334 6.40858e-05 -0.0013218 -0.000658752 0.156621 -0.240498 
12.5865 0.00236714 0.00013895 7.72021e-05 -0.00123231 -0.000736422 0.153888 -0.241006 
13.8889 0.00226094 0.00012044 9.57631e-05 -0.00112126 -0.000831109 0.150396 -0.241626 
15.1912 0.00215896 0.00010351 0.000115986 -0.00101576 -0.00091914 0.146965 -0.242202 
16.1951 0.00208315 9.14992e-05 0.000132654 -0.000938096 -0.000982591 0.144362 -0.242617 
16.6667 0.00204836 8.61599e-05 0.000140797 -0.00090268 -0.00101111 0.143151 -0.242803 
16.6667 0.00216057 0.000100127 0.000125859 -0.00102923 -0.000864259 0.143151 -0.242803 
17.1383 0.00212369 9.45336e-05 0.000134254 -0.000991496 -0.000895491 0.141924 -0.242993 
18.1421 0.00204704 8.32689e-05 0.000152843 -0.000913601 -0.000959074 0.139339 -0.243378 
19.4444 0.00195124 6.99142e-05 0.000178361 -0.000817318 -0.00103585 0.13604 -0.243842 
20.7468 0.00185946 5.79258e-05 0.00020538 -0.000726242 -0.0011064 0.132802 -0.244266 
21.7506 0.00179136 4.95796e-05 0.000227174 -0.00065947 -0.00115667 0.130347 -0.244565 
22.2222 0.00176014 4.59187e-05 0.000237693 -0.000629101 -0.00117908 0.129206 -0.244698 
22.2222 0.00185397 0.000856007 0.00177915 -0.00721208 0.000281417 0.129206 -0.244698 
22.6938 0.00185266 0.000847221 0.00179153 -0.00717243 0.000262642 0.129161 -0.245244 
23.6976 0.00185006 0.000828722 0.00181937 -0.00708871 0.000223648 0.12907 -0.246398 
25 0.00184712 0.000805176 0.00185861 -0.00698173 0.000175147 0.128968 -0.247875 
26.3024 0.00184478 0.0007822 0.00190147 -0.00687704 0.000129184 0.128886 -0.249332 
27.3062 0.00184345 0.000764916 0.00193704 -0.00679819 9.56087e-05 0.12884 -0.25044 
27.7778 0.00184299 0.000756932 0.00195454 -0.00676177 8.04187e-05 0.128823 -0.250957 
27.7778 0.00193866 4.42241e-05 0.000210555 -0.000685498 -0.00110482 0.128823 -0.250957 
28.2494 0.00190233 4.06458e-05 0.000221921 -0.000650993 -0.00113187 0.127611 -0.251076 
29.2532 0.00182697 3.36067e-05 0.000246834 -0.000580101 -0.00118644 0.125057 -0.251312 
30.5556 0.00173308 2.56023e-05 0.000280544 -0.000493146 -0.00125133 0.121802 -0.251586 
31.8579 0.00164345 1.88111e-05 0.00031572 -0.000411634 -0.00130979 0.11861 -0.251822 
32.8617 0.00157715 1.4364e-05 0.000343768 -0.000352371 -0.00135065 0.116193 -0.25198 
33.3333 0.00154682 1.25022e-05 0.000357211 -0.000325566 -0.00136862 0.115071 -0.252047 
33.3333 0.00162507 1.88847e-05 0.000322119 -0.000421363 -0.00128511 0.115071 -0.252047 
33.8049 0.00159282 1.67189e-05 0.000335608 -0.00039251 -0.00130579 0.113923 -0.252122 
34.8088 0.00152598 1.25932e-05 0.0003649 -0.000333432 -0.0013471 0.111507 -0.252267 
36.1111 0.00144287 8.18379e-06 0.000404007 -0.00026137 -0.00139535 0.108428 -0.252425 
37.4135 0.00136368 4.78365e-06 0.000444265 -0.000194267 -0.00143784 0.10541 -0.252549 
38.4173 0.00130521 2.81463e-06 0.000476017 -0.000145786 -0.00146684 0.103126 -0.252622 
38.8889 0.0012785 2.07714e-06 0.000491138 -0.00012395 -0.00147936 0.102065 -0.25265 
38.8889 0.00134156 5.04647e-06 0.000444052 -0.000203186 -0.00142644 0.102065 -0.25265 
39.3605 0.00131306 4.02509e-06 0.000459106 -0.000179524 -0.00144155 0.100975 -0.252687 
40.3643 0.00125406 2.25389e-06 0.000491577 -0.000131287 -0.00147128 0.0986807 -0.252752 
41.6667 0.00118084 7.37399e-07 0.00053451 -7.28686e-05 -0.00150512 0.0957563 -0.252808 
42.969 0.00111121 5.29716e-08 0.00057826 -1.89459e-05 -0.00153384 0.0928905 -0.252834 
43.9728 0.00105992 5.99653e-08 0.000612479 1.9687e-05 -0.00155266 0.0907211 -0.252834 
44.4445 0.00103651 2.16448e-07 0.000628693 3.69876e-05 -0.00156054 0.0897137 -0.252828 
44.4445 0.00108639 1.06849e-07 0.000569837 -2.72966e-05 -0.0015353 0.0897137 -0.252828 
44.9161 0.00106135 1.03747e-08 0.000585874 -8.4071e-06 -0.0015456 0.0886735 -0.252831 
45.9199 0.00100958 1.37698e-07 0.000620283 2.98721e-05 -0.0015654 0.086484 -0.252826 
47.2222 0.000945468 9.45871e-07 0.000665419 7.57652e-05 -0.00158692 0.0836929 -0.252795 
48.5246 0.000884661 2.43536e-06 0.000711028 0.000117598 -0.00160395 0.0809568 -0.252735 
49.5284 0.00083996 4.01888e-06 0.00074645 0.000147202 -0.00161417 0.078885 -0.252671 
50 0.000819592 4.88712e-06 0.00076316 0.000160345 -0.00161814 0.0779227 -0.252635 
50 0.000858105 2.06992e-06 0.000693357 0.00010948 -0.0016175 0.0779227 -0.252635 
57.5202 0.000557643 2.12562e-05 0.000957526 0.000282819 -0.00165552 0.0628162 -0.251825 
75.2557 0.000156693 0.000111821 0.00154439 0.000343854 -0.0013906 0.033298 -0.246984 
103.262 6.02639e-08 0.000274711 0.00219589 1.05695e-05 -0.000606664 0.000653013 -0.23331 
141.715 8.65792e-05 0.00040763 0.00247781 -0.000488009 0.000304933 -0.0247514 -0.207961 
190.871 0.000200489 0.000416169 0.00217879 -0.000750357 0.000808537 -0.037665 -0.172358 
251.068 0.000211719 0.000313587 0.00150543 -0.000669341 0.000791975 -0.0387056 -0.131678 
322.743 0.000145965 0.00018184 0.000828525 -0.000423212 0.000516717 -0.032138 -0.0923211 
406.453 7.36967e-05 8.33351e-05 0.00036777 -0.000203576 0.000251893 -0.0228359 -0.0592772 
502.901 2.8712e-05 3.07031e-05 0.000132896 -7.71279e-05 9.60464e-05 -0.0142536 -0.0348085 
612.973 8.86619e-06 9.18199e-06 3.9291e-05 -2.34382e-05 2.92825e-05 -0.00792067 -0.0186597 
737.804 2.19663e-06 2.23473e-06 9.50105e-06 -5.75545e-06 7.20264e-06 -0.0039425 -0.00910126 
878.859 4.36993e-07 4.40428e-07 1.86608e-06 -1.13963e-06 1.42739e-06 -0.00175845 -0.0040159 
1038.07 6.90931e-08 6.93182e-08 2.93202e-07 -1.79775e-07 2.2526e-07 -0.000699215 -0.00158842 
1218.09 8.48678e-09 8.49708e-09 3.5914e-08 -2.20594e-08 2.76457e-08 -0.000245056 -0.000555385 
1422.63 7.78918e-10 7.79224e-10 3.29248e-09 -2.02379e-09 2.53646e-09 -7.42402e-05 -0.000168096 
1657.36 5.01359e-11 5.01418e-11 2.11845e-10 -1.30245e-10 1.63245e-10 -1.88351e-05 -4.26328e-05 
1931.56 2.03291e-12 2.0329e-12 8.58838e-12 -5.28086e-12 6.61868e-12 -3.79273e-06 -8.5838e-06 
2262.97 4.21948e-14 4.22014e-14 1.78291e-13 -1.09618e-13 1.37406e-13 -5.46416e-07 -1.23666e-06 
2697.1 2.64313e-16 2.63933e-16 1.11733e-15 -6.86111e-16 8.59784e-16 -4.32467e-08 -9.79675e-08 
