0 0.00309444 0.000343746 -1.05001e-19 -0.00208379 6.00228e-06 0.187885 -0.229942 
0.4716 0.00304946 0.000332143 1.12987e-07 -0.00203338 -4.20524e-05 0.186514 -0.230313 
1.47542 0.00295554 0.000308256 1.0945e-06 -0.00192849 -0.000141456 0.183619 -0.231081 
2.77778 0.0028373 0.000278875 3.82793e-06 -0.00179722 -0.000264677 0.179909 -0.232036 
4.08014 0.00272305 0.000251269 8.14942e-06 -0.00167125 -0.000381556 0.17625 -0.232942 
5.08396 0.00263765 0.00023117 1.25237e-05 -0.00157768 -0.000467415 0.173464 -0.233609 
5.55556 0.00259831 0.000222076 1.48833e-05 -0.00153476 -0.000506504 0.172165 -0.233913 
5.55556 0.00274899 0.000240509 1.32151e-05 -0.001695 -0.000298883 0.172165 -0.233913 
6.02716 0.00270763 0.000231304 1.58412e-05 -0.00164969 -0.000340589 0.170865 -0.234214 
7.03098 0.00262137 0.000212444 2.21672e-05 -0.00155562 -0.000426532 0.168121 -0.234836 
8.33333 0.002513 0.00018943 3.18211e-05 -0.00143826 -0.000532414 0.164609 -0.235604 
9.63569 0.00240852 0.000168009 4.30427e-05 -0.00132604 -0.000632113 0.161151 -0.236328 
10.6395 0.00233057 0.000152553 5.2718e-05 -0.00124296 -0.000704851 0.158522 -0.236856 
11.1111 0.00229472 0.000145602 5.75621e-05 -0.00120494 -0.000737815 0.157298 -0.237096 
11.1111 0.00242401 0.000162023 5.12871e-05 -0.00134658 -0.000561708 0.157298 -0.237096 
11.5827 0.00238616 0.000154884 5.63998e-05 -0.00130626 -0.000597248 0.156065 -0.237336 
12.5865 0.00230731 0.000140342 6.7987e-05 -0.00122271 -0.000670171 0.153465 -0.23783 
13.8889 0.00220843 0.000122766 8.44001e-05 -0.00111882 -0.000759379 0.150141 -0.238434 
15.1912 0.00211331 0.0001066 0.000102302 -0.00101985 -0.000842667 0.146871 -0.238998 
16.1951 0.00204248 9.50677e-05 0.000117071 -0.000946832 -0.000902942 0.144389 -0.239406 
16.6667 0.00200993 8.99216e-05 0.000124291 -0.000913484 -0.000930109 0.143234 -0.239589 
16.6667 0.00212004 0.00010372 0.000111103 -0.00103766 -0.000784962 0.143234 -0.239589 
17.1383 0.00208555 9.83387e-05 0.000118553 -0.00100213 -0.000814658 0.142064 -0.239776 
18.1421 0.00201378 8.74599e-05 0.000135061 -0.000928673 -0.000875282 0.139599 -0.240157 
19.4444 0.00192394 7.44773e-05 0.000157745 -0.000837645 -0.000948825 0.136449 -0.240619 
20.7468 0.00183768 6.27243e-05 0.000181791 -0.000751286 -0.00101678 0.133355 -0.241043 
21.7506 0.00177357 5.44721e-05 0.000201207 -0.000687801 -0.00106548 0.131008 -0.241346 
22.2222 0.00174414 5.08302e-05 0.000210583 -0.000658876 -0.00108727 0.129917 -0.241481 
22.2222 0.00183711 0.000869542 0.00157624 -0.00723575 0.00033399 0.129917 -0.241481 
22.6938 0.00183444 0.000860326 0.00158631 -0.00719207 0.00031363 0.129822 -0.242013 
23.6976 0.00182888 0.000840892 0.00160902 -0.00709958 0.000271123 0.129625 -0.243138 
25 0.00182198 0.000816088 0.00164113 -0.00698088 0.00021777 0.12938 -0.244577 
26.3024 0.00181552 0.000791799 0.00167631 -0.00686401 0.000166605 0.129151 -0.245995 
27.3062 0.0018109 0.000773464 0.00170558 -0.00677544 0.000128767 0.128987 -0.247073 
27.7778 0.00180886 0.000764973 0.00171999 -0.00673435 0.000111496 0.128914 -0.247576 
27.7778 0.00190275 4.85699e-05 0.000185288 -0.000711707 -0.00102084 0.128914 -0.247576 
28.2494 0.0018687 4.50116e-05 0.00019535 -0.00067898 -0.00104693 0.127755 -0.247696 
29.2532 0.00179796 3.79596e-05 0.000217419 -0.000611614 -0.00109976 0.125314 -0.247938 
30.5556 0.00170968 2.98329e-05 0.000247313 -0.000528726 -0.00116299 0.122198 -0.248221 
31.8579 0.0016252 2.28087e-05 0.000278544 -0.000450743 -0.00122043 0.119141 -0.248471 
32.8617 0.00156259 1.81124e-05 0.000303472 -0.000393855 -0.00126092 0.116823 -0.248641 
33.3333 0.00153391 1.6114e-05 0.000315428 -0.000368067 -0.00127884 0.115746 -0.248714 
33.3333 0.00161151 2.29997e-05 0.00028444 -0.000463064 -0.00119296 0.115746 -0.248714 
33.8049 0.00158102 2.07189e-05 0.00029645 -0.000435328 -0.0012134 0.114647 -0.248794 
34.8088 0.00151779 1.63071e-05 0.000322549 -0.000378407 -0.00125444 0.11233 -0.248952 
36.1111 0.00143899 1.1448e-05 0.000357433 -0.000308714 -0.00130287 0.109376 -0.249128 
37.4135 0.00136372 7.51707e-06 0.00039339 -0.000243529 -0.00134607 0.106477 -0.249274 
38.4173 0.00130804 5.08881e-06 0.000421782 -0.000196238 -0.00137594 0.10428 -0.249365 
38.8889 0.00128256 4.12162e-06 0.000435312 -0.000174879 -0.00138898 0.10326 -0.249402 
38.8889 0.00134582 7.88391e-06 0.000393578 -0.000254366 -0.00133147 0.10326 -0.249402 
39.3605 0.00131866 6.65043e-06 0.000407066 -0.000231251 -0.00134692 0.102212 -0.249448 
40.3643 0.00126236 4.39779e-06 0.000436182 -0.000183994 -0.00137759 0.100007 -0.249531 
41.6667 0.00119233 2.20057e-06 0.000474727 -0.000126491 -0.00141304 0.0971929 -0.249614 
42.969 0.00112557 7.78731e-07 0.000514063 -7.31095e-05 -0.00144381 0.0944328 -0.249669 
43.9728 0.00107627 1.83012e-07 0.000544869 -3.46572e-05 -0.00146446 0.0923414 -0.249693 
44.4445 0.00105373 4.69785e-08 0.000559476 -1.73743e-05 -0.00147328 0.0913696 -0.249698 
44.4445 0.00110445 9.65357e-07 0.000507101 -8.2727e-05 -0.00144166 0.0913696 -0.249698 
44.9161 0.00108037 5.88718e-07 0.00052157 -6.38954e-05 -0.00145276 0.090368 -0.249712 
45.9199 0.00103052 9.89723e-08 0.000552643 -2.55868e-05 -0.0014744 0.0882586 -0.249731 
47.2222 0.000968625 6.84959e-08 0.000593463 2.06367e-05 -0.00149863 0.0855671 -0.249732 
48.5246 0.000909757 6.81919e-07 0.000634778 6.31044e-05 -0.0015187 0.0829262 -0.249708 
49.5284 0.000866372 1.56826e-06 0.000666912 9.33882e-05 -0.00153147 0.0809247 -0.249671 
50 0.000846569 2.10317e-06 0.000682084 0.000106905 -0.00153669 0.0799945 -0.249649 
50 0.00088635 4.94165e-07 0.000619697 5.43659e-05 -0.00152829 0.0799945 -0.249649 
57.8473 0.000581352 1.5051e-05 0.00087176 0.000242991 -0.00158817 0.0647854 -0.249028 
76.3541 0.000170044 9.73242e-05 0.00143959 0.000334179 -0.00136612 0.0350379 -0.244595 
105.578 5.92897e-07 0.00025342 0.00208196 3.18419e-05 -0.000626308 0.00206894 -0.231474 
145.704 7.78325e-05 0.00038524 0.00237556 -0.000449815 0.000260128 -0.0237049 -0.206721 
196.997 0.000189379 0.000398404 0.00210501 -0.000713535 0.000763301 -0.0369763 -0.171659 
259.812 0.000203336 0.000302697 0.00146303 -0.000644465 0.000760886 -0.0383146 -0.131396 
334.604 0.000141474 0.000176626 0.00080925 -0.000410633 0.000500865 -0.0319592 -0.092305 
421.955 7.19027e-05 8.13844e-05 0.000360923 -0.000198715 0.000245735 -0.022784 -0.0593904 
522.596 2.8174e-05 3.01403e-05 0.000131053 -7.56983e-05 9.42264e-05 -0.0142621 -0.0349541 
637.456 8.74885e-06 9.06196e-06 3.89459e-05 -2.31299e-05 2.88873e-05 -0.00794755 -0.0187847 
767.715 2.18031e-06 2.21825e-06 9.47102e-06 -5.71285e-06 7.14709e-06 -0.0039675 -0.00918792 
914.905 4.36532e-07 4.3997e-07 1.87196e-06 -1.13843e-06 1.42547e-06 -0.00177528 -0.00406692 
1081.04 6.95145e-08 6.9741e-08 2.96222e-07 -1.80871e-07 2.26568e-07 -0.000708427 -0.00161432 
1268.88 8.60743e-09 8.61785e-09 3.65762e-08 -2.2373e-08 2.80306e-08 -0.000249284 -0.000566711 
1482.33 7.97235e-10 7.97546e-10 3.38393e-09 -2.07138e-09 2.59536e-09 -7.58666e-05 -0.000172308 
1727.26 5.18553e-11 5.18613e-11 2.20023e-10 -1.34712e-10 1.68795e-10 -1.93488e-05 -4.39308e-05 
2013.38 2.12853e-12 2.12852e-12 9.02978e-12 -5.52926e-12 6.92802e-12 -3.9201e-06 -8.89944e-06 
2359.21 4.48379e-14 4.48446e-14 1.9025e-13 -1.16484e-13 1.45971e-13 -5.68958e-07 -1.29167e-06 
2812.22 2.86419e-16 2.86034e-16 1.21538e-15 -7.43529e-16 9.31365e-16 -4.54736e-08 -1.03307e-07 
