0 0.00295903 0.000328704 1.84443e-19 -0.0019926 -9.98229e-07 0.185713 -0.227361 
0.4716 0.00291782 0.000318062 9.88184e-08 -0.00194638 -4.50254e-05 0.184416 -0.227712 
1.47542 0.00283169 0.000296121 9.57676e-07 -0.00185012 -0.00013621 0.181673 -0.228441 
2.77778 0.00272311 0.000269072 3.35134e-06 -0.00172946 -0.000249469 0.178157 -0.229347 
4.08014 0.00261805 0.000243585 7.13889e-06 -0.00161346 -0.000357155 0.174686 -0.230211 
5.08396 0.0025394 0.000224981 1.09756e-05 -0.00152715 -0.000436436 0.172042 -0.230847 
5.55556 0.00250315 0.000216547 1.30462e-05 -0.00148752 -0.000472583 0.170809 -0.231137 
5.55556 0.00264832 0.000234254 1.15839e-05 -0.00164189 -0.000272518 0.170809 -0.231137 
6.02716 0.00261018 0.000225715 1.38899e-05 -0.00160004 -0.000311098 0.169575 -0.231425 
7.03098 0.00253059 0.000208186 1.94479e-05 -0.00151305 -0.000390723 0.16697 -0.23202 
8.33333 0.00243044 0.000186731 2.79373e-05 -0.00140432 -0.000489069 0.163633 -0.232757 
9.63569 0.00233373 0.000166687 3.78145e-05 -0.00130015 -0.000581952 0.160344 -0.233454 
10.6395 0.00226148 0.000152174 4.63377e-05 -0.00122288 -0.00064991 0.157842 -0.233964 
11.1111 0.00222821 0.00014563 5.06072e-05 -0.00118746 -0.000680767 0.156677 -0.234196 
11.1111 0.00235376 0.000161554 4.50905e-05 -0.00132501 -0.000509404 0.156677 -0.234196 
11.5827 0.00231864 0.000154836 4.96002e-05 -0.00128745 -0.000542658 0.155504 -0.234428 
12.5865 0.0022454 0.000141118 5.98271e-05 -0.00120953 -0.000611024 0.153028 -0.234906 
13.8889 0.00215343 0.00012447 7.43268e-05 -0.00111244 -0.000694927 0.149861 -0.235494 
15.1912 0.00206478 0.00010908 9.01579e-05 -0.00101973 -0.000773566 0.146744 -0.236045 
16.1951 0.00199867 9.80467e-05 0.00010323 -0.000951185 -0.000830689 0.144376 -0.236445 
16.6667 0.00196826 9.31064e-05 0.000109623 -0.000919833 -0.0008565 0.143274 -0.236626 
16.6667 0.00207609 0.000106688 9.79922e-05 -0.00104143 -0.000713457 0.143274 -0.236626 
17.1383 0.00204387 0.00010153 0.000104596 -0.00100804 -0.000741624 0.142157 -0.236809 
18.1421 0.00197676 9.10678e-05 0.000119237 -0.000938882 -0.000799273 0.139804 -0.237185 
19.4444 0.0018926 7.85089e-05 0.000139377 -0.000852985 -0.000869499 0.136796 -0.237642 
20.7468 0.00181165 6.70556e-05 0.000160748 -0.00077127 -0.000934727 0.133838 -0.238066 
21.7506 0.00175137 5.89543e-05 0.000178021 -0.000711048 -0.000981699 0.131593 -0.238369 
22.2222 0.00172367 5.53605e-05 0.000186367 -0.000683565 -0.0010028 0.130548 -0.238505 
22.2222 0.00181556 0.000879042 0.00139498 -0.00723236 0.000379899 0.130548 -0.238505 
22.6938 0.00181175 0.000869513 0.00140314 -0.0071855 0.00035837 0.130411 -0.239024 
23.6976 0.00180372 0.000849396 0.0014216 -0.00708614 0.000313261 0.130122 -0.240117 
25 0.00179352 0.00082367 0.00144779 -0.00695826 0.00025629 0.129754 -0.241518 
26.3024 0.00178366 0.000798413 0.00147658 -0.00683187 0.000201213 0.129396 -0.242896 
27.3062 0.00177632 0.000779298 0.00150059 -0.00673571 0.000160151 0.12913 -0.243944 
27.7778 0.00177298 0.000770431 0.00151243 -0.00669096 0.000141299 0.129008 -0.244432 
27.7778 0.00186501 5.26289e-05 0.000162928 -0.000733464 -0.000942472 0.129008 -0.244432 
28.2494 0.00183312 4.91166e-05 0.000171829 -0.000702482 -0.00096754 0.1279 -0.244554 
29.2532 0.0017668 4.2112e-05 0.000191365 -0.000638591 -0.00101848 0.125565 -0.244799 
30.5556 0.00168388 3.39493e-05 0.000217854 -0.000559753 -0.0010798 0.122583 -0.24509 
31.8579 0.00160436 2.67868e-05 0.000245559 -0.00048533 -0.00113593 0.119654 -0.24535 
32.8617 0.00154532 2.1919e-05 0.000267695 -0.000430869 -0.00117577 0.117432 -0.245529 
33.3333 0.00151824 1.98216e-05 0.000278318 -0.000406131 -0.0011935 0.116398 -0.245607 
33.3333 0.00159505 2.71089e-05 0.000250976 -0.000500158 -0.00110583 0.116398 -0.245607 
33.8049 0.00156629 2.47498e-05 0.000261659 -0.000473571 -0.0011259 0.115344 -0.245692 
34.8088 0.00150654 2.01324e-05 0.00028489 -0.000418893 -0.00116641 0.113123 -0.24586 
36.1111 0.00143195 1.49324e-05 0.000315976 -0.000351717 -0.00121459 0.110287 -0.246052 
37.4135 0.00136055 1.05838e-05 0.000348058 -0.00028863 -0.00125804 0.107502 -0.246216 
38.4173 0.00130761 7.78551e-06 0.000373419 -0.000242687 -0.00128841 0.10539 -0.246323 
38.8889 0.00128336 6.63104e-06 0.000385512 -0.000221885 -0.00130178 0.104408 -0.246368 
38.8889 0.00134666 1.10638e-05 0.000348553 -0.000301422 -0.0012404 0.104408 -0.246368 
39.3605 0.00132083 9.66016e-06 0.000360622 -0.000278939 -0.00125602 0.103402 -0.24642 
40.3643 0.00126721 7.01645e-06 0.000386698 -0.000232851 -0.00128724 0.101281 -0.24652 
41.6667 0.00120038 4.25739e-06 0.000421261 -0.000176532 -0.00132379 0.0985745 -0.246626 
42.969 0.00113651 2.21804e-06 0.000456582 -0.000123984 -0.00135605 0.0959163 -0.246706 
43.9728 0.00108925 1.11219e-06 0.000484277 -8.59501e-05 -0.00137811 0.0939006 -0.24675 
44.4445 0.00106761 7.27071e-07 0.00049742 -6.88e-05 -0.00138766 0.0929634 -0.246765 
44.4445 0.001119 2.53784e-06 0.000450853 -0.000135013 -0.00135045 0.0929634 -0.246765 
44.9161 0.0010959 1.9248e-06 0.000463888 -0.000116361 -0.00136213 0.0919989 -0.246789 
45.9199 0.00104802 9.11117e-07 0.000491907 -7.82893e-05 -0.00138519 0.0899668 -0.246829 
47.2222 0.000988437 1.62352e-07 0.000528765 -3.20947e-05 -0.00141155 0.0873719 -0.246858 
48.5246 0.000931615 1.89169e-08 0.000566128 1.06359e-05 -0.00143407 0.0848234 -0.246864 
49.5284 0.000889637 2.98793e-07 0.000595228 4.13068e-05 -0.00144893 0.0828903 -0.246852 
50 0.000870447 5.42546e-07 0.000608981 5.50579e-05 -0.00145518 0.0819915 -0.246842 
50 0.000911349 1.74774e-10 0.00055328 1.03674e-06 -0.00143984 0.0819915 -0.246842 
58.1885 0.000602784 1.01817e-05 0.000793384 0.000203507 -0.00151991 0.0666818 -0.246401 
77.5001 0.000182693 8.44622e-05 0.00134188 0.000322686 -0.00133835 0.0367102 -0.242358 
107.995 1.59116e-06 0.000233728 0.00197376 5.00957e-05 -0.000641484 0.00342597 -0.229762 
149.866 6.98908e-05 0.000364028 0.00227687 -0.000414348 0.00021914 -0.0227058 -0.205575 
203.39 0.00017885 0.000381272 0.00203273 -0.000678345 0.000720314 -0.0363221 -0.171025 
268.936 0.000195203 0.000292033 0.00142088 -0.000620221 0.000730682 -0.0379463 -0.131153 
346.981 0.000137032 0.000171442 0.00078977 -0.000398161 0.000485181 -0.0317935 -0.0923107 
438.13 7.00938e-05 7.94108e-05 0.000353856 -0.000193806 0.000239527 -0.0227387 -0.0595139 
543.148 2.76181e-05 2.95573e-05 0.000129087 -7.42194e-05 9.23477e-05 -0.0142733 -0.0351036 
663.003 8.62276e-06 8.93277e-06 3.85534e-05 -2.27984e-05 2.84636e-05 -0.00797534 -0.0189108 
798.927 2.16112e-06 2.19885e-06 9.42706e-06 -5.66273e-06 7.08224e-06 -0.0039927 -0.00927471 
952.518 4.35382e-07 4.38816e-07 1.87469e-06 -1.13544e-06 1.42131e-06 -0.0017921 -0.00411787 
1125.88 6.98117e-08 7.00391e-08 2.98701e-07 -1.81645e-07 2.27473e-07 -0.000717613 -0.00164017 
1321.89 8.71175e-09 8.72227e-09 3.717e-08 -2.26441e-08 2.83624e-08 -0.000253501 -0.000578027 
1544.62 8.14059e-10 8.14376e-10 3.46938e-09 -2.11509e-09 2.64939e-09 -7.74915e-05 -0.000176527 
1800.2 5.34895e-11 5.34957e-11 2.27879e-10 -1.38958e-10 1.74067e-10 -1.98637e-05 -4.52353e-05 
2098.77 2.22179e-12 2.22179e-12 9.46371e-12 -5.77153e-12 7.22958e-12 -4.04835e-06 -9.21818e-06 
2459.64 4.74776e-14 4.74843e-14 2.02272e-13 -1.23341e-13 1.54522e-13 -5.91794e-07 -1.34756e-06 
2932.34 3.09083e-16 3.08694e-16 1.31642e-15 -8.02398e-16 1.00472e-15 -4.7749e-08 -1.08778e-07 
