0 0.00282809 0.000314158 -2.71792e-19 -0.00190442 -9.05074e-06 -0.183642 0.224997 
0.4716 0.00279033 0.000304398 8.63922e-08 -0.00186205 -4.9385e-05 -0.182412 0.22533 
1.47542 0.00271135 0.000284249 8.37606e-07 -0.00177372 -0.000133019 -0.179812 0.226021 
2.77778 0.00261167 0.000259354 2.93276e-06 -0.00166284 -0.000237098 -0.176476 0.226882 
4.08014 0.00251508 0.000235835 6.25064e-06 -0.00155605 -0.000336279 -0.173182 0.227704 
5.08396 0.00244268 0.000218624 9.61395e-06 -0.00147647 -0.000409452 -0.170671 0.228311 
5.55556 0.00240927 0.000210809 1.14299e-05 -0.0014399 -0.000442861 -0.1695 0.228588 
5.55556 0.002549 0.000227804 1.01488e-05 -0.00158848 -0.000250259 -0.1695 0.228588 
6.02716 0.00251386 0.000219888 1.21724e-05 -0.00154984 -0.000285928 -0.168327 0.228863 
7.03098 0.00244044 0.00020361 1.70527e-05 -0.00146944 -0.000359651 -0.165851 0.229433 
8.33333 0.00234794 0.000183629 2.45128e-05 -0.00136877 -0.000450924 -0.162678 0.23014 
9.63569 0.00225848 0.000164898 3.32004e-05 -0.00127213 -0.000537372 -0.159548 0.23081 
10.6395 0.00219155 0.000151291 4.07029e-05 -0.00120032 -0.000600791 -0.157167 0.231302 
11.1111 0.00216071 0.000145142 4.4463e-05 -0.00116738 -0.000629638 -0.156057 0.231526 
11.1111 0.00228245 0.000160558 3.9616e-05 -0.00130075 -0.000463162 -0.156057 0.231526 
11.5827 0.00224988 0.000154248 4.35906e-05 -0.0012658 -0.000494238 -0.154939 0.231751 
12.5865 0.00218191 0.000141332 5.2609e-05 -0.00119321 -0.000558242 -0.152581 0.232214 
13.8889 0.00209642 0.000125598 6.54064e-05 -0.00110258 -0.000637028 -0.149562 0.232784 
15.1912 0.00201389 0.000110985 7.93924e-05 -0.00101585 -0.000711137 -0.146588 0.233322 
16.1951 0.00195224 0.000100463 9.09502e-05 -0.000951586 -0.000765154 -0.144327 0.233713 
16.6667 0.00192386 9.57368e-05 9.66065e-05 -0.000922156 -0.000789618 -0.143274 0.23389 
16.6667 0.00202926 0.000109062 8.63565e-05 -0.00104101 -0.000649022 -0.143274 0.23389 
17.1383 0.00199919 0.000104135 9.22031e-05 -0.00100967 -0.00067568 -0.142209 0.23407 
18.1421 0.0019365 9.41099e-05 0.000105174 -0.000944668 -0.000730366 -0.139962 0.234439 
19.4444 0.00185777 8.20133e-05 0.000123033 -0.000863755 -0.000797237 -0.137087 0.234891 
20.7468 0.00178189 7.09094e-05 0.000142004 -0.000786584 -0.00085964 -0.134258 0.235311 
21.7506 0.0017253 6.30049e-05 0.000157351 -0.000729579 -0.00090478 -0.132109 0.235615 
22.2222 0.00169928 5.94825e-05 0.00016477 -0.000703523 -0.000925118 -0.131109 0.235751 
22.2222 0.00178986 0.000884806 0.00123332 -0.0072045 0.000419598 -0.131109 0.235751 
22.6938 0.00178512 0.000875071 0.00123991 -0.00715526 0.000397264 -0.130935 0.236255 
23.6976 0.00177507 0.000854503 0.00125485 -0.00705074 0.000350349 -0.130566 0.237318 
25 0.00176219 0.000828159 0.00127613 -0.00691597 0.00029083 -0.130091 0.238678 
26.3024 0.00174954 0.000802246 0.00129961 -0.00678244 0.000232963 -0.129624 0.240016 
27.3062 0.00174 0.000782596 0.00131925 -0.00668058 0.000189573 -0.12927 0.241034 
27.7778 0.0017356 0.000773469 0.00132896 -0.0066331 0.000169571 -0.129106 0.241507 
27.7778 0.00182569 5.63774e-05 0.000143163 -0.00075109 -0.000869417 -0.129106 0.241507 
28.2494 0.00179585 5.29325e-05 0.000151031 -0.00072181 -0.000893427 -0.128047 0.24163 
29.2532 0.00173375 4.60251e-05 0.000168311 -0.000661327 -0.00094237 -0.125813 0.241878 
30.5556 0.00165595 3.78991e-05 0.000191765 -0.000586494 -0.0010016 -0.122958 0.242173 
31.8579 0.0015812 3.06787e-05 0.000216323 -0.000515629 -0.00105616 -0.120151 0.242441 
32.8617 0.0015256 2.57062e-05 0.000235963 -0.000463623 -0.00109515 -0.118019 0.242628 
33.3333 0.00150007 2.35426e-05 0.000245394 -0.000439955 -0.00111256 -0.117028 0.24271 
33.3333 0.00157595 3.11421e-05 0.000221287 -0.000532856 -0.00102363 -0.117028 0.24271 
33.8049 0.00154885 2.87361e-05 0.00023078 -0.000507438 -0.00104323 -0.116017 0.242798 
34.8088 0.0014925 2.39826e-05 0.00025144 -0.00045506 -0.00108296 -0.113887 0.242974 
36.1111 0.001422 1.85366e-05 0.000279115 -0.000390507 -0.00113056 -0.111165 0.24318 
37.4135 0.00135437 1.38695e-05 0.000307711 -0.000329657 -0.00117386 -0.108489 0.243359 
38.4173 0.00130414 1.078e-05 0.000330339 -0.000285191 -0.00120442 -0.106458 0.243479 
38.8889 0.00128109 9.47588e-06 0.000341138 -0.000265011 -0.00121796 -0.105513 0.24353 
38.8889 0.00134429 1.44699e-05 0.000308432 -0.000344408 -0.00115336 -0.105513 0.24353 
39.3605 0.00131976 1.29332e-05 0.000319221 -0.000322622 -0.00116899 -0.104547 0.243589 
40.3643 0.0012688 9.97853e-06 0.000342547 -0.000277859 -0.00120044 -0.102508 0.243702 
41.6667 0.00120515 6.76366e-06 0.000373502 -0.000222949 -0.00123763 -0.0999041 0.243828 
42.969 0.00114419 4.21443e-06 0.000405177 -0.000171479 -0.0012709 -0.0973445 0.243929 
43.9728 0.00109898 2.68203e-06 0.000430043 -0.000134066 -0.00129399 -0.0954018 0.243991 
44.4445 0.00107826 2.08718e-06 0.000441852 -0.000117148 -0.00130408 -0.0944981 0.244015 
44.4445 0.00113015 4.6681e-06 0.000400488 -0.000184022 -0.00126201 -0.0944981 0.244015 
44.9161 0.00110805 3.85811e-06 0.000412214 -0.000165652 -0.0012741 -0.0935696 0.244047 
45.9199 0.00106218 2.40477e-06 0.000437442 -0.000128046 -0.00129819 -0.0916122 0.244104 
47.2222 0.00100497 1.04724e-06 0.000470672 -8.21921e-05 -0.00132617 -0.0891108 0.244159 
48.5246 0.000950272 2.56105e-07 0.000504409 -3.95242e-05 -0.00135062 -0.086652 0.244192 
49.5284 0.000909774 1.30354e-08 0.000530719 -8.72489e-06 -0.00136715 -0.0847855 0.244202 
50 0.000891235 4.61243e-09 0.000543163 5.13678e-06 -0.00137424 -0.0839171 0.244202 
50 0.000933114 3.99812e-07 0.000493483 -5.01745e-05 -0.0013527 -0.0839171 0.244202 
58.5446 0.000621911 6.46592e-06 0.000721832 0.000164728 -0.00145136 -0.068509 0.243932 
78.6961 0.00019456 7.3076e-05 0.00125085 0.000309743 -0.00130784 -0.0383186 0.240262 
110.517 2.96153e-06 0.000215523 0.00187107 6.56285e-05 -0.000652631 -0.0047276 0.228167 
154.209 6.26889e-05 0.000343941 0.00218169 -0.000381439 0.000181722 0.021751 0.204516 
210.061 0.000168879 0.000364764 0.00196203 -0.000644737 0.000679495 0.0357003 0.170451 
278.457 0.000187321 0.000281604 0.00137907 -0.000596624 0.00070137 0.037599 0.130949 
359.896 0.00013265 0.0001663 0.000770158 -0.000385822 0.000469695 0.03164 0.0923371 
455.009 6.82764e-05 7.74215e-05 0.000346606 -0.000188866 0.000233291 0.0226996 0.0596474 
564.594 2.70472e-05 2.89575e-05 0.000127016 -7.26993e-05 9.04201e-05 0.0142871 0.0352571 
689.661 8.48898e-06 8.79552e-06 3.81184e-05 -2.24464e-05 2.8015e-05 0.00800407 0.0190382 
831.497 2.13935e-06 2.1768e-06 9.37031e-06 -5.60581e-06 7.00898e-06 0.00401813 0.00936178 
991.766 4.33594e-07 4.37019e-07 1.87449e-06 -1.13078e-06 1.41509e-06 0.00180894 0.00416883 
1172.67 6.99925e-08 7.02205e-08 3.00667e-07 -1.82115e-07 2.28e-07 0.00072679 0.00166601 
1377.2 8.8005e-09 8.81111e-09 3.76978e-08 -2.28748e-08 2.86436e-08 0.000257713 0.000589354 
1609.61 8.29436e-10 8.29757e-10 3.54895e-09 -2.15504e-09 2.69871e-09 7.91179e-05 0.00018076 
1876.31 5.50391e-11 5.50454e-11 2.35412e-10 -1.42983e-10 1.79061e-10 2.03807e-05 4.65486e-05 
2187.86 2.31261e-12 2.3126e-12 9.88967e-12 -6.00745e-12 7.52308e-12 4.17767e-06 9.54052e-06 
2564.42 5.011e-14 5.01167e-14 2.14338e-13 -1.30179e-13 1.63045e-13 6.14958e-07 1.40442e-06 
3057.69 3.32275e-16 3.31885e-16 1.42033e-15 -8.62642e-16 1.07975e-15 5.00763e-08 1.14391e-07 
