0 0.0027016 0.000300108 -1.43723e-19 -0.00181925 -1.78402e-05 0.181663 -0.22283 
0.4716 0.00266701 0.000291158 7.54993e-08 -0.00178041 -5.47879e-05 0.180496 -0.223146 
1.47542 0.00259461 0.000272658 7.32289e-07 -0.00169937 -0.000131486 0.178029 -0.223801 
2.77778 0.00250311 0.000249753 2.56534e-06 -0.00159749 -0.000227106 0.174862 -0.224619 
4.08014 0.00241432 0.000228059 5.47036e-06 -0.00149922 -0.000318421 0.171733 -0.225402 
5.08396 0.0023477 0.000212146 8.41714e-06 -0.00142588 -0.000385926 0.169347 -0.225981 
5.55556 0.00231693 0.000204909 1.00089e-05 -0.00139213 -0.000416788 0.168234 -0.226246 
5.55556 0.0024513 0.000221207 8.88701e-06 -0.00153502 -0.000231536 0.168234 -0.226246 
6.02716 0.00241893 0.000213874 1.06619e-05 -0.00149936 -0.000264495 0.167119 -0.226509 
7.03098 0.00235124 0.000198771 1.49444e-05 -0.00142509 -0.000332711 0.164764 -0.227054 
8.33333 0.00226585 0.000180181 2.14959e-05 -0.00133195 -0.000417355 0.161744 -0.227731 
9.63569 0.00218313 0.000162698 2.91318e-05 -0.00124236 -0.00049774 0.158765 -0.228376 
10.6395 0.00212117 0.000149959 3.57309e-05 -0.00117568 -0.000556857 0.156496 -0.22885 
11.1111 0.00209259 0.00014419 3.90398e-05 -0.00114505 -0.000583792 0.155438 -0.229066 
11.1111 0.00221049 0.000159092 3.4784e-05 -0.00127422 -0.000422303 0.155438 -0.229066 
11.5827 0.00218031 0.000153173 3.82841e-05 -0.00124173 -0.000451309 0.154373 -0.229283 
12.5865 0.00211728 0.000141034 4.62303e-05 -0.00117416 -0.000511153 0.152125 -0.229731 
13.8889 0.00203788 0.000126195 5.75154e-05 -0.00108965 -0.000585022 0.149246 -0.230284 
15.1912 0.00196111 0.000112354 6.986e-05 -0.00100861 -0.00065474 0.146407 -0.230807 
16.1951 0.00190368 0.000102347 8.00694e-05 -0.000948449 -0.000705716 0.144248 -0.23119 
16.6667 0.00187722 9.78403e-05 8.50682e-05 -0.000920862 -0.000728853 0.143242 -0.231363 
16.6667 0.00198006 0.000110877 7.60424e-05 -0.00103684 -0.000590994 0.143242 -0.231363 
17.1383 0.00195203 0.000106185 8.12136e-05 -0.00100746 -0.000616171 0.142224 -0.231539 
18.1421 0.00189354 9.66099e-05 9.26929e-05 -0.000946455 -0.000667929 0.140077 -0.231901 
19.4444 0.00181996 8.50027e-05 0.000108512 -0.000870362 -0.000731443 0.137329 -0.232346 
20.7468 0.00174893 7.42862e-05 0.000125332 -0.000797614 -0.000790965 0.134622 -0.232762 
21.7506 0.00169588 6.66141e-05 0.00013895 -0.00074376 -0.000834197 0.132565 -0.233063 
22.2222 0.00167145 6.31818e-05 0.000145538 -0.00071911 -0.000853729 0.131606 -0.233199 
22.2222 0.00176055 0.000887138 0.00108937 -0.00715468 0.000453537 0.131606 -0.233199 
22.6938 0.00175506 0.000877294 0.00109465 -0.00710376 0.000430715 0.131401 -0.233688 
23.6976 0.00174339 0.000856481 0.00110668 -0.00699563 0.00038268 0.130964 -0.23472 
25 0.00172836 0.000829793 0.0011239 -0.00685602 0.00032154 0.130398 -0.236039 
26.3024 0.0017135 0.000803502 0.00114299 -0.00671747 0.000261847 0.129836 -0.237338 
27.3062 0.0017022 0.000783537 0.00115901 -0.00661159 0.000216899 0.129407 -0.238325 
27.7778 0.00169695 0.000774253 0.00116694 -0.00656216 0.000196119 0.129207 -0.238784 
27.7778 0.00178504 5.98002e-05 0.000125709 -0.000764894 -0.000801399 0.129207 -0.238784 
28.2494 0.00175715 5.644e-05 0.000132659 -0.000737266 -0.00082433 0.128194 -0.238907 
29.2532 0.00169905 4.96707e-05 0.000147933 -0.000680109 -0.000871204 0.126057 -0.239155 
30.5556 0.00162614 4.16418e-05 0.000168684 -0.000609213 -0.000928194 0.123322 -0.239454 
31.8579 0.00155595 3.44316e-05 0.000190435 -0.000541879 -0.000981005 0.120632 -0.239727 
32.8617 0.00150366 2.94114e-05 0.000207847 -0.000492333 -0.00101895 0.118587 -0.23992 
33.3333 0.00147962 2.72094e-05 0.000216213 -0.000469744 -0.00103597 0.117636 -0.240006 
33.3333 0.00155447 3.50429e-05 0.000194972 -0.000561379 -0.000946232 0.117636 -0.240006 
33.8049 0.00152897 3.26168e-05 0.000203402 -0.000537137 -0.000965286 0.116667 -0.240097 
34.8088 0.00147588 2.77869e-05 0.000221758 -0.000487092 -0.00100404 0.114623 -0.24028 
36.1111 0.00140936 2.21771e-05 0.000246374 -0.000425233 -0.00105076 0.11201 -0.240495 
37.4135 0.00134541 1.7278e-05 0.000271838 -0.000366723 -0.00109361 0.10944 -0.240687 
38.4173 0.00129782 1.39666e-05 0.000292009 -0.000323831 -0.00112408 0.107487 -0.240818 
38.8889 0.00127597 1.2546e-05 0.000301641 -0.000304325 -0.00113765 0.106578 -0.240875 
38.8889 0.00133891 1.80042e-05 0.000272722 -0.000383404 -0.00107041 0.106578 -0.240875 
39.3605 0.00131567 1.63669e-05 0.000282355 -0.000362369 -0.00108593 0.105649 -0.240939 
40.3643 0.00126732 1.3172e-05 0.000303199 -0.000319053 -0.00111732 0.10369 -0.241064 
41.6667 0.00120682 9.59539e-06 0.000330891 -0.000265733 -0.00115477 0.101184 -0.241206 
42.969 0.00114875 6.63243e-06 0.000359263 -0.000215547 -0.00118865 0.0987199 -0.241325 
43.9728 0.0011056 4.74856e-06 0.000381561 -0.000178926 -0.00121242 0.096848 -0.241403 
44.4445 0.0010858 3.97946e-06 0.000392158 -0.000162323 -0.0012229 0.0959768 -0.241434 
44.4445 0.00113805 7.22042e-06 0.000355446 -0.000229664 -0.00117662 0.0959768 -0.241434 
44.9161 0.00111696 6.2489e-06 0.000365981 -0.000211666 -0.00118898 0.0950829 -0.241473 
45.9199 0.0010731 4.4318e-06 0.000388664 -0.000174719 -0.00121376 0.0931977 -0.241546 
47.2222 0.0010183 2.56464e-06 0.000418581 -0.000129474 -0.00124291 0.0907869 -0.241623 
48.5246 0.000965791 1.22519e-06 0.000448997 -8.71511e-05 -0.00126881 0.0884151 -0.241678 
49.5284 0.000926829 5.35627e-07 0.000472747 -5.64497e-05 -0.00128665 0.0866133 -0.241708 
50 0.000908968 3.10831e-07 0.00048399 -4.2586e-05 -0.0012944 0.0857746 -0.241717 
50 0.00095168 1.5261e-06 0.000439721 -9.89978e-05 -0.00126738 0.0857746 -0.241717 
58.9162 0.000638729 3.7397e-06 0.000656567 0.000126959 -0.001383 0.0702703 -0.241612 
79.944 0.000205583 6.30201e-05 0.00116608 0.00029568 -0.0012751 0.0398664 -0.238297 
113.149 4.62104e-06 0.000198701 0.00177365 7.87151e-05 -0.000660159 0.005977 -0.226679 
158.741 5.61663e-05 0.000324926 0.00208998 -0.000350928 0.000147636 -0.0208378 -0.20354 
217.021 0.000159441 0.000348867 0.00189296 -0.000612658 0.000640763 -0.0351086 -0.169934 
288.392 0.000179691 0.000271418 0.0013377 -0.000573681 0.000672954 -0.0372715 -0.13078 
373.373 0.000128333 0.000161209 0.000750476 -0.000373638 0.000454434 -0.0314979 -0.092383 
472.622 6.64562e-05 7.54232e-05 0.000339209 -0.000183911 0.000227046 -0.0226663 -0.0597904 
586.973 2.64642e-05 2.83439e-05 0.000124851 -7.11455e-05 8.8453e-05 -0.0143035 -0.0354146 
717.479 8.34847e-06 8.65118e-06 3.7645e-05 -2.20765e-05 2.75445e-05 -0.00803372 -0.019167 
865.482 2.11522e-06 2.15236e-06 9.30183e-06 -5.54273e-06 6.92814e-06 -0.00404382 -0.00944922 
1032.72 4.31218e-07 4.34628e-07 1.87154e-06 -1.12459e-06 1.40696e-06 -0.00182584 -0.00421988 
1221.49 7.00639e-08 7.02921e-08 3.02148e-07 -1.82301e-07 2.28172e-07 -0.000735971 -0.00169189 
1434.92 8.8744e-09 8.88507e-09 3.81623e-08 -2.30668e-08 2.88765e-08 -0.000261928 -0.000600707 
1677.44 8.43405e-10 8.4373e-10 3.62276e-09 -2.19133e-09 2.74344e-09 -8.07479e-05 -0.000185012 
1955.74 5.65044e-11 5.65108e-11 2.42619e-10 -1.46789e-10 1.8378e-10 -2.09004e-05 -4.78722e-05 
2280.83 2.40089e-12 2.40088e-12 1.03071e-11 -6.23677e-12 7.80822e-12 -4.30823e-06 -9.86684e-06 
2673.77 5.27307e-14 5.27374e-14 2.26428e-13 -1.36987e-13 1.71527e-13 -6.38477e-07 -1.46232e-06 
3188.49 3.55964e-16 3.55574e-16 1.527e-15 -9.24179e-16 1.15635e-15 -5.24586e-08 -1.20151e-07 
