0 0.00257957 0.000286551 -1.81302e-19 -0.00173707 -2.70943e-05 -0.17977 0.220842 
0.4716 0.00254788 0.000278346 6.59553e-08 -0.00170147 -6.09362e-05 -0.178663 0.221141 
1.47542 0.00248151 0.000261363 6.39963e-07 -0.00162713 -0.000131262 -0.17632 0.221763 
2.77778 0.00239754 0.000240295 2.24301e-06 -0.00153355 -0.000219089 -0.173311 0.222541 
4.08014 0.00231595 0.000220293 4.78536e-06 -0.00144314 -0.000303134 -0.170337 0.223286 
5.08396 0.00225466 0.000205589 7.36589e-06 -0.00137557 -0.000365381 -0.168068 0.223838 
5.55556 0.00222633 0.000198892 8.76035e-06 -0.00134446 -0.000393875 -0.167009 0.224091 
5.55556 0.00235544 0.00021451 7.77844e-06 -0.00148176 -0.000215842 -0.167009 0.224091 
6.02716 0.00232563 0.000207721 9.33424e-06 -0.00144886 -0.00024628 -0.165948 0.224343 
7.03098 0.00226325 0.000193718 1.309e-05 -0.00138028 -0.000309363 -0.163707 0.224864 
8.33333 0.00218445 0.000176439 1.884e-05 -0.00129415 -0.000387802 -0.160832 0.225513 
9.63569 0.00210802 0.00016014 2.55471e-05 -0.00121117 -0.000462481 -0.157994 0.226133 
10.6395 0.00205069 0.000148229 3.13477e-05 -0.0011493 -0.000517532 -0.155831 0.22659 
11.1111 0.00202422 0.000142825 3.42574e-05 -0.00112085 -0.000542653 -0.154822 0.226798 
11.1111 0.00213827 0.000157209 3.05229e-05 -0.0012458 -0.000386216 -0.154822 0.226798 
11.5827 0.00211033 0.000151666 3.36029e-05 -0.00121562 -0.00041326 -0.153807 0.227007 
12.5865 0.00205191 0.000140276 4.05989e-05 -0.00115279 -0.000469145 -0.151663 0.22744 
13.8889 0.00197823 0.000126307 5.05423e-05 -0.00107406 -0.000538307 -0.148915 0.227976 
15.1912 0.00190688 0.000113227 6.14286e-05 -0.000998421 -0.000603786 -0.146205 0.228484 
16.1951 0.00185343 0.000103734 7.04388e-05 -0.000942166 -0.000651803 -0.144141 0.228857 
16.6667 0.00182878 9.94481e-05 7.48525e-05 -0.00091634 -0.000673639 -0.143179 0.229027 
16.6667 0.00192896 0.00011217 6.69106e-05 -0.00102932 -0.00053876 -0.143179 0.229027 
17.1383 0.00190286 0.000107713 7.148e-05 -0.00100182 -0.000562493 -0.142207 0.229199 
18.1421 0.00184834 9.85956e-05 8.16289e-05 -0.000944651 -0.000611378 -0.140155 0.229553 
19.4444 0.00177966 8.74958e-05 9.56264e-05 -0.0008732 -0.000671561 -0.137527 0.229989 
20.7468 0.00171324 7.71944e-05 0.000110523 -0.000804738 -0.000728181 -0.134936 0.230399 
21.7506 0.00166356 6.97821e-05 0.000122594 -0.000753952 -0.000769458 -0.132965 0.230698 
22.2222 0.00164067 6.64545e-05 0.000128436 -0.000730676 -0.000788154 -0.132047 0.230833 
22.2222 0.00172813 0.000886338 0.000961359 -0.0070853 0.000482158 -0.132047 0.230833 
22.6938 0.00172205 0.00087647 0.000965575 -0.00703334 0.000459119 -0.131815 0.231307 
23.6976 0.00170912 0.000855597 0.000975212 -0.00692296 0.000410556 -0.131319 0.232307 
25 0.00169241 0.000828808 0.000989083 -0.00678033 0.000348588 -0.130676 0.233586 
26.3024 0.00167583 0.000802387 0.00100454 -0.00663861 0.000287891 -0.130034 0.234845 
27.3062 0.00166317 0.000782298 0.00101755 -0.00653017 0.000242044 -0.129542 0.235802 
27.7778 0.00165726 0.000772949 0.001024 -0.0064795 0.000220802 -0.129311 0.236247 
27.7778 0.00174329 6.2889e-05 0.000110312 -0.000775172 -0.000738145 -0.129311 0.236247 
28.2494 0.00171725 5.96273e-05 0.000116447 -0.000749144 -0.000759987 -0.128342 0.236369 
29.2532 0.00166294 5.30289e-05 0.000129938 -0.000695216 -0.00080475 -0.126296 0.236617 
30.5556 0.00159468 4.51469e-05 0.000148284 -0.00062817 -0.000859405 -0.123677 0.236918 
31.8579 0.00152886 3.8004e-05 0.000167535 -0.000564319 -0.000910316 -0.121098 0.237195 
32.8617 0.00147974 3.29843e-05 0.00018296 -0.000517217 -0.000947082 -0.119136 0.237392 
33.3333 0.00145714 3.07679e-05 0.000190375 -0.000495708 -0.000963629 -0.118223 0.23748 
33.3333 0.00153085 3.87667e-05 0.000171673 -0.00058595 -0.000873505 -0.118223 0.23748 
33.8049 0.00150689 3.63433e-05 0.000179152 -0.000562882 -0.000891944 -0.117294 0.237573 
34.8088 0.00145694 3.1488e-05 0.000195448 -0.000515179 -0.00092957 -0.115334 0.237761 
36.1111 0.00139425 2.57849e-05 0.000217323 -0.000456056 -0.000975182 -0.112825 0.237985 
37.4135 0.00133388 2.07291e-05 0.000239978 -0.000399957 -0.0010173 -0.110355 0.238187 
38.4173 0.00128888 1.72564e-05 0.000257941 -0.000358712 -0.00104745 -0.108478 0.238328 
38.8889 0.00126819 1.57485e-05 0.000266524 -0.000339919 -0.00106094 -0.107604 0.238389 
38.8889 0.00133074 2.15845e-05 0.000240972 -0.000418516 -0.000991587 -0.107604 0.238389 
39.3605 0.00130876 1.98751e-05 0.000249565 -0.00039827 -0.0010069 -0.106711 0.238457 
40.3643 0.00126297 1.65019e-05 0.00026817 -0.000356497 -0.001038 -0.104828 0.238591 
41.6667 0.00120556 1.26466e-05 0.000292916 -0.000304912 -0.00107536 -0.102418 0.238747 
42.969 0.00115035 9.35531e-06 0.0003183 -0.000256176 -0.00110949 -0.100045 0.238882 
43.9728 0.00110925 7.18708e-06 0.000338271 -0.000220488 -0.00113366 -0.0982416 0.238973 
44.4445 0.00109037 6.27554e-06 0.000347769 -0.000204271 -0.00114439 -0.0974019 0.239011 
44.4445 0.00114285 1.00776e-05 0.000315212 -0.000271896 -0.00109451 -0.0974019 0.239011 
44.9161 0.00112275 8.9761e-06 0.000324666 -0.00025434 -0.001107 -0.0965415 0.239056 
45.9199 0.00108092 6.86319e-06 0.000345035 -0.000218218 -0.00113217 -0.0947261 0.239143 
47.2222 0.00102855 4.57564e-06 0.000371931 -0.000173808 -0.0011621 -0.0924028 0.239238 
48.5246 0.000978257 2.77787e-06 0.000399314 -0.000132073 -0.00118905 -0.0901154 0.239314 
49.5284 0.000940868 1.71141e-06 0.000420721 -0.000101665 -0.00120786 -0.0883766 0.23936 
50 0.000923707 1.30294e-06 0.000430863 -8.7894e-05 -0.00121613 -0.0875669 0.239377 
50 0.000967112 3.23149e-06 0.000391454 -0.000145221 -0.00118427 -0.0875669 0.239377 
59.304 0.000653255 1.85615e-06 0.000597089 9.04557e-05 -0.0013153 -0.0719685 0.239429 
81.2462 0.000215718 5.4161e-05 0.00108719 0.000280786 -0.00124059 -0.0413566 0.236453 
115.895 6.49654e-06 0.000183165 0.00168128 8.96088e-05 -0.000664446 -0.00717699 0.225292 
163.47 5.02664e-05 0.000306932 0.00200168 -0.000322662 0.000116656 0.0199637 0.202639 
224.285 0.000150512 0.00033357 0.00182557 -0.000582059 0.000604037 0.0345451 0.16947 
298.76 0.000172312 0.000261481 0.00129682 -0.000551399 0.000645434 0.0369623 0.130643 
387.436 0.000124088 0.000156179 0.000730781 -0.00036163 0.00043942 0.0313665 0.0924473 
491.001 6.46384e-05 7.3422e-05 0.000331693 -0.000178956 0.00022081 0.0226384 0.0599424 
610.325 2.58715e-05 2.7719e-05 0.000122607 -6.95646e-05 8.64546e-05 0.0143223 0.035576 
746.506 8.20209e-06 8.50068e-06 3.71374e-05 -2.16909e-05 2.7055e-05 0.00806425 0.0192972 
900.946 2.08899e-06 2.12576e-06 9.22259e-06 -5.47411e-06 6.84045e-06 0.00406977 0.0095371 
1075.46 4.283e-07 4.31691e-07 1.86604e-06 -1.11699e-06 1.39708e-06 0.00184279 0.00427106 
1272.44 7.00327e-08 7.02607e-08 3.03168e-07 -1.8222e-07 2.28012e-07 0.000745164 0.00171783 
1495.15 8.93409e-09 8.94482e-09 3.85656e-08 -2.3222e-08 2.90633e-08 0.00026615 0.000612099 
1748.21 8.56003e-10 8.56332e-10 3.6909e-09 -2.22406e-09 2.78371e-09 8.23833e-05 0.000189288 
2038.61 5.78857e-11 5.78922e-11 2.49499e-10 -1.50378e-10 1.88225e-10 2.14233e-05 4.92075e-05 
2377.85 2.48653e-12 2.48653e-12 1.07155e-11 -6.45924e-12 8.08469e-12 4.44015e-06 1.01975e-05 
2787.87 5.53353e-14 5.53419e-14 2.38522e-13 -1.43753e-13 1.79954e-13 6.62373e-07 1.52132e-06 
3324.97 3.80114e-16 3.79726e-16 1.63629e-15 -9.86916e-16 1.23441e-15 5.48982e-08 1.26066e-07 
