0 0.00246195 0.000273486 3.83084e-21 -0.00165787 -3.65799e-05 0.177957 -0.219017 
0.4716 0.00243293 0.000265964 5.75975e-08 -0.00162525 -6.75734e-05 0.176905 -0.2193 
1.47542 0.0023721 0.000250377 5.5907e-07 -0.00155707 -0.000132046 0.17468 -0.21989 
2.77778 0.00229505 0.000231004 1.96041e-06 -0.00147113 -0.000212696 0.17182 -0.22063 
4.08014 0.0022201 0.00021257 4.18437e-06 -0.00138797 -0.000290022 0.16899 -0.221339 
5.08396 0.00216373 0.00019899 6.44311e-06 -0.00132575 -0.000347396 0.166831 -0.221866 
5.55556 0.00213766 0.000192796 7.66414e-06 -0.00129707 -0.00037369 0.165823 -0.222108 
5.55556 0.00226163 0.000207753 6.8051e-06 -0.0014289 -0.000202729 0.165823 -0.222108 
6.02716 0.00223418 0.000201473 8.16818e-06 -0.00139857 -0.000230825 0.164814 -0.222348 
7.03098 0.00217671 0.000188499 1.14602e-05 -0.00133528 -0.000289126 0.16268 -0.222847 
8.33333 0.00210404 0.000172452 1.65038e-05 -0.00125568 -0.000361764 0.159941 -0.223469 
9.63569 0.00203345 0.000157272 2.23915e-05 -0.00117885 -0.000431084 0.157236 -0.224064 
10.6395 0.00198043 0.00014615 2.74868e-05 -0.00112149 -0.000482296 0.155172 -0.224504 
11.1111 0.00195594 0.000141095 3.00438e-05 -0.00109509 -0.000505701 0.15421 -0.224705 
11.1111 0.00206614 0.000154962 2.67687e-05 -0.00121582 -0.000354351 0.15421 -0.224705 
11.5827 0.00204028 0.000149778 2.94771e-05 -0.00118781 -0.000379539 0.153242 -0.224907 
12.5865 0.00198618 0.000139106 3.56319e-05 -0.00112943 -0.000431667 0.151196 -0.225324 
13.8889 0.00191785 0.000125978 4.43865e-05 -0.00105617 -0.000496336 0.148573 -0.225843 
15.1912 0.00185159 0.000113642 5.3979e-05 -0.000985644 -0.000557739 0.145984 -0.226336 
16.1951 0.00180189 0.000104659 6.19241e-05 -0.000933105 -0.000602889 0.144011 -0.226699 
16.6667 0.00177895 0.000100593 6.58178e-05 -0.000908959 -0.000623459 0.143091 -0.226865 
16.6667 0.0018764 0.00011298 5.88345e-05 -0.00101886 -0.000491758 0.143091 -0.226865 
17.1383 0.00185212 0.000108757 6.28685e-05 -0.000993152 -0.00051409 0.142162 -0.227032 
18.1421 0.00180134 0.000100098 7.18329e-05 -0.000939644 -0.000560173 0.1402 -0.227378 
19.4444 0.00173729 8.95158e-05 8.42065e-05 -0.000872647 -0.000617075 0.137685 -0.227805 
20.7468 0.00167527 7.96483e-05 9.73868e-05 -0.000808319 -0.000670802 0.135205 -0.228209 
21.7506 0.00162881 7.25161e-05 0.000108075 -0.000760509 -0.000710101 0.133317 -0.228504 
22.2222 0.00160737 6.93044e-05 0.00011325 -0.000738569 -0.000727942 0.132437 -0.228638 
22.2222 0.00169306 0.000882702 0.000847688 -0.00699864 0.000505891 0.132437 -0.228638 
22.6938 0.00168654 0.000872886 0.000851027 -0.0069462 0.000482866 0.132182 -0.229097 
23.6976 0.00167266 0.000852115 0.000858699 -0.00683476 0.000434277 0.131637 -0.230065 
25 0.0016547 0.000825436 0.000869813 -0.0066907 0.000372153 0.130928 -0.231304 
26.3024 0.00163682 0.000799099 0.000882265 -0.00654743 0.000311152 0.130219 -0.232523 
27.3062 0.00162313 0.000779055 0.000892798 -0.00643771 0.000264962 0.129673 -0.233449 
27.7778 0.00161674 0.000769721 0.000898032 -0.00638641 0.000243524 0.129417 -0.23388 
27.7778 0.00170066 6.56414e-05 9.67415e-05 -0.00078221 -0.000679389 0.129417 -0.23388 
28.2494 0.00167637 6.24887e-05 0.000102154 -0.000757724 -0.000700143 0.12849 -0.234001 
29.2532 0.00162565 5.60873e-05 0.000114063 -0.000706922 -0.000742776 0.126531 -0.234249 
30.5556 0.00156182 4.83927e-05 0.000130272 -0.000643622 -0.000795032 0.124022 -0.23455 
31.8579 0.00150016 4.13642e-05 0.000147299 -0.000583185 -0.000843937 0.121549 -0.234829 
32.8617 0.00145407 3.63857e-05 0.000160953 -0.000538498 -0.000879414 0.119668 -0.235029 
33.3333 0.00143285 3.41751e-05 0.000167521 -0.00051806 -0.000895429 0.118791 -0.235119 
33.3333 0.00150533 4.22793e-05 0.000151064 -0.000606798 -0.000805292 0.118791 -0.235119 
33.8049 0.00148283 3.98777e-05 0.000157694 -0.000584892 -0.000823065 0.1179 -0.235214 
34.8088 0.00143591 3.504e-05 0.00017215 -0.000539523 -0.000859441 0.116019 -0.235405 
36.1111 0.00137691 2.93042e-05 0.000191573 -0.00048315 -0.000903753 0.113611 -0.235636 
37.4135 0.00132 2.41564e-05 0.000211711 -0.000429504 -0.000944913 0.111238 -0.235846 
38.4173 0.0012775 2.05751e-05 0.000227693 -0.000389957 -0.000974555 0.109433 -0.235994 
38.8889 0.00125795 1.90053e-05 0.000235334 -0.000371906 -0.000987871 0.108592 -0.23606 
38.8889 0.00132 2.51425e-05 0.000212772 -0.000449867 -0.000916892 0.108592 -0.23606 
39.3605 0.00129923 2.33856e-05 0.000220429 -0.000430438 -0.00093191 0.107735 -0.236131 
40.3643 0.00125593 1.98882e-05 0.00023702 -0.000390279 -0.000962511 0.105924 -0.236273 
41.6667 0.00120156 1.58272e-05 0.00025911 -0.00034054 -0.000999518 0.103606 -0.236441 
42.969 0.00114917 1.22831e-05 0.000281796 -0.000293386 -0.00103358 0.101322 -0.236589 
43.9728 0.0011101 9.89011e-06 0.000299663 -0.000258747 -0.0010579 0.099585 -0.236691 
44.4445 0.00109213 8.8645e-06 0.000308166 -0.000242974 -0.00106876 0.0987757 -0.236735 
44.4445 0.0011447 1.31387e-05 0.000279317 -0.000310708 -0.00101584 0.0987757 -0.236735 
44.9161 0.00112559 1.19354e-05 0.000287789 -0.000293655 -0.00102834 0.0979476 -0.236785 
45.9199 0.00108577 9.5872e-06 0.000306057 -0.000258491 -0.00105366 0.0961996 -0.236883 
47.2222 0.00103583 6.95917e-06 0.000330207 -0.000215106 -0.00108402 0.0939612 -0.236994 
48.5246 0.000987771 4.78414e-06 0.000354825 -0.000174165 -0.00111165 0.0917557 -0.237088 
49.5284 0.000951979 3.40375e-06 0.000374093 -0.000144219 -0.00113115 0.0900779 -0.237148 
50 0.000935531 2.84127e-06 0.000383228 -0.000130622 -0.00113979 0.0892964 -0.237173 
50 0.000979491 5.38623e-06 0.000348176 -0.000188682 -0.00110371 0.0892964 -0.237173 
59.7086 0.000665525 6.84018e-07 0.000542925 5.54248e-05 -0.00124862 0.0736064 -0.237374 
82.605 0.000224933 4.63768e-05 0.00101378 0.000265317 -0.00120472 0.0427918 -0.234724 
118.76 8.52393e-06 0.000168823 0.00159373 9.85426e-05 -0.000665841 0.00833016 -0.223998 
168.404 4.49366e-05 0.000289912 0.00191671 -0.000296498 8.85707e-05 -0.0191264 -0.20181 
231.864 0.000142069 0.000318859 0.00175989 -0.000552887 0.000569237 -0.0340081 -0.169054 
309.578 0.000165181 0.000251798 0.00125651 -0.000529779 0.000618809 -0.0366703 -0.130538 
402.11 0.000119921 0.000151218 0.000711126 -0.000349815 0.000424672 -0.031245 -0.0925287 
510.179 6.28275e-05 7.14232e-05 0.000324088 -0.000174013 0.000214598 -0.0226156 -0.0601029 
634.692 2.52715e-05 2.70855e-05 0.000120294 -6.79629e-05 8.44325e-05 -0.0143433 -0.035741 
776.795 8.05066e-06 8.34484e-06 3.6599e-05 -2.12918e-05 2.65491e-05 -0.0080956 -0.0194287 
937.952 2.06085e-06 2.09721e-06 9.1335e-06 -5.40049e-06 6.74662e-06 -0.00409597 -0.00962543 
1120.05 4.24881e-07 4.28249e-07 1.85815e-06 -1.10808e-06 1.38558e-06 -0.0018598 -0.0043224 
1325.6 6.99049e-08 7.01324e-08 3.03752e-07 -1.81887e-07 2.27538e-07 -0.000754375 -0.00174384 
1557.99 8.98019e-09 8.99095e-09 3.891e-08 -2.33418e-08 2.9206e-08 -0.000270381 -0.000623536 
1822.06 8.67264e-10 8.67596e-10 3.75347e-09 -2.25332e-09 2.81963e-09 -8.40251e-05 -0.00019359 
2125.09 5.9183e-11 5.91896e-11 2.56047e-10 -1.53748e-10 1.92395e-10 -2.19499e-05 -5.05554e-05 
2479.08 2.56942e-12 2.56943e-12 1.11142e-11 -6.67458e-12 8.35215e-12 -4.57353e-06 -1.05326e-05 
2906.94 5.7919e-14 5.79255e-14 2.50599e-13 -1.50464e-13 1.8831e-13 -6.86663e-07 -1.58146e-06 
3467.39 4.04684e-16 4.04301e-16 1.74803e-15 -1.05075e-15 1.31379e-15 -5.73973e-08 -1.32141e-07 
