0 0.00234873 0.000260909 4.23373e-19 -0.00158163 -4.60994e-05 -0.17622 0.217339 
0.4716 0.00232215 0.000254014 5.02822e-08 -0.00155174 -7.44811e-05 -0.17522 0.217608 
1.47542 0.0022664 0.000239712 4.88233e-07 -0.00148921 -0.000133578 -0.173104 0.218168 
2.77778 0.00219573 0.000221902 1.71277e-06 -0.00141031 -0.000207619 -0.170383 0.218871 
4.08014 0.00212689 0.00020492 3.65743e-06 -0.00133385 -0.00027874 -0.167691 0.219547 
5.08396 0.00207506 0.000192385 5.63362e-06 -0.00127657 -0.0003316 -0.165635 0.22005 
5.55556 0.00205107 0.00018666 6.70232e-06 -0.00125014 -0.000355852 -0.164675 0.220281 
5.55556 0.00217002 0.000200974 5.95108e-06 -0.00137663 -0.000191801 -0.164675 0.220281 
6.02716 0.00214477 0.000195167 7.14473e-06 -0.00134868 -0.000217723 -0.163714 0.22051 
7.03098 0.00209184 0.000183155 1.00289e-05 -0.0012903 -0.000271573 -0.161682 0.220987 
8.33333 0.00202484 0.000168265 1.44505e-05 -0.00121677 -0.000338794 -0.159071 0.221583 
9.63569 0.00195968 0.000154142 1.96159e-05 -0.00114569 -0.000403088 -0.156491 0.222154 
10.6395 0.00191068 0.000143768 2.40889e-05 -0.00109255 -0.000450686 -0.154522 0.222578 
11.1111 0.00188803 0.000139045 2.63345e-05 -0.00106807 -0.000472468 -0.153603 0.222771 
11.1111 0.00199441 0.000152399 2.34638e-05 -0.00118461 -0.000326212 -0.153603 0.222771 
11.5827 0.00197049 0.000147557 2.58438e-05 -0.00115863 -0.000349648 -0.15268 0.222966 
12.5865 0.00192042 0.000137571 3.12551e-05 -0.00110443 -0.000398218 -0.150727 0.223368 
13.8889 0.0018571 0.000125255 3.89574e-05 -0.00103632 -0.000458611 -0.148222 0.22387 
15.1912 0.00179561 0.000113641 4.74036e-05 -0.000970626 -0.000516109 -0.145747 0.224348 
16.1951 0.00174943 0.000105158 5.4404e-05 -0.000921612 -0.000558495 -0.143861 0.224701 
16.6667 0.0017281 0.00010131 5.78362e-05 -0.000899062 -0.000577839 -0.142981 0.224862 
16.6667 0.00182277 0.000113347 5.16997e-05 -0.00100583 -0.000449474 -0.142981 0.224862 
17.1383 0.00180019 0.000109355 5.52581e-05 -0.000981816 -0.000470453 -0.142093 0.225025 
18.1421 0.00175295 0.000101151 6.31693e-05 -0.000931797 -0.000513817 -0.140216 0.225362 
19.4444 0.00169329 9.10891e-05 7.40975e-05 -0.000869061 -0.000567509 -0.137809 0.22578 
20.7468 0.00163542 8.16672e-05 8.57479e-05 -0.000808706 -0.000618373 -0.135434 0.226176 
21.7506 0.00159201 7.48293e-05 9.52021e-05 -0.000763768 -0.000655694 -0.133624 0.226467 
22.2222 0.00157198 7.17414e-05 9.97822e-05 -0.000743122 -0.000672673 -0.132781 0.226599 
22.2222 0.00165577 0.000876516 0.000746879 -0.00689685 0.000525151 -0.132781 0.226599 
22.6938 0.00164894 0.000866818 0.000749503 -0.00684442 0.000502335 -0.132507 0.227043 
23.6976 0.00163439 0.000846288 0.000755565 -0.00673297 0.000454141 -0.131921 0.22798 
25 0.00161553 0.000819903 0.000764415 -0.00658883 0.000392426 -0.131157 0.229179 
26.3024 0.00159673 0.000793836 0.000774399 -0.00644542 0.000331707 -0.130392 0.230359 
27.3062 0.00158231 0.000773981 0.000782885 -0.00633551 0.000285641 -0.129802 0.231255 
27.7778 0.00157556 0.000764729 0.000787113 -0.00628409 0.000264232 -0.129525 0.231672 
27.7778 0.00165735 6.80595e-05 8.47926e-05 -0.000786281 -0.00062487 -0.129525 0.231672 
28.2494 0.00163471 6.50238e-05 8.95645e-05 -0.000763277 -0.000644546 -0.128637 0.231792 
29.2532 0.00158739 5.88395e-05 0.00010007 -0.000715487 -0.000685051 -0.126761 0.232037 
30.5556 0.00152775 5.13645e-05 0.000114383 -0.000655819 -0.000734874 -0.124357 0.232338 
31.8579 0.00147005 4.44891e-05 0.000129431 -0.000598713 -0.000781702 -0.121986 0.232618 
32.8617 0.00142686 3.95854e-05 0.00014151 -0.000556397 -0.00081581 -0.120181 0.23282 
33.3333 0.00140695 3.73975e-05 0.000147323 -0.000537016 -0.00083125 -0.11934 0.232911 
33.3333 0.00147813 4.55552e-05 0.00013285 -0.00062415 -0.000741425 -0.11934 0.232911 
33.8049 0.00145704 4.31912e-05 0.000138724 -0.000603389 -0.000758498 -0.118485 0.233006 
34.8088 0.001413 3.84073e-05 0.000151537 -0.000560328 -0.000793531 -0.116681 0.233201 
36.1111 0.00135756 3.26898e-05 0.00016877 -0.000506698 -0.000836396 -0.114369 0.233436 
37.4135 0.00130397 2.75057e-05 0.000186655 -0.000455523 -0.000876424 -0.112089 0.233653 
38.4173 0.00126391 2.38611e-05 0.000200863 -0.000417703 -0.0009054 -0.110354 0.233807 
38.8889 0.00124545 2.22515e-05 0.000207659 -0.000400412 -0.000918462 -0.109545 0.233876 
38.8889 0.00130689 2.86222e-05 0.00018775 -0.0004776 -0.000846287 -0.109545 0.233876 
39.3605 0.0012873 2.68392e-05 0.000194568 -0.000459005 -0.000860934 -0.108721 0.233949 
40.3643 0.00124642 2.32645e-05 0.000209348 -0.000420507 -0.000890878 -0.106981 0.234098 
41.6667 0.00119501 1.90613e-05 0.000229047 -0.000372696 -0.00092729 -0.104751 0.234275 
42.969 0.00114538 1.53307e-05 0.000249302 -0.000327227 -0.000961039 -0.102553 0.234435 
43.9728 0.00110831 1.27657e-05 0.000265269 -0.000293729 -0.000985291 -0.10088 0.234546 
44.4445 0.00109125 1.16511e-05 0.000272873 -0.000278445 -0.000996169 -0.1001 0.234595 
44.4445 0.00114377 1.63179e-05 0.000247327 -0.000346124 -0.000940729 -0.1001 0.234595 
44.9161 0.00112563 1.50375e-05 0.000254911 -0.000329622 -0.000953135 -0.0993034 0.234649 
45.9199 0.0010878 1.25077e-05 0.000271275 -0.000295524 -0.000978388 -0.0976205 0.234757 
47.2222 0.00104027 9.6103e-06 0.000292932 -0.000253322 -0.00100887 -0.0954642 0.234882 
48.5246 0.000994452 7.13055e-06 0.000315036 -0.000213346 -0.00103688 -0.093338 0.23499 
49.5284 0.000960266 5.49289e-06 0.000332356 -0.000184004 -0.00105682 -0.0917197 0.235063 
50 0.000944538 4.8032e-06 0.000340573 -0.00017065 -0.00106571 -0.0909655 0.235094 
50 0.000988922 7.87685e-06 0.000309423 -0.000229269 -0.00102596 -0.0909655 0.235094 
60.1308 0.000675594 1.0648e-07 0.000493638 2.20326e-05 -0.00118329 -0.0751862 0.23544 
84.0229 0.000233211 3.95558e-05 0.000945509 0.000249498 -0.00116786 -0.0441744 0.233101 
121.751 1.06475e-05 0.00015559 0.00151078 0.000105731 -0.000664669 -0.00943883 0.222791 
173.553 4.01279e-05 0.000273819 0.001835 -0.000272297 6.31768e-05 0.0183239 0.201045 
239.773 0.000134089 0.00030472 0.00169594 -0.000525092 0.000536286 0.0334959 0.168683 
320.866 0.000158297 0.000242372 0.00121683 -0.000508822 0.000593072 0.0363942 0.13046 
417.423 0.000115836 0.000146334 0.000691555 -0.000338206 0.000410207 0.0311327 0.0926257 
530.192 6.10278e-05 6.94318e-05 0.000316419 -0.000169095 0.000208424 0.0225974 0.0602711 
660.119 2.46662e-05 2.64454e-05 0.000117923 -6.6346e-05 8.23936e-05 0.0143664 0.0359094 
808.402 7.89491e-06 8.18443e-06 3.60334e-05 -2.08812e-05 2.60294e-05 0.00812773 0.0195616 
976.567 2.03101e-06 2.06693e-06 9.03538e-06 -5.32239e-06 6.64729e-06 0.00412241 0.0097142 
1166.59 4.21002e-07 4.24342e-07 1.84803e-06 -1.09796e-06 1.37259e-06 0.00187688 0.00437391 
1381.07 6.96863e-08 6.99129e-08 3.0392e-07 -1.81318e-07 2.26771e-07 0.000763606 0.00176993 
1623.57 9.01326e-09 9.02404e-09 3.91972e-08 -2.34277e-08 2.93064e-08 0.000274623 0.000635022 
1899.13 8.77218e-10 8.77552e-10 3.81054e-09 -2.27918e-09 2.8513e-09 8.5674e-05 0.000197921 
2215.34 6.03963e-11 6.0403e-11 2.62259e-10 -1.569e-10 1.96292e-10 2.24802e-05 5.19164e-05 
2584.72 2.64946e-12 2.64946e-12 1.15026e-11 -6.88249e-12 8.61023e-12 4.70841e-06 1.08724e-05 
3031.18 6.04766e-14 6.0483e-14 2.62632e-13 -1.57108e-13 1.96578e-13 7.11359e-07 1.64277e-06 
3616.01 4.2963e-16 4.29253e-16 1.86204e-15 -1.11556e-15 1.39435e-15 5.99574e-08 1.38381e-07 
