0 4.99308e-30 1.96983e-29 6.99073e-29 -2.00374e-29 6.21242e-29 -4.85491e-16 1.87754e-15 
0.4716 5.87166e-31 1.50669e-29 1.47445e-29 6.00946e-30 1.94647e-29 -1.66486e-16 1.64128e-15 
1.47542 3.81439e-29 4.46681e-29 1.45657e-28 -8.33979e-29 1.71801e-28 -1.34187e-15 1.81718e-15 
2.77778 9.09722e-28 9.5822e-28 2.37635e-27 -1.88639e-27 3.2062e-27 -6.55317e-15 1.01625e-14 
4.08014 2.28269e-26 3.18918e-26 6.98624e-26 -5.45139e-26 9.47692e-26 -3.28262e-14 5.43506e-14 
5.08396 1.45281e-25 2.7628e-25 5.5509e-25 -4.04784e-25 7.12966e-25 -8.28137e-14 1.85621e-13 
5.55556 2.10386e-25 6.31596e-25 1.21816e-24 -7.36498e-25 1.43343e-24 -9.96565e-14 3.08066e-13 
5.55556 2.22587e-25 8.28858e-22 2.98429e-22 2.83143e-23 1.12084e-21 -9.96565e-14 3.08066e-13 
6.02716 8.25819e-23 3.9342e-22 2.57374e-23 -3.7574e-22 5.35328e-22 -1.91954e-12 1.23668e-12 
7.03098 6.99233e-23 3.32877e-25 5.04454e-22 -1.0057e-23 3.49041e-22 -1.76631e-12 4.15822e-12 
8.33333 1.23121e-20 1.50192e-20 2.75056e-20 -2.8347e-20 4.47573e-20 -2.34381e-11 2.7891e-11 
9.63569 4.08932e-19 4.35034e-19 1.06571e-18 -8.79233e-19 1.49144e-18 -1.35077e-10 1.84148e-10 
10.6395 6.82797e-18 7.87866e-18 1.79241e-17 -1.52893e-17 2.56333e-17 -5.51952e-10 7.62526e-10 
11.1111 2.41117e-17 2.75487e-17 6.33887e-17 -5.37256e-17 8.9933e-17 -1.03722e-09 1.47584e-09 
11.1111 2.54703e-17 1.02791e-15 2.25174e-15 3.47674e-16 2.64131e-15 -1.03722e-09 1.47584e-09 
11.5827 3.56243e-16 1.12756e-15 1.123e-16 -1.36182e-15 1.65884e-15 -3.87906e-09 4.01562e-09 
12.5865 1.84671e-15 1.09369e-15 7.52897e-15 -3.05368e-15 7.52466e-15 -8.83186e-09 1.31054e-08 
13.8889 1.18141e-13 1.42223e-13 2.83199e-13 -2.78525e-13 4.39884e-13 -7.06404e-08 9.34208e-08 
15.1912 3.80154e-12 4.50982e-12 1.04649e-11 -8.89687e-12 1.48027e-11 -4.00712e-07 5.81371e-07 
16.1951 4.92119e-11 6.62589e-11 1.42547e-10 -1.22697e-10 2.02758e-10 -1.44174e-06 2.28741e-06 
16.6667 1.457e-10 2.08859e-10 4.51255e-10 -3.74831e-10 6.26745e-10 -2.48075e-06 4.24243e-06 
16.6667 1.53682e-10 4.36507e-08 3.83318e-08 5.73139e-09 7.45924e-08 -2.48075e-06 4.24243e-06 
17.1383 6.90343e-09 2.81171e-08 1.66525e-09 -3.08297e-08 3.94611e-08 -1.66266e-05 1.38901e-05 
18.1421 1.74179e-08 5.26407e-09 8.82004e-08 -2.1189e-08 7.5845e-08 -2.641e-05 4.52791e-05 
19.4444 1.67264e-06 2.05434e-06 3.88628e-06 -4.10195e-06 6.28551e-06 -0.000258805 0.000327318 
20.7468 5.63029e-05 6.51181e-05 0.000152267 -0.000133989 0.000218587 -0.00150154 0.00212199 
21.7506 0.000819079 0.00106099 0.0022921 -0.00206286 0.00333449 -0.0057271 0.00862998 
22.2222 0.00261332 0.00350689 0.00763109 -0.006699 0.0109036 -0.0102298 0.0163492 
22.2222 0.00275263 0.00717941 0.0567416 -0.0254501 0.0286713 -0.0102298 0.0163492 
22.458 0.0320873 0.0400641 0.040814 -0.205265 0.0897718 -0.0349269 0.0286761 
22.9599 0.0910675 0.0965304 0.0569332 -0.536765 0.206503 -0.0588404 0.0766141 
23.6111 0.0835003 0.0850824 0.140462 -0.482541 0.168116 -0.0563427 0.149027 
24.2623 0.0312778 0.0316119 0.246386 -0.180017 0.0337049 -0.0344836 0.204793 
24.7642 0.00318069 0.0031891 0.296222 -0.0182333 -0.0365004 -0.0109965 0.226002 
25 1.44371e-05 1.19251e-05 0.302549 -7.51174e-05 -0.0440955 0.000740856 0.228223 
25 1.44371e-05 1.73128e-05 0.30256 -9.05094e-05 -0.0440856 0.000740856 0.228223 
25.2358 0.00408285 0.00409329 0.294588 -0.0234039 -0.0342833 0.0124588 0.225366 
25.7377 0.0336751 0.0340287 0.241941 -0.193797 0.0396288 0.0357807 0.202875 
26.3889 0.0859722 0.0876059 0.134975 -0.496839 0.174357 0.0571706 0.145809 
27.0401 0.0912114 0.0967749 0.0531204 -0.537869 0.207242 0.0588869 0.0728192 
27.542 0.0304642 0.0383907 0.0384172 -0.195784 0.0859234 0.0340321 0.0251949 
27.7778 0.00199582 0.00600621 0.0549726 -0.0198212 0.0262235 0.00871072 0.0133446 
27.7778 0.00209942 0.00274559 0.00593396 -0.00562074 0.0087679 0.00871072 0.0133446 
28.2494 0.00062442 0.000799455 0.00171275 -0.0016541 0.00256799 0.00475054 0.00690932 
29.2532 3.89363e-05 4.46133e-05 0.000104193 -9.75743e-05 0.000153195 0.00118627 0.00164053 
30.5556 1.09623e-06 1.38428e-06 2.47649e-06 -2.88396e-06 4.20539e-06 0.000199047 0.00024166 
31.8579 7.13581e-09 4.02434e-10 4.77342e-08 -3.9673e-09 3.65987e-08 1.60593e-05 3.22882e-05 
32.8617 5.66159e-09 2.74903e-08 9.33566e-10 -2.92068e-08 3.77132e-08 1.43045e-05 9.86929e-06 
33.3333 1.77126e-11 5.44763e-08 3.07183e-08 2.2997e-09 8.26058e-08 8.00102e-07 2.14902e-06 
33.3333 1.86086e-11 5.12189e-11 9.21789e-11 -7.42568e-11 1.27064e-10 8.00102e-07 2.14902e-06 
33.8049 1.0423e-11 1.98353e-11 3.70676e-11 -3.45844e-11 5.42349e-11 5.98805e-07 1.23423e-06 
34.8088 1.28547e-12 1.82346e-12 3.82978e-12 -3.68251e-12 5.69701e-12 2.1029e-07 3.29613e-07 
36.1111 3.86288e-14 4.57437e-14 1.01465e-13 -1.01108e-13 1.52311e-13 3.64539e-08 5.5331e-08 
37.4135 1.55484e-15 2.25613e-15 4.16978e-15 -4.50494e-15 6.88306e-15 7.31361e-09 6.56361e-09 
38.4173 1.45918e-18 6.61756e-17 2.42669e-18 2.36357e-17 6.70536e-17 2.24049e-10 2.11e-09 
38.8889 3.01226e-17 1.38413e-15 6.04827e-16 -4.91133e-16 2.0211e-15 1.01797e-09 1.00108e-09 
38.8889 3.16084e-17 2.61815e-17 6.43402e-17 -7.10382e-17 1.04035e-16 1.01797e-09 1.00108e-09 
39.3605 6.28394e-18 5.6339e-18 1.37134e-17 -1.46931e-17 2.18101e-17 4.53889e-10 4.3913e-10 
40.3643 1.69816e-19 1.30676e-19 3.75956e-19 -3.67858e-19 5.65158e-19 7.46144e-11 7.92219e-11 
41.6667 4.04317e-21 5.97036e-21 6.51092e-21 -1.21326e-20 1.54032e-20 1.15132e-11 7.02235e-12 
42.969 1.07352e-22 7.52514e-22 4.31405e-24 -7.01867e-22 9.81012e-22 -1.87602e-12 1.34055e-12 
43.9728 1.63475e-22 1.26014e-21 3.63429e-23 -1.1208e-21 1.65268e-21 2.31504e-12 3.6479e-13 
44.4445 8.23076e-24 4.47477e-21 2.84489e-22 -4.73914e-22 5.36394e-21 -5.19462e-13 -2.76104e-13 
44.4445 8.62691e-24 4.3366e-24 1.27454e-23 -1.54965e-23 2.26166e-23 -5.19462e-13 -2.76104e-13 
44.9161 1.15061e-24 5.80346e-25 1.82423e-24 -2.07032e-24 3.11574e-24 -1.8971e-13 -7.15463e-14 
45.9199 4.61762e-27 1.8174e-29 2.97445e-27 7.33947e-28 6.9075e-27 -1.20181e-14 4.84208e-15 
47.2222 5.55493e-29 1.82585e-28 6.89438e-30 -2.55154e-28 2.16711e-28 -1.31815e-15 4.65954e-15 
48.5246 1.9058e-28 7.11745e-28 1.53077e-28 -9.33107e-28 1.13222e-27 2.44154e-15 1.93429e-16 
49.5284 6.01883e-29 6.19634e-28 2.21574e-29 -4.89276e-28 7.97857e-28 -1.37209e-15 -1.81209e-17 
50 5.3374e-30 2.42525e-27 2.43832e-29 -2.88253e-28 2.83356e-27 4.08593e-16 3.05594e-16 
50 5.58821e-30 1.6372e-30 1.03732e-30 -7.85734e-30 8.39796e-30 4.08593e-16 3.05594e-16 
50.1065 3.6969e-30 1.46891e-31 1.46311e-29 -1.91427e-30 1.37903e-29 3.32333e-16 2.81859e-16 
50.3578 1.64067e-30 5.18626e-31 1.78556e-31 -2.39621e-30 2.33745e-30 2.21393e-16 2.43996e-16 
50.7545 3.07195e-30 9.99185e-31 2.07064e-30 -4.55112e-30 5.8356e-30 3.02943e-16 1.28314e-16 
51.2993 7.75521e-31 7.25253e-31 2.40752e-30 1.94818e-30 3.29794e-30 -1.52213e-16 -3.85069e-17 
51.9956 4.40734e-31 4.94393e-32 3.29364e-30 -3.83454e-31 2.71255e-30 -1.14747e-16 -1.14626e-16 
52.8484 4.20745e-31 1.15926e-31 1.21994e-31 5.73704e-31 6.72313e-31 1.12115e-16 6.75338e-18 
53.8638 3.33327e-31 1.3719e-32 6.14941e-32 1.75665e-31 4.17761e-31 -9.97906e-17 1.20386e-17 
55.0497 3.41111e-32 1.16594e-32 8.12663e-33 -5.18052e-32 5.45e-32 -3.19229e-17 2.31545e-17 
56.416 4.95584e-34 1.89176e-32 2.2453e-34 -7.9539e-33 2.24744e-32 3.84781e-18 9.28415e-18 
57.9753 3.81351e-32 1.74346e-32 1.26857e-34 6.69818e-32 6.16384e-32 3.37534e-17 3.15997e-18 
59.7437 1.35061e-32 3.46724e-33 7.62464e-32 1.77764e-32 6.43437e-32 -2.00872e-17 4.51414e-17 
61.742 4.89886e-33 1.46013e-33 1.63271e-32 6.94755e-33 1.73723e-32 -1.20977e-17 -1.48849e-17 
63.9975 3.52087e-33 1.23622e-33 1.5819e-33 5.41951e-33 6.23914e-33 1.0256e-17 5.23632e-18 
66.5476 1.6075e-34 2.74012e-35 9.95519e-34 1.72405e-34 7.02307e-34 -2.19145e-18 7.95585e-18 
69.4453 1.25237e-34 9.74799e-35 1.11926e-33 -2.8702e-34 8.59939e-34 1.93429e-18 7.19819e-18 
72.7706 1.32567e-35 5.93364e-36 1.3956e-33 -2.30392e-35 7.72181e-34 6.29322e-19 -8.28006e-18 
76.655 3.20573e-34 4.39745e-35 6.79824e-34 -3.08427e-34 7.90902e-34 -3.0947e-18 4.85268e-18 
81.35 4.98675e-34 3.11872e-35 4.30193e-34 3.23955e-34 8.24822e-34 -3.85979e-18 -3.85165e-18 
87.5 1.23228e-34 3.34407e-35 4.74813e-34 1.66756e-34 4.26124e-34 1.91871e-18 4.89332e-18 
