0 6.33244e-29 1.40016e-27 4.3526e-28 6.01614e-28 1.85701e-27 -1.8105e-15 4.12172e-15 
0.4716 1.32172e-28 4.69716e-28 2.30381e-28 -5.0342e-28 7.42441e-28 -2.61566e-15 4.79924e-15 
1.47542 1.73941e-28 9.32902e-30 1.56992e-27 -8.13884e-29 1.01974e-27 -3.00063e-15 8.21431e-15 
2.77778 2.48858e-26 2.9003e-26 5.74214e-26 -5.42801e-26 8.89237e-26 -3.58912e-14 4.31038e-14 
4.08014 7.36321e-25 7.47006e-25 1.86715e-24 -1.49844e-24 2.58555e-24 -1.9523e-13 2.58527e-13 
5.08396 1.15342e-23 1.23687e-23 2.91243e-23 -2.41324e-23 4.12177e-23 -7.72693e-13 1.01282e-12 
5.55556 4.044e-23 4.22836e-23 1.00511e-22 -8.35478e-23 1.4202e-22 -1.44683e-12 1.92339e-12 
5.55556 4.27853e-23 1.15715e-22 9.45643e-22 1.46676e-22 7.74118e-22 -1.44683e-12 1.92339e-12 
6.02716 2.37957e-22 5.04013e-22 2.12749e-22 -7.21916e-22 8.96014e-22 -3.41208e-12 4.12294e-12 
7.03098 2.02379e-21 1.69211e-21 6.60576e-21 -3.85757e-21 7.69604e-21 -9.95069e-12 1.38649e-11 
8.33333 7.91761e-20 9.27281e-20 1.97065e-19 -1.78616e-19 2.91963e-19 -6.22397e-11 8.47711e-11 
9.63569 2.08633e-18 2.4871e-18 5.76925e-18 -4.74848e-18 8.03445e-18 -3.19493e-10 4.70407e-10 
10.6395 2.25418e-17 3.02315e-17 6.60073e-17 -5.44178e-17 9.17317e-17 -1.05018e-09 1.69463e-09 
11.1111 6.19632e-17 8.88068e-17 1.94029e-16 -1.54635e-16 2.63567e-16 -1.74115e-09 3.02134e-09 
11.1111 6.54543e-17 2.28018e-14 8.95038e-15 2.62502e-15 3.1539e-14 -1.74115e-09 3.02134e-09 
11.5827 3.00855e-15 1.29387e-14 1.61655e-15 -1.34061e-14 1.84647e-14 -1.18045e-08 8.74996e-09 
12.5865 5.47872e-15 1.02182e-15 2.64587e-14 -5.08398e-15 2.15988e-14 -1.59297e-08 3.01023e-08 
13.8889 5.23155e-13 6.25471e-13 1.19901e-12 -1.22913e-12 1.92389e-12 -1.55662e-07 1.86876e-07 
15.1912 1.58414e-11 1.69004e-11 4.08381e-11 -3.51579e-11 5.82411e-11 -8.56575e-07 1.1495e-06 
16.1951 2.39452e-10 2.74403e-10 6.23204e-10 -5.50785e-10 9.04211e-10 -3.33026e-06 4.52703e-06 
16.6667 8.15803e-10 9.25445e-10 2.12023e-09 -1.86701e-09 3.05896e-09 -6.14697e-06 8.5687e-06 
16.6667 8.60495e-10 2.6117e-08 4.06272e-08 1.04903e-08 5.68258e-08 -6.14697e-06 8.5687e-06 
17.1383 9.77642e-09 2.99817e-08 5.95995e-09 -3.78853e-08 4.67435e-08 -2.07194e-05 2.07772e-05 
18.1421 5.06731e-08 3.1457e-08 1.88272e-07 -8.83485e-08 1.97975e-07 -4.7171e-05 7.03972e-05 
19.4444 2.74167e-06 3.28603e-06 6.60728e-06 -6.64196e-06 1.03298e-05 -0.000346972 0.000450372 
20.7468 7.9046e-05 9.25314e-05 0.000213942 -0.00018925 0.000307728 -0.00186306 0.00264691 
21.7506 0.000982313 0.00127842 0.00276753 -0.00247978 0.00400857 -0.00656768 0.00999348 
22.2222 0.002937 0.00398029 0.00864539 -0.00756592 0.012315 -0.0113564 0.0183 
22.2222 0.00309357 0.00809265 0.064266 -0.0286448 0.0323821 -0.0113564 0.0183 
22.458 0.0341441 0.0431285 0.046146 -0.21969 0.0968716 -0.0377282 0.0311197 
22.9599 0.0981087 0.104534 0.0596224 -0.579766 0.223221 -0.0639533 0.0807385 
23.6111 0.0915784 0.093577 0.138921 -0.52997 0.184632 -0.0617882 0.156186 
24.2623 0.0345645 0.0349918 0.240367 -0.199099 0.0373068 -0.0379599 0.214606 
24.7642 0.00351009 0.00352737 0.288249 -0.0201444 -0.0404043 -0.0120967 0.236861 
25 1.80928e-05 1.55472e-05 0.294203 -9.60171e-05 -0.0488623 0.000868483 0.239179 
25 1.80928e-05 2.09857e-05 0.294213 -0.000111554 -0.048853 0.000868483 0.239179 
25.2358 0.00457523 0.00459634 0.286565 -0.0262532 -0.0377855 0.0138107 0.23615 
25.7377 0.0373822 0.0378354 0.235783 -0.215304 0.0442726 0.0394768 0.212467 
26.3889 0.0944511 0.0965158 0.133242 -0.546605 0.191895 0.0627499 0.152602 
27.0401 0.0982673 0.104808 0.0555769 -0.580995 0.224059 0.064005 0.0765191 
27.542 0.0323498 0.0412656 0.0434866 -0.20917 0.0926069 0.0367236 0.0272392 
27.7778 0.00224534 0.00677383 0.062251 -0.0223269 0.0296345 0.00967499 0.0149258 
27.7778 0.0023619 0.00311755 0.00672521 -0.00635277 0.00991163 0.00967499 0.0149258 
28.2494 0.000750099 0.000963861 0.00206925 -0.00199064 0.00309083 0.00545229 0.00799989 
29.2532 5.49313e-05 6.37394e-05 0.000146891 -0.000138529 0.000216696 0.00147547 0.00204754 
30.5556 1.78849e-06 2.19002e-06 4.21343e-06 -4.63333e-06 6.87445e-06 0.000266234 0.000333488 
31.8579 2.5027e-08 1.07754e-08 1.04817e-07 -3.84457e-08 1.01334e-07 3.14937e-05 5.01598e-05 
32.8617 7.27915e-09 2.80509e-08 3.24107e-09 -3.34533e-08 4.13057e-08 1.69848e-05 1.43613e-05 
33.3333 2.5863e-10 3.72154e-08 3.15673e-08 7.26317e-09 6.36272e-08 3.20154e-06 4.85683e-06 
33.3333 2.71713e-10 3.55368e-10 7.64325e-10 -7.47409e-10 1.14253e-09 3.20154e-06 4.85683e-06 
33.8049 8.45461e-11 1.08196e-10 2.31454e-10 -2.30047e-10 3.50229e-10 1.78587e-06 2.58309e-06 
34.8088 5.95727e-12 6.89064e-12 1.58608e-11 -1.54105e-11 2.36526e-11 4.74054e-07 6.51714e-07 
36.1111 1.89043e-13 2.33822e-13 4.4129e-13 -5.05694e-13 7.3345e-13 8.4447e-08 1.04193e-07 
37.4135 2.30827e-15 7.8334e-16 1.03517e-14 -3.23432e-15 9.60052e-15 9.33141e-09 1.5451e-08 
38.4173 8.19362e-16 3.41296e-15 3.23706e-16 -4.02224e-15 4.95126e-15 5.55958e-09 4.43687e-09 
38.8889 2.07833e-17 5.1689e-15 3.57824e-15 7.88353e-16 8.33156e-15 8.85444e-10 1.4129e-09 
38.8889 2.18085e-17 3.05673e-17 6.41549e-17 -6.3758e-17 9.62159e-17 8.85444e-10 1.4129e-09 
39.3605 7.09846e-18 9.53499e-18 1.99593e-17 -2.03159e-17 3.04122e-17 5.05162e-10 7.58398e-10 
40.3643 5.31047e-19 6.35207e-19 1.43626e-18 -1.43423e-18 2.16152e-18 1.3817e-10 1.93105e-10 
41.6667 1.69091e-20 2.09843e-20 4.00512e-20 -4.65158e-20 6.64613e-20 2.46552e-11 3.11514e-11 
42.969 2.46138e-22 1.20545e-22 1.01869e-21 -4.25361e-22 1.02842e-21 2.97467e-12 4.52272e-12 
43.9728 6.044e-23 2.27583e-22 2.23652e-23 -2.89618e-22 3.37606e-22 1.47405e-12 1.30959e-12 
44.4445 2.55624e-24 2.75332e-22 3.15888e-22 6.55123e-23 5.30623e-22 3.03144e-13 4.41753e-13 
44.4445 2.67927e-24 3.40069e-24 7.32013e-24 -7.64755e-24 1.12253e-23 3.03144e-13 4.41753e-13 
44.9161 7.95332e-25 1.00218e-24 2.142e-24 -2.26192e-24 3.31433e-24 1.65164e-13 2.31161e-13 
45.9199 5.1408e-26 5.90335e-26 1.3549e-25 -1.39571e-25 2.06212e-25 4.1991e-14 5.66156e-14 
47.2222 1.58516e-27 1.93968e-27 3.57643e-27 -4.44254e-27 6.15249e-27 7.37356e-15 8.70522e-15 
48.5246 1.19604e-29 2.27661e-30 7.75713e-29 -1.32205e-29 6.285e-29 6.40492e-16 1.34299e-15 
49.5284 7.6248e-30 4.08336e-29 3.57633e-30 -4.47047e-29 5.76703e-29 5.11394e-16 3.12023e-16 
50 2.39182e-30 1.03697e-28 8.40182e-29 -3.99005e-29 1.78986e-28 -2.86421e-16 1.31452e-16 
50 2.50421e-30 1.26243e-30 2.21274e-29 -4.61878e-30 1.90067e-29 -2.86421e-16 1.31452e-16 
50.1112 2.11379e-30 1.92915e-30 7.4114e-30 -5.24568e-30 9.43197e-30 -2.63148e-16 1.79531e-16 
50.3734 3.15385e-30 7.09532e-33 6.15056e-31 -3.88593e-31 3.68537e-30 -3.21433e-16 2.41701e-16 
50.7873 1.81777e-31 8.23941e-31 3.05357e-31 -1.00532e-30 1.28388e-30 7.71684e-17 1.74897e-16 
51.3558 1.64877e-31 1.05045e-30 7.00115e-32 -1.08108e-30 1.44693e-30 7.34937e-17 -2.26393e-17 
52.0824 1.48389e-32 6.59879e-31 6.5628e-33 2.57053e-31 7.81515e-31 2.20481e-17 -5.31378e-17 
52.9723 3.82047e-31 8.59006e-33 5.18553e-31 -1.48814e-31 6.97789e-31 -1.11874e-16 1.71261e-16 
54.0318 1.99501e-31 6.17092e-31 4.45445e-31 -9.11457e-31 1.22269e-30 8.0843e-17 -6.55425e-17 
55.2693 1.98495e-33 4.94039e-31 7.79207e-32 8.13474e-32 6.28177e-31 8.06389e-18 -2.40469e-17 
56.695 1.61729e-32 1.01607e-31 3.33048e-32 1.05304e-31 1.38387e-31 -2.30178e-17 8.8563e-17 
58.3222 2.58336e-34 1.97706e-33 4.35455e-33 -1.85648e-33 -2.94545e-34 -2.90912e-18 -4.79765e-17 
60.1675 3.94077e-32 3.59846e-34 1.06559e-34 9.78221e-33 4.18325e-32 -3.59302e-17 2.2522e-17 
62.2526 2.11905e-33 4.81525e-34 9.11266e-33 2.62403e-33 6.86103e-33 8.33184e-18 -2.89736e-17 
64.6062 3.33337e-33 7.66595e-35 1.35042e-32 -1.31315e-33 1.00612e-32 -1.04499e-17 3.27859e-17 
67.2672 1.12125e-33 1.39845e-33 1.04647e-32 -3.25285e-33 7.9668e-33 6.06068e-18 -2.75073e-17 
70.291 1.35931e-33 2.42476e-33 4.75137e-33 -4.71609e-33 6.6476e-33 -6.67312e-18 1.82405e-17 
73.7608 4.57992e-35 1.01427e-33 2.27536e-36 -5.59878e-34 1.22942e-33 1.22489e-18 -9.67742e-19 
77.8141 1.47875e-34 3.03803e-34 1.66157e-33 -5.50593e-34 1.31236e-33 -2.20098e-18 1.12317e-17 
82.7133 2.65179e-34 3.97727e-34 1.58013e-33 -8.43627e-34 1.53283e-33 2.9474e-18 -1.05205e-17 
89.1308 2.13969e-34 2.72004e-34 3.67984e-34 -6.26688e-34 7.30505e-34 -2.64756e-18 5.07331e-18 
