0 1.849e-27 6.58973e-27 2.95224e-27 7.05254e-27 1.04932e-26 1.02464e-14 -1.53416e-14 
0.4716 2.03272e-27 4.09559e-27 3.38949e-27 -5.82963e-27 7.8963e-27 1.07434e-14 -1.88833e-14 
1.47542 6.13561e-27 2.52266e-27 2.99105e-26 -7.9488e-27 2.49857e-26 1.86651e-14 -3.61836e-14 
2.77778 3.51307e-25 3.97385e-25 8.4255e-25 -7.54906e-25 1.25481e-24 1.41236e-13 -1.7704e-13 
4.08014 8.89175e-24 9.24602e-24 2.27158e-23 -1.83195e-23 3.14774e-23 7.10552e-13 -9.53983e-13 
5.08396 1.14481e-22 1.25275e-22 2.9427e-22 -2.41959e-22 4.131e-22 2.54958e-12 -3.43964e-12 
5.55556 3.67962e-22 3.97285e-22 9.39585e-22 -7.72496e-22 1.3149e-21 4.57092e-12 -6.26625e-12 
5.55556 3.89302e-22 5.4082e-21 6.95069e-21 3.02473e-21 1.08434e-20 4.57092e-12 -6.26625e-12 
6.02716 2.99557e-21 8.06309e-21 3.30548e-21 -1.02449e-20 1.37432e-20 1.26794e-11 -1.30929e-11 
7.03098 1.59507e-20 1.07004e-20 5.25816e-20 -2.72337e-20 5.73389e-20 2.92584e-11 -4.38944e-11 
8.33333 6.54714e-19 7.54208e-19 1.58947e-18 -1.46483e-18 2.3868e-18 1.8745e-10 -2.41618e-10 
9.63569 1.60432e-17 1.77429e-17 4.22403e-17 -3.51702e-17 5.92453e-17 9.27911e-10 -1.28963e-09 
10.6395 1.87231e-16 2.22112e-16 5.04737e-16 -4.25101e-16 7.12577e-16 3.16993e-09 -4.56329e-09 
11.1111 5.64364e-16 6.76399e-16 1.54417e-15 -1.28795e-15 2.16061e-15 5.50352e-09 -8.18142e-09 
11.1111 5.96162e-16 7.04796e-14 2.58106e-14 1.39281e-14 9.65918e-14 5.50352e-09 -8.18142e-09 
11.5827 1.19276e-14 4.67478e-14 9.91838e-15 -5.07381e-14 7.01999e-14 2.46169e-08 -1.97475e-08 
12.5865 3.06913e-14 9.60048e-15 1.20278e-13 -3.68835e-14 1.09225e-13 3.94881e-08 -6.77831e-08 
13.8889 2.06804e-12 2.39474e-12 4.77171e-12 -4.78174e-12 7.5387e-12 3.24144e-07 -3.84223e-07 
15.1912 5.70591e-11 5.88219e-11 1.43184e-10 -1.24483e-10 2.05428e-10 1.70263e-06 -2.21109e-06 
16.1951 8.13136e-10 8.84498e-10 2.04945e-09 -1.82225e-09 2.98594e-09 6.42747e-06 -8.33315e-06 
16.6667 2.74125e-09 2.92217e-09 6.82116e-09 -6.08141e-09 9.92602e-09 1.18014e-05 -1.55205e-05 
16.6667 2.89142e-09 1.13478e-08 4.81522e-08 1.26754e-08 4.67158e-08 1.18014e-05 -1.55205e-05 
17.1383 1.63955e-08 3.67963e-08 1.79546e-08 -5.43521e-08 6.77332e-08 2.81021e-05 -3.20277e-05 
18.1421 1.23638e-07 1.00973e-07 3.9158e-07 -2.47247e-07 4.69224e-07 7.71707e-05 -0.00010803 
19.4444 4.51357e-06 5.32252e-06 1.1173e-05 -1.0846e-05 1.70452e-05 0.000466269 -0.000617659 
20.7468 0.000110426 0.000130736 0.000299692 -0.00026588 0.000431193 0.00230628 -0.00330021 
21.7506 0.00117924 0.00154366 0.00334712 -0.00298558 0.0048256 0.00753664 -0.011591 
22.2222 0.00330689 0.0045288 0.00981996 -0.00856354 0.0139374 0.0126208 -0.0205356 
22.2222 0.00348317 0.00914726 0.0729871 -0.0323149 0.0366658 0.0126208 -0.0205356 
22.458 0.0363854 0.0465254 0.0523755 -0.235548 0.104782 0.0407909 -0.0338772 
22.9599 0.105713 0.113274 0.0627839 -0.62647 0.241382 0.0695287 -0.0852353 
23.6111 0.100396 0.10291 0.137412 -0.581912 0.202657 0.0677574 -0.163804 
24.2623 0.0381813 0.038729 0.233816 -0.220148 0.0412206 0.0417854 -0.224964 
24.7642 0.0038686 0.00389732 0.279452 -0.0222295 -0.0447829 0.0133007 -0.248297 
25 2.27867e-05 2.02286e-05 0.285009 -0.000122912 -0.0541733 -0.0010208 -0.250712 
25 2.27867e-05 2.56954e-05 0.285017 -0.000138528 -0.0541645 -0.0010208 -0.250712 
25.2358 0.00512903 0.00516411 0.277722 -0.0294636 -0.0416827 -0.015315 -0.247502 
25.7377 0.0415015 0.0420838 0.229103 -0.239254 0.0494324 -0.0435643 -0.222573 
26.3889 0.103745 0.106344 0.131541 -0.601325 0.211136 -0.0688783 -0.159804 
27.0401 0.105897 0.11359 0.0584802 -0.627888 0.242354 -0.0695891 -0.0805329 
27.542 0.0344021 0.0444505 0.0494143 -0.223873 0.100056 -0.0396636 -0.0295391 
27.7778 0.00253105 0.00766147 0.0706819 -0.0252102 0.033576 -0.0107584 -0.0167351 
27.7778 0.00266244 0.00354859 0.00764106 -0.00719604 0.011228 -0.0107584 -0.0167351 
28.2494 0.000901996 0.0011645 0.00250378 -0.00239937 0.00372528 -0.00626199 -0.0092761 
29.2532 7.70733e-05 9.04758e-05 0.000206375 -0.000195499 0.000304926 -0.00183047 -0.00255402 
30.5556 2.93769e-06 3.52056e-06 7.13362e-06 -7.52896e-06 1.13108e-05 -0.000357366 -0.00045841 
31.8579 6.66236e-08 4.65283e-08 2.22231e-07 -1.30346e-07 2.55623e-07 -5.38175e-05 -7.6989e-05 
32.8617 1.11212e-08 3.21501e-08 9.71188e-09 -4.42683e-08 5.36814e-08 -2.1988e-05 -2.17336e-05 
33.3333 1.07618e-09 2.14228e-08 3.58317e-08 1.12411e-08 4.9094e-08 -6.83995e-06 -9.17999e-06 
33.3333 1.13062e-09 1.28871e-09 2.88856e-09 -2.90336e-09 4.39154e-09 -6.83995e-06 -9.17999e-06 
33.8049 3.3426e-10 3.8581e-10 8.58852e-10 -8.6376e-10 1.3096e-09 -3.71908e-06 -4.8822e-06 
34.8088 2.27593e-11 2.45356e-11 5.78826e-11 -5.68385e-11 8.68627e-11 -9.70451e-07 -1.26024e-06 
36.1111 7.75664e-13 9.36125e-13 1.78612e-12 -2.0496e-12 2.97504e-12 -1.79156e-07 -2.0974e-07 
37.4135 9.74586e-15 2.40731e-15 4.07936e-14 -1.16504e-14 3.72881e-14 -2.00819e-08 -3.46976e-08 
38.4173 4.22932e-15 1.86765e-14 2.81022e-15 -2.1377e-14 2.75635e-14 -1.32291e-08 -9.66318e-09 
38.8889 1.14192e-16 3.13254e-14 1.11682e-14 4.54915e-15 4.35048e-14 -2.17376e-09 -3.38517e-09 
38.8889 1.19825e-16 1.63243e-16 3.45544e-16 -3.45369e-16 5.19358e-16 -2.17376e-09 -3.38517e-09 
39.3605 4.03163e-17 5.30487e-17 1.12197e-16 -1.14201e-16 1.70751e-16 -1.26089e-09 -1.86469e-09 
40.3643 3.36345e-18 4.00172e-18 9.02115e-18 -9.05962e-18 1.36101e-17 -3.64193e-10 -5.05601e-10 
41.6667 1.23731e-19 1.50535e-19 2.99258e-19 -3.37018e-19 4.86308e-19 -6.98519e-11 -8.88281e-11 
42.969 2.60615e-21 1.74232e-21 8.95906e-21 -5.26208e-21 1.02612e-20 -1.01377e-11 -1.45059e-11 
43.9728 4.54715e-22 1.40289e-21 3.49669e-22 -1.97231e-21 2.29669e-21 -4.23456e-12 -4.09049e-12 
44.4445 3.94672e-23 1.08128e-21 1.62128e-21 5.10131e-22 2.36427e-21 -1.24755e-12 -1.67432e-12 
44.4445 4.13667e-23 4.79254e-23 1.06081e-22 -1.12808e-22 1.64366e-22 -1.24755e-12 -1.67432e-12 
44.9161 1.21379e-23 1.42322e-23 3.12805e-23 -3.32995e-23 4.86189e-23 -6.75775e-13 -8.85363e-13 
45.9199 8.06233e-25 8.80001e-25 2.05653e-24 -2.13404e-24 3.14254e-24 -1.74165e-13 -2.2526e-13 
47.2222 2.67081e-26 3.26287e-26 6.13519e-26 -7.47914e-26 1.04356e-25 -3.16995e-14 -3.68266e-14 
48.5246 2.87262e-28 6.73217e-29 1.34642e-27 -3.52328e-28 1.20541e-27 -3.28753e-15 -5.9215e-15 
49.5284 1.27276e-28 6.52302e-28 8.27562e-29 -7.30008e-28 9.42241e-28 -2.18828e-15 -1.57828e-15 
50 7.91101e-31 1.33858e-27 4.34219e-28 8.24458e-29 1.84245e-27 -1.72523e-16 -6.42966e-16 
50 8.28274e-31 1.58405e-30 1.4361e-28 2.9755e-30 9.8298e-29 -1.72523e-16 -6.42966e-16 
50.116 2.93262e-32 1.10159e-29 1.03273e-29 1.47648e-30 1.90082e-29 3.24629e-17 -5.81504e-16 
50.3896 1.75534e-31 1.46631e-30 8.18976e-33 -1.3179e-30 1.60868e-30 -7.94218e-17 -3.54742e-16 
50.8216 4.83222e-30 9.08856e-31 8.90098e-31 -5.44389e-30 6.69696e-30 -4.16709e-16 -2.77616e-16 
51.4148 6.8047e-30 1.21352e-30 3.7775e-30 -7.46476e-30 1.13027e-29 -4.94498e-16 -8.6312e-18 
52.173 2.88852e-30 5.84564e-31 3.26975e-30 -3.37553e-30 5.99635e-30 3.22179e-16 -3.17813e-17 
53.1016 1.08247e-30 1.58035e-31 9.02077e-31 1.07442e-30 1.93887e-30 1.97227e-16 -9.45116e-17 
54.2072 5.61444e-32 2.27643e-32 8.12306e-32 9.28685e-32 1.41751e-31 -4.49172e-17 3.69909e-19 
55.4984 1.9074e-31 3.27343e-32 2.30859e-31 -2.05263e-31 3.57026e-31 8.27906e-17 -1.34708e-16 
56.9862 8.77256e-36 1.1072e-31 2.95358e-32 2.56014e-33 1.41251e-31 5.61465e-19 -5.67193e-17 
58.6841 1.0635e-32 2.85073e-34 4.61524e-32 -4.52309e-33 3.92113e-32 -1.95492e-17 3.94569e-17 
60.6096 2.0327e-32 1.00937e-33 3.82639e-34 1.17666e-32 2.22563e-32 -2.70269e-17 2.20712e-17 
62.7855 1.16581e-32 2.76928e-33 1.12184e-34 -1.476e-32 1.58138e-32 2.0468e-17 -5.85688e-18 
65.2414 4.15214e-33 1.02221e-34 1.05292e-32 -1.69236e-33 1.002e-32 -1.22151e-17 -2.66951e-17 
68.0181 6.45736e-34 9.60418e-35 1.52423e-33 6.46913e-34 1.64368e-33 4.81712e-18 -9.03193e-18 
71.1734 1.57734e-33 2.17836e-35 1.10791e-33 -4.81522e-34 2.30036e-33 -7.52874e-18 -8.6312e-18 
74.7941 7.67292e-34 6.20039e-35 2.06945e-34 5.66602e-34 9.92975e-34 5.25098e-18 4.50055e-18 
79.0237 4.32651e-34 4.0439e-35 4.46817e-35 3.43603e-34 5.43488e-34 -3.94302e-18 6.62753e-19 
84.1359 2.79229e-35 2.23942e-36 3.89345e-35 2.05417e-35 5.7046e-35 1.0017e-18 -9.01652e-19 
90.8325 1.13477e-34 1.62799e-36 7.10823e-35 3.53076e-35 1.58085e-34 -2.01936e-18 -2.46606e-18 
