0 6.3249e-26 4.21852e-26 1.66569e-26 1.04364e-25 1.08189e-25 6.27749e-14 -7.24048e-14 
0.4716 4.06634e-26 5.07169e-26 6.11617e-26 -9.17533e-26 1.18323e-25 5.0334e-14 -8.91923e-14 
1.47542 1.26688e-25 6.77556e-26 5.56814e-25 -1.87191e-25 4.98284e-25 8.88439e-14 -1.6495e-13 
2.77778 5.19079e-24 5.71844e-24 1.27267e-23 -1.10078e-23 1.84955e-23 5.68691e-13 -7.20616e-13 
4.08014 1.16939e-22 1.2003e-22 2.95128e-22 -2.39369e-22 4.09969e-22 2.69922e-12 -3.57392e-12 
5.08396 1.3532e-21 1.44572e-21 3.43181e-21 -2.82596e-21 4.81719e-21 9.18205e-12 -1.21718e-11 
5.55556 4.17685e-21 4.3962e-21 1.04953e-20 -8.65779e-21 1.47108e-20 1.61318e-11 -2.16197e-11 
5.55556 4.41908e-21 5.53586e-20 4.96186e-20 3.26043e-20 9.74278e-20 1.61318e-11 -2.16197e-11 
6.02716 3.00081e-20 8.09172e-20 4.03338e-20 -1.0272e-19 1.42533e-19 4.20375e-11 -4.25602e-11 
7.03098 1.48697e-19 9.45885e-20 4.62394e-19 -2.47222e-19 5.10491e-19 9.35768e-11 -1.39234e-10 
8.33333 5.49372e-18 6.13789e-18 1.31382e-17 -1.21048e-17 1.97394e-17 5.68789e-10 -7.0617e-10 
9.63569 1.25703e-16 1.30948e-16 3.1757e-16 -2.67448e-16 4.48774e-16 2.72076e-09 -3.59155e-09 
10.6395 1.47311e-15 1.60401e-15 3.75366e-15 -3.20433e-15 5.35369e-15 9.31398e-09 -1.2369e-08 
11.1111 4.55972e-15 4.90431e-15 1.1537e-14 -9.85767e-15 1.64224e-14 1.63865e-08 -2.20592e-08 
11.1111 4.81663e-15 1.35608e-13 7.2614e-14 5.49152e-14 2.03711e-13 1.63865e-08 -2.20592e-08 
11.5827 4.3293e-14 1.36562e-13 5.21566e-14 -1.65216e-13 2.26756e-13 4.91274e-08 -4.5512e-08 
12.5865 1.76794e-13 9.23095e-14 5.72842e-13 -2.74495e-13 6.04555e-13 9.9277e-08 -1.51599e-07 
13.8889 7.77127e-12 8.72557e-12 1.82381e-11 -1.76938e-11 2.8153e-11 6.58205e-07 -7.89453e-07 
15.1912 1.89485e-10 1.9373e-10 4.7055e-10 -4.11684e-10 6.77107e-10 3.25015e-06 -4.16959e-06 
16.1951 2.39757e-09 2.55832e-09 5.98266e-09 -5.32158e-09 8.70915e-09 1.15611e-05 -1.47936e-05 
16.6667 7.71158e-09 8.07103e-09 1.89839e-08 -1.69517e-08 2.76349e-08 2.07342e-05 -2.68059e-05 
16.6667 8.13403e-09 1.57474e-09 6.56277e-08 7.91972e-09 5.14167e-08 2.07342e-05 -2.68059e-05 
17.1383 3.12887e-08 5.3031e-08 4.89067e-08 -9.01386e-08 1.18426e-07 4.06657e-05 -5.02314e-05 
18.1421 2.75266e-07 2.5771e-07 7.99778e-07 -5.89379e-07 1.0367e-06 0.000120617 -0.000164174 
19.4444 7.44334e-06 8.69258e-06 1.88032e-05 -1.77996e-05 2.81713e-05 0.000627217 -0.000845026 
20.7468 0.000153695 0.000183962 0.000418988 -0.000372088 0.00060212 0.00285012 -0.00411517 
21.7506 0.00141742 0.00186862 0.00405681 -0.00360132 0.0058192 0.00865532 -0.0134703 
22.2222 0.00373078 0.00516761 0.0111872 -0.00971621 0.0158099 0.0140422 -0.0231092 
22.2222 0.00392966 0.0103706 0.0831476 -0.0365468 0.0416333 0.0140422 -0.0231092 
22.458 0.0388347 0.0503063 0.0596878 -0.253041 0.113631 0.0441435 -0.0370034 
22.9599 0.113935 0.122837 0.0665028 -0.677273 0.261137 0.0756109 -0.0901584 
23.6111 0.110015 0.113168 0.135945 -0.63879 0.222309 0.074299 -0.171926 
24.2623 0.0421547 0.0428578 0.226689 -0.243337 0.0454459 0.0459917 -0.235902 
24.7642 0.00425724 0.00430069 0.269761 -0.0244965 -0.0497076 0.0146157 -0.260342 
25 2.8863e-05 2.63151e-05 0.274895 -0.000157777 -0.0601024 -0.00120345 -0.262854 
25 2.8863e-05 3.17892e-05 0.274901 -0.000173413 -0.060094 -0.00120345 -0.262854 
25.2358 0.00575274 0.00580608 0.26799 -0.0330864 -0.0460279 -0.01699 -0.259452 
25.7377 0.0460787 0.0468279 0.221858 -0.265933 0.0551547 -0.0480847 -0.233224 
26.3889 0.113934 0.117194 0.129881 -0.661533 0.232243 -0.0756108 -0.167452 
27.0401 0.114159 0.123213 0.0619116 -0.678974 0.262295 -0.0756852 -0.0849036 
27.542 0.0366431 0.0479943 0.0563777 -0.240083 0.108397 -0.0428797 -0.0321378 
27.7778 0.00285929 0.00869274 0.0804977 -0.0285415 0.0381517 -0.011978 -0.0188141 
27.7778 0.00300771 0.00405064 0.00870645 -0.00817158 0.0127494 -0.011978 -0.0188141 
28.2494 0.00108607 0.00141037 0.00303565 -0.00289749 0.00449774 -0.00719774 -0.0107752 
29.2532 0.000107692 0.000127817 0.000289249 -0.00027467 0.000427405 -0.00226652 -0.00318547 
30.5556 4.84177e-06 5.72179e-06 1.20221e-05 -1.23224e-05 1.86717e-05 -0.000480584 -0.000628236 
31.8579 1.55695e-07 1.3453e-07 4.59929e-07 -3.38823e-07 5.90094e-07 -8.61796e-05 -0.000117049 
32.8617 1.97088e-08 4.26297e-08 2.65321e-08 -6.78597e-08 8.43463e-08 -3.06617e-05 -3.36941e-05 
33.3333 3.29069e-09 8.2429e-09 4.64161e-08 1.2193e-08 4.2943e-08 -1.25288e-05 -1.61753e-05 
33.3333 3.45715e-09 3.78095e-09 8.59943e-09 -8.69609e-09 1.31204e-08 -1.25288e-05 -1.61753e-05 
33.8049 1.05222e-09 1.17056e-09 2.64747e-09 -2.6694e-09 4.04109e-09 -6.912e-06 -8.79274e-06 
34.8088 7.83337e-11 8.26013e-11 1.95477e-10 -1.93478e-10 2.94632e-10 -1.88593e-06 -2.39119e-06 
36.1111 2.97302e-12 3.47034e-12 6.92395e-12 -7.7259e-12 1.13096e-11 -3.67409e-07 -4.29397e-07 
37.4135 5.53856e-14 2.36591e-14 1.88783e-13 -8.70688e-14 1.97731e-13 -5.01475e-08 -7.74222e-08 
38.4173 1.57453e-14 5.97733e-14 1.58207e-14 -7.37893e-14 9.47228e-14 -2.67378e-08 -2.17404e-08 
38.8889 9.75744e-16 7.65159e-14 3.10876e-14 2.0783e-14 1.09411e-13 -6.65609e-09 -9.08949e-09 
38.8889 1.02387e-15 1.20106e-15 2.66224e-15 -2.73841e-15 4.06884e-15 -6.65609e-09 -9.08949e-09 
39.3605 3.24961e-16 3.82536e-16 8.4448e-16 -8.70654e-16 1.29521e-15 -3.74983e-09 -5.00212e-09 
40.3643 2.59437e-17 2.86538e-17 6.63493e-17 -6.73287e-17 1.00688e-16 -1.05953e-09 -1.38447e-09 
41.6667 1.01727e-18 1.20437e-18 2.41594e-18 -2.73332e-18 3.94146e-18 -2.09804e-10 -2.53201e-10 
42.969 2.19383e-20 1.22558e-20 7.20046e-20 -4.04916e-20 8.09564e-20 -3.08104e-11 -4.5447e-11 
43.9728 4.87468e-21 1.65373e-20 5.10779e-21 -2.21717e-20 2.73128e-20 -1.45234e-11 -1.28127e-11 
44.4445 3.98902e-22 1.65161e-20 1.0643e-20 6.33842e-21 2.65171e-20 -4.1546e-12 -5.54733e-12 
44.4445 4.18101e-22 4.8243e-22 1.07084e-21 -1.13786e-21 1.65711e-21 -4.1546e-12 -5.54733e-12 
44.9161 1.29799e-22 1.5105e-22 3.33696e-22 -3.54752e-22 5.17622e-22 -2.31485e-12 -3.02646e-12 
45.9199 9.92399e-24 1.08536e-23 2.51806e-23 -2.62942e-23 3.85922e-23 -6.40076e-13 -8.24254e-13 
47.2222 3.76068e-25 4.47184e-25 8.86364e-25 -1.03898e-24 1.46703e-24 -1.24601e-13 -1.47846e-13 
48.5246 7.3457e-27 3.58851e-27 2.48816e-26 -1.30078e-26 2.7188e-26 -1.74142e-14 -2.62583e-14 
49.5284 1.79081e-27 6.84222e-27 1.84692e-27 -8.86856e-27 1.09715e-26 -8.5983e-15 -7.26325e-15 
50 1.0993e-28 8.55524e-27 3.96856e-27 2.457e-27 1.26712e-26 -2.13033e-15 -3.16004e-15 
50 1.15096e-28 1.46933e-28 4.07305e-28 -3.37815e-28 5.47422e-28 -2.13033e-15 -3.16004e-15 
50.1211 9.48806e-29 1.5094e-28 1.54055e-28 -3.1087e-28 3.65992e-28 -1.93422e-15 -2.69052e-15 
50.4065 5.34521e-29 5.79785e-29 1.66514e-28 -1.44612e-28 2.30208e-28 -1.45177e-15 -1.78418e-15 
50.8573 1.06175e-29 1.3685e-29 3.04187e-29 -3.13129e-29 4.53143e-29 -6.47037e-16 -1.07967e-15 
51.4763 8.89151e-30 9.35455e-30 6.13382e-30 -2.36912e-29 2.42775e-29 -5.92113e-16 -3.8994e-16 
52.2675 3.05546e-32 3.48126e-32 2.9422e-30 -8.47218e-32 2.0398e-30 3.47101e-17 -7.20274e-17 
53.2364 5.11711e-34 2.28086e-31 1.16242e-31 -2.8064e-32 3.2329e-31 -4.49189e-18 -9.83931e-17 
54.3901 1.69161e-35 4.30557e-33 6.10407e-32 7.01057e-34 3.96922e-32 -8.16708e-19 5.42881e-17 
55.7375 6.51506e-33 3.11085e-33 7.98824e-33 -1.16946e-32 8.36763e-33 1.60279e-17 -5.95256e-17 
57.29 1.49089e-32 1.57934e-32 9.8561e-33 -3.98611e-32 3.92396e-32 -2.4246e-17 2.93169e-17 
59.0617 3.92797e-32 3.26729e-33 8.94275e-33 -2.94283e-32 5.21907e-32 3.93551e-17 -1.42693e-18 
61.071 1.22179e-34 2.28768e-35 7.80211e-36 1.37336e-34 -4.13254e-34 -2.1949e-18 1.63448e-17 
63.3415 8.05418e-33 2.06173e-35 1.81706e-33 -1.05856e-33 8.30975e-33 1.78208e-17 -2.74359e-17 
65.9042 8.80028e-33 9.58823e-34 6.55158e-33 -7.54581e-33 1.29992e-32 -1.86279e-17 3.05492e-17 
68.8017 7.70621e-33 3.66661e-33 1.03259e-32 -1.38083e-32 1.7482e-32 1.74316e-17 -3.07438e-17 
72.0942 2.81091e-33 4.03492e-33 1.16474e-33 -8.74841e-33 8.26991e-33 -1.05279e-17 1.06047e-17 
75.8724 1.75294e-33 2.0671e-33 4.85608e-34 -4.94485e-33 4.52199e-33 8.31383e-18 -6.87519e-18 
80.2859 1.21434e-33 1.06109e-33 1.74193e-34 -2.94871e-33 2.62588e-33 -6.91968e-18 4.11863e-18 
85.6204 1.15572e-33 5.53777e-34 2.83607e-34 -2.07817e-33 2.03836e-33 6.7506e-18 -4.50779e-18 
92.6082 4.0009e-34 2.96861e-34 2.57285e-34 -8.95249e-34 9.16101e-34 -3.97188e-18 3.97269e-18 
