0 1.50038e-24 2.88364e-25 1.59512e-25 1.32897e-24 1.60784e-24 -3.20312e-13 3.73386e-13 
0.4716 7.7399e-25 6.57804e-25 1.32053e-24 -1.44165e-24 1.94015e-24 -2.3006e-13 4.44152e-13 
1.47542 2.50509e-24 1.49749e-24 1.08152e-23 -3.91325e-24 9.88527e-24 -4.1389e-13 7.65202e-13 
2.77778 8.16538e-23 8.74347e-23 2.02967e-22 -1.70716e-22 2.89288e-22 -2.36299e-12 3.00262e-12 
4.08014 1.64891e-21 1.65721e-21 4.09794e-21 -3.33988e-21 5.70477e-21 -1.06187e-11 1.37847e-11 
5.08396 1.74309e-20 1.80312e-20 4.33593e-20 -3.58192e-20 6.09433e-20 -3.45249e-11 4.45859e-11 
5.55556 5.19903e-20 5.28603e-20 1.27708e-19 -1.05918e-19 1.79574e-19 -5.96258e-11 7.74372e-11 
5.55556 5.50054e-20 2.5375e-19 3.52839e-19 2.46276e-19 5.54609e-19 -5.96258e-11 7.74372e-11 
6.02716 2.69743e-19 6.2005e-19 4.42319e-19 -8.52521e-19 1.20691e-18 -1.3204e-10 1.41721e-10 
7.03098 1.52295e-18 1.0755e-18 4.36246e-18 -2.66787e-18 5.13507e-18 -3.13743e-10 4.44926e-10 
8.33333 4.46409e-17 4.83784e-17 1.0668e-16 -9.68744e-17 1.58586e-16 -1.69863e-09 2.08739e-09 
9.63569 9.20627e-16 9.31892e-16 2.27628e-15 -1.93082e-15 3.22941e-15 -7.71389e-09 9.90863e-09 
10.6395 9.99965e-15 1.04445e-14 2.48346e-14 -2.13036e-14 3.55213e-14 -2.54228e-08 3.25654e-08 
11.1111 3.01731e-14 3.09856e-14 7.40103e-14 -6.37392e-14 1.05903e-13 -4.41613e-08 5.69541e-08 
11.1111 3.18732e-14 1.86625e-13 2.23679e-13 1.6572e-13 3.81066e-13 -4.41613e-08 5.69541e-08 
11.5827 1.65693e-13 3.9844e-13 2.63125e-13 -5.52091e-13 7.63589e-13 -1.00689e-07 1.05785e-07 
12.5865 9.25193e-13 6.42176e-13 2.66837e-12 -1.65623e-12 3.15957e-12 -2.37928e-07 3.36438e-07 
13.8889 2.83629e-11 3.10904e-11 6.76676e-11 -6.38067e-11 1.02289e-10 -1.31736e-06 1.60732e-06 
15.1912 5.98974e-10 6.13244e-10 1.4834e-09 -1.30226e-09 2.13566e-09 -6.05387e-06 7.75084e-06 
16.1951 6.60855e-09 7.00578e-09 1.64658e-08 -1.46204e-08 2.38981e-08 -2.01086e-05 2.57406e-05 
16.6667 2.00448e-08 2.09171e-08 4.93785e-08 -4.39976e-08 7.16762e-08 -3.50212e-05 4.52103e-05 
16.6667 2.11429e-08 2.04543e-09 1.03686e-07 -1.45522e-08 8.74855e-08 -3.50212e-05 4.52103e-05 
17.1383 6.48659e-08 8.89338e-08 1.24945e-07 -1.68071e-07 2.35626e-07 -6.13417e-05 7.94796e-05 
18.1421 5.81446e-07 5.87519e-07 1.6128e-06 -1.29336e-06 2.18736e-06 -0.000183655 0.000247737 
19.4444 1.22783e-05 1.42739e-05 3.15232e-05 -2.92949e-05 4.6575e-05 -0.00084395 0.00115431 
20.7468 0.000213387 0.000258204 0.000585275 -0.000519419 0.000838944 -0.00351829 0.00513497 
21.7506 0.00170633 0.00226869 0.0049303 -0.00435382 0.00703217 -0.00994899 0.0156916 
22.2222 0.00421787 0.00591564 0.0127876 -0.0110535 0.0179796 -0.0156421 0.0260868 
22.2222 0.00444272 0.0117961 0.0950522 -0.0414443 0.0474213 -0.0156421 0.0260868 
22.458 0.0415177 0.0545317 0.0683154 -0.272403 0.123574 -0.0478175 0.0405659 
22.9599 0.122829 0.133323 0.0708844 -0.732613 0.282654 -0.0822472 0.0955723 
23.6111 0.120501 0.124443 0.134527 -0.701055 0.243705 -0.081464 0.180607 
24.2623 0.0465112 0.0474138 0.218937 -0.268845 0.0499694 -0.0506115 0.247462 
24.7642 0.00467641 0.00473875 0.2591 -0.02695 -0.0552641 -0.0160482 0.273031 
25 3.6804e-05 3.42903e-05 0.263781 -0.000203378 -0.0667358 0.0014237 0.275637 
25 3.6804e-05 3.97539e-05 0.263786 -0.000218982 -0.0667279 0.0014237 0.275637 
25.2358 0.00645635 0.00653345 0.257294 -0.0371822 -0.0508835 0.0188566 0.27203 
25.7377 0.0511646 0.0521291 0.214004 -0.295662 0.0614866 0.0530829 0.244454 
26.3889 0.125108 0.129187 0.128273 -0.727819 0.255396 0.0830067 0.175589 
27.0401 0.123117 0.133784 0.0659721 -0.734737 0.28407 0.0823435 0.0896819 
27.542 0.0390971 0.0519547 0.0645993 -0.258021 0.11778 0.0464026 0.0350884 
27.7778 0.00323763 0.00989684 0.0919889 -0.0324065 0.0434904 0.0133532 0.0212145 
27.7778 0.0034057 0.00463863 0.00995263 -0.00930516 0.0145152 0.0133532 0.0212145 
28.2494 0.00130981 0.00171311 0.00368981 -0.0035069 0.00544184 0.00828105 0.0125439 
29.2532 0.000150037 0.000179998 0.000404859 -0.000384733 0.000597483 0.00280272 0.00397485 
30.5556 7.9911e-06 9.36857e-06 2.01811e-05 -2.02566e-05 3.08671e-05 0.000646821 0.00085917 
31.8579 3.38781e-07 3.27777e-07 9.35869e-07 -7.80144e-07 1.28242e-06 0.00013318 0.000176658 
32.8617 3.88302e-08 6.58527e-08 6.81533e-08 -1.18385e-07 1.55063e-07 4.50885e-05 5.29291e-05 
33.3333 8.89371e-09 4.61317e-10 6.97608e-08 4.74206e-09 5.43163e-08 2.15785e-05 2.75659e-05 
33.3333 9.3436e-09 1.01037e-08 2.31121e-08 -2.33701e-08 3.52296e-08 2.15785e-05 2.75659e-05 
33.8049 2.99687e-09 3.28947e-09 7.49327e-09 -7.55199e-09 1.14203e-08 1.22208e-05 1.54289e-05 
34.8088 2.5341e-10 2.66246e-10 6.28017e-10 -6.24768e-10 9.48584e-10 3.55367e-06 4.46968e-06 
36.1111 1.10031e-11 1.24871e-11 2.60137e-11 -2.81937e-11 4.16182e-11 7.40495e-07 8.76631e-07 
37.4135 3.01675e-13 1.88472e-13 8.8716e-13 -5.73532e-13 1.06254e-12 1.22613e-07 1.72011e-07 
38.4173 5.84084e-14 1.73882e-13 8.12917e-14 -2.42398e-13 3.10078e-13 5.39514e-08 4.98918e-08 
38.8889 7.00601e-15 1.27993e-13 9.13158e-14 7.20266e-14 2.13902e-13 1.86853e-08 2.38285e-08 
38.8889 7.35159e-15 8.00729e-15 1.82063e-14 -1.89464e-14 2.80279e-14 1.86853e-08 2.38285e-08 
39.3605 2.34537e-15 2.59274e-15 5.87085e-15 -6.08947e-15 9.03634e-15 1.0554e-08 1.32932e-08 
40.3643 1.95665e-16 2.06683e-16 4.85233e-16 -4.96595e-16 7.39989e-16 3.04836e-09 3.82254e-09 
41.6667 8.35634e-18 9.55346e-18 1.97366e-17 -2.20639e-17 3.19321e-17 6.29967e-10 7.41827e-10 
42.969 2.20769e-19 1.34187e-19 6.55562e-19 -4.25028e-19 7.84143e-19 1.02395e-10 1.44003e-10 
43.9728 4.3826e-20 1.35116e-19 5.94567e-20 -1.90026e-19 2.38573e-19 4.56221e-11 4.15424e-11 
44.4445 4.99972e-21 1.07626e-19 6.99248e-20 5.7283e-20 1.75376e-19 1.54093e-11 1.96302e-11 
44.4445 5.24036e-21 5.74868e-21 1.29978e-20 -1.39058e-20 2.01926e-20 1.54093e-11 1.96302e-11 
44.9161 1.66425e-21 1.85273e-21 4.17165e-21 -4.44882e-21 6.47979e-21 8.68383e-12 1.09197e-11 
45.9199 1.37247e-22 1.4573e-22 3.40642e-22 -3.58308e-22 5.24127e-22 2.49375e-12 3.11954e-12 
47.2222 5.77951e-24 6.65038e-24 1.36357e-23 -1.57072e-23 2.22923e-23 5.11738e-13 5.9986e-13 
48.5246 1.48217e-25 8.77794e-26 4.42735e-25 -2.88985e-25 5.29898e-25 8.19504e-14 1.15223e-13 
49.5284 2.96177e-26 9.5064e-26 3.98425e-26 -1.34435e-25 1.66346e-25 3.66334e-14 3.30235e-14 
50 3.22855e-27 8.11113e-26 4.75192e-26 4.09992e-26 1.28817e-25 1.2095e-14 1.54612e-14 
50 3.38026e-27 3.48743e-27 8.84339e-27 -8.919e-27 1.31663e-26 1.2095e-14 1.54612e-14 
50.1263 2.44174e-27 2.76712e-27 6.55849e-27 -6.75231e-27 9.90779e-27 1.02797e-14 1.32568e-14 
50.4242 1.14998e-27 1.27643e-27 2.96145e-27 -3.14726e-27 4.54525e-27 7.05466e-15 9.21195e-15 
50.8946 4.06174e-28 4.7004e-28 8.76306e-28 -1.13504e-27 1.52078e-27 4.19263e-15 5.14163e-15 
51.5405 8.81926e-29 9.28304e-29 1.98562e-28 -2.35044e-28 3.28e-28 1.95365e-15 2.06411e-15 
52.3661 8.22019e-30 5.45349e-30 1.95191e-29 -1.73927e-29 2.72402e-29 5.96447e-16 7.35348e-16 
53.3772 2.33912e-30 8.59752e-31 2.27843e-30 -3.68385e-30 4.8712e-30 3.18169e-16 3.00642e-16 
54.581 9.34112e-32 2.83104e-31 2.4176e-31 -4.22436e-31 5.91073e-31 6.35814e-17 2.84488e-17 
55.9871 1.21642e-32 3.93641e-32 6.5203e-32 5.68434e-32 9.80537e-32 2.29442e-17 -4.84278e-17 
57.607 6.06654e-33 2.94392e-32 1.8667e-31 3.47153e-32 1.45749e-31 1.62032e-17 1.01193e-16 
59.4558 7.5225e-34 2.21606e-32 5.75407e-32 -1.06062e-32 5.5758e-32 5.70574e-18 6.89362e-17 
61.5525 1.73606e-33 2.37957e-33 6.3395e-33 5.27983e-33 8.43796e-33 -8.66787e-18 1.52063e-17 
63.9217 1.75758e-34 5.41265e-34 1.16406e-32 8.01217e-34 7.32627e-33 -2.75796e-18 -2.56355e-17 
66.5959 6.4745e-33 2.36339e-33 1.69241e-33 -1.01615e-32 1.08015e-32 -1.67392e-17 5.59669e-18 
69.6194 9.21035e-34 6.4949e-34 1.60109e-34 2.00915e-33 1.8334e-33 -6.31348e-18 3.35759e-18 
73.055 3.43319e-34 8.12013e-35 3.19442e-34 4.33729e-34 6.59114e-34 3.8546e-18 3.15908e-18 
76.9975 2.5314e-34 2.28858e-34 1.72195e-33 -6.25247e-34 1.47276e-33 3.30987e-18 -1.05658e-17 
81.603 4.43813e-34 3.09787e-34 1.2527e-34 -9.63207e-34 9.1849e-34 -4.38259e-18 1.49629e-18 
87.1695 1.14166e-34 1.08233e-34 4.41188e-35 -2.88761e-34 2.78603e-34 2.2228e-18 -1.5155e-19 
94.4612 4.79137e-35 5.45252e-35 2.57834e-34 -1.32775e-34 2.68524e-34 -1.43999e-18 3.14841e-18 
