0 3.6294e-23 8.4649e-25 1.35582e-24 1.11988e-23 3.02717e-23 -1.65062e-12 1.9168e-12 
0.4716 1.5918e-23 8.63424e-24 2.80811e-23 -2.36864e-23 3.38847e-23 -1.09314e-12 2.22755e-12 
1.47542 5.00137e-23 3.23167e-23 2.15047e-22 -8.12272e-23 1.98671e-22 -1.93765e-12 3.59582e-12 
2.77778 1.29868e-21 1.35502e-21 3.28581e-21 -2.6802e-21 4.58269e-21 -9.87375e-12 1.26747e-11 
4.08014 2.31784e-20 2.29855e-20 5.71096e-20 -4.66351e-20 7.94716e-20 -4.17131e-11 5.35431e-11 
5.08396 2.19961e-19 2.22723e-19 5.40949e-19 -4.47197e-19 7.5945e-19 -1.285e-10 1.63613e-10 
5.55556 6.26935e-19 6.24178e-19 1.52189e-18 -1.26389e-18 2.13926e-18 -2.16941e-10 2.76907e-10 
5.55556 6.63294e-19 5.95042e-19 2.70476e-18 1.30961e-18 2.92652e-18 -2.16941e-10 2.76907e-10 
6.02716 2.42449e-18 4.48475e-18 4.64584e-18 -6.87379e-18 9.99488e-18 -4.14762e-10 4.76367e-10 
7.03098 1.53275e-17 1.21367e-17 4.13094e-17 -2.84317e-17 5.16687e-17 -1.04286e-09 1.41936e-09 
8.33333 3.49513e-16 3.69809e-16 8.39697e-16 -7.49439e-16 1.23157e-15 -4.9799e-09 6.14222e-09 
9.63569 6.31725e-15 6.32411e-15 1.54796e-14 -1.31759e-14 2.19744e-14 -2.11716e-08 2.69043e-08 
10.6395 6.13014e-14 6.281e-14 1.50714e-13 -1.2935e-13 2.15287e-13 -6.59514e-08 8.34473e-08 
11.1111 1.76399e-13 1.7786e-13 4.28361e-13 -3.69236e-13 6.12544e-13 -1.11876e-07 1.42108e-07 
11.1111 1.86338e-13 1.48577e-13 7.85041e-13 3.57524e-13 8.26577e-13 -1.11876e-07 1.42108e-07 
11.5827 6.82015e-13 1.25745e-12 1.30088e-12 -1.98985e-12 2.8316e-12 -2.14034e-07 2.45997e-07 
12.5865 4.44148e-12 3.61384e-12 1.20078e-11 -8.60848e-12 1.53011e-11 -5.46198e-07 7.40058e-07 
13.8889 1.01454e-10 1.09328e-10 2.45412e-10 -2.26297e-10 3.64653e-10 -2.61049e-06 3.2396e-06 
15.1912 1.83418e-09 1.88695e-09 4.54817e-09 -3.99741e-09 6.53868e-09 -1.10996e-05 1.42601e-05 
16.1951 1.75749e-08 1.86114e-08 4.38917e-08 -3.88609e-08 6.34336e-08 -3.43584e-05 4.42618e-05 
16.6667 5.00847e-08 5.24204e-08 1.24024e-07 -1.10098e-07 1.7923e-07 -5.80014e-05 7.52854e-05 
16.6667 5.28284e-08 2.49848e-08 1.87017e-07 -8.03941e-08 1.93533e-07 -5.80014e-05 7.52854e-05 
17.1383 1.40809e-07 1.68068e-07 3.0593e-07 -3.40417e-07 5.03309e-07 -9.46937e-05 0.000126264 
18.1421 1.18999e-06 1.25823e-06 3.22433e-06 -2.70772e-06 4.48075e-06 -0.000275281 0.000372031 
19.4444 2.02497e-05 2.35292e-05 5.2714e-05 -4.83021e-05 7.69994e-05 -0.00113557 0.00157588 
20.7468 0.000295873 0.000362033 0.000817835 -0.000724234 0.00116774 -0.00434068 0.00641636 
21.7506 0.00205784 0.00276398 0.00601178 -0.00527747 0.00851921 -0.0114475 0.0183318 
22.2222 0.00477882 0.00679669 0.0146725 -0.0126113 0.0205039 -0.0174448 0.0295517 
22.2222 0.00503356 0.0134653 0.109085 -0.0471321 0.0541989 -0.0174448 0.0295517 
22.458 0.0444618 0.0592725 0.078552 -0.293894 0.134792 -0.0518467 0.0446486 
22.9599 0.132454 0.144842 0.0760605 -0.792956 0.306109 -0.0894868 0.101555 
23.6111 0.131917 0.136837 0.133167 -0.769169 0.266949 -0.0893053 0.189906 
24.2623 0.0512745 0.052433 0.210502 -0.296841 0.0547579 -0.0556773 0.259685 
24.7642 0.0051254 0.00521187 0.247386 -0.0295891 -0.061556 -0.0176032 0.286396 
25 4.72977e-05 4.48432e-05 0.251581 -0.000263656 -0.0741749 0.00169101 0.28909 
25 4.72977e-05 5.02843e-05 0.251586 -0.000279194 -0.0741674 0.00169101 0.28909 
25.2358 0.00725162 0.0073596 0.245555 -0.041823 -0.0563224 0.0209385 0.285268 
25.7377 0.0568149 0.0580567 0.205487 -0.328797 0.0684739 0.0586082 0.256297 
26.3889 0.137361 0.142455 0.126727 -0.800831 0.280778 0.0911295 0.18426 
27.0401 0.13284 0.145425 0.070788 -0.795708 0.307887 0.0896172 0.0949284 
27.542 0.041791 0.0563999 0.0743597 -0.27794 0.128384 0.0502654 0.0384564 
27.7778 0.00367508 0.01131 0.105522 -0.0369092 0.0497523 0.014906 0.0240004 
27.7778 0.00386585 0.0053313 0.011419 -0.0106283 0.0165737 0.014906 0.0240004 
28.2494 0.00158268 0.00208789 0.00449887 -0.00425575 0.00660064 0.0095375 0.0146411 
29.2532 0.000208674 0.000253066 0.000566559 -0.000537994 0.000834025 0.00346316 0.00496514 
30.5556 1.31947e-05 1.54197e-05 3.37793e-05 -3.33936e-05 5.10584e-05 0.000870839 0.00117362 
31.8579 7.06833e-07 7.30546e-07 1.88196e-06 -1.68232e-06 2.68023e-06 0.000201556 0.000265198 
32.8617 8.16296e-08 1.16306e-07 1.67825e-07 -2.28114e-07 3.15449e-07 6.84954e-05 8.36786e-05 
33.3333 2.267e-08 4.75616e-09 1.20729e-07 -2.43097e-08 1.04703e-07 3.60964e-05 4.61634e-05 
33.3333 2.38168e-08 2.57579e-08 5.90552e-08 -5.95746e-08 8.97586e-08 3.60964e-05 4.61634e-05 
33.8049 8.11383e-09 8.87372e-09 2.02855e-08 -2.04094e-08 3.08304e-08 2.10686e-05 2.66668e-05 
34.8088 7.88221e-10 8.31032e-10 1.95137e-09 -1.94669e-09 2.94819e-09 6.56668e-06 8.26012e-06 
36.1111 3.9806e-11 4.42569e-11 9.5371e-11 -1.00955e-10 1.49964e-10 1.47569e-06 1.77447e-06 
37.4135 1.5057e-12 1.16699e-12 4.05937e-12 -3.18835e-12 5.34321e-12 2.87006e-07 3.7947e-07 
38.4173 2.32011e-13 5.28176e-13 4.06289e-13 -8.41993e-13 1.09475e-12 1.12662e-07 1.15405e-07 
38.8889 4.3244e-14 1.4585e-13 3.03234e-13 1.91021e-13 4.07336e-13 4.86391e-08 6.03077e-08 
38.8889 4.53771e-14 4.7954e-14 1.10364e-13 -1.15193e-13 1.70114e-13 4.86391e-08 6.03077e-08 
39.3605 1.50579e-14 1.61661e-14 3.7079e-14 -3.85282e-14 5.70826e-14 2.80187e-08 3.44626e-08 
40.3643 1.38836e-15 1.43943e-15 3.39257e-15 -3.49092e-15 5.18691e-15 8.5078e-09 1.04582e-08 
41.6667 6.68093e-17 7.41022e-17 1.58259e-16 -1.73751e-16 2.52717e-16 1.86632e-09 2.1906e-09 
42.969 2.31143e-18 1.65772e-18 6.27932e-18 -4.83382e-18 8.14868e-18 3.47142e-10 4.59811e-10 
43.9728 3.80621e-19 9.5623e-19 6.39193e-19 -1.48978e-18 1.89677e-18 1.40868e-10 1.38128e-10 
44.4445 6.38489e-20 4.05247e-19 4.91047e-19 3.9722e-19 8.5325e-19 5.76957e-11 7.09157e-11 
44.4445 6.69219e-20 7.06707e-20 1.62172e-19 -1.74235e-19 2.52497e-19 5.76957e-11 7.09157e-11 
44.9161 2.19878e-20 2.3613e-20 5.39979e-20 -5.77293e-20 8.3943e-20 3.30712e-11 4.03293e-11 
45.9199 1.98401e-21 2.05603e-21 4.83563e-21 -5.11702e-21 7.46313e-21 9.93415e-12 1.21176e-11 
47.2222 9.33053e-23 1.03933e-22 2.20376e-22 -2.49494e-22 3.55839e-22 2.15433e-12 2.50504e-12 
48.5246 3.09213e-24 2.14495e-24 8.44245e-24 -6.52481e-24 1.09325e-23 3.92183e-13 5.1985e-13 
49.5284 5.24671e-25 1.37702e-24 8.59627e-25 -2.1535e-24 2.68681e-24 1.61548e-13 1.54895e-13 
50 8.33781e-26 6.89537e-25 6.81172e-25 6.07484e-25 1.33273e-24 6.43999e-14 7.88845e-14 
50 8.7296e-26 8.99041e-26 2.08709e-25 -2.30131e-25 3.27229e-25 6.43999e-14 7.88845e-14 
50.1318 6.43048e-26 6.90947e-26 1.55261e-25 -1.73154e-25 2.45481e-25 5.52726e-14 6.74112e-14 
50.4427 3.07934e-26 3.2526e-26 7.48369e-26 -8.22114e-26 1.17286e-25 3.82487e-14 4.63075e-14 
50.9335 9.58194e-27 9.90953e-27 2.31108e-26 -2.53129e-26 3.61392e-26 2.13361e-14 2.57475e-14 
51.6075 1.88095e-27 1.99162e-27 4.74184e-27 -5.02783e-27 7.28343e-27 9.45315e-15 1.14692e-14 
52.469 2.15359e-28 2.64792e-28 5.60019e-28 -6.2033e-28 8.85998e-28 3.19867e-15 4.03052e-15 
53.524 1.99943e-29 1.87945e-29 3.85931e-29 -5.03566e-29 6.74495e-29 9.74633e-16 1.00255e-15 
54.7803 2.45506e-31 7.47194e-31 2.63202e-30 -1.11259e-30 2.79643e-30 1.07999e-16 2.39008e-16 
56.2474 3.89775e-32 8.84161e-32 1.38137e-31 -1.52497e-31 2.31484e-31 4.30323e-17 -5.77178e-17 
57.9378 7.54706e-33 1.62528e-31 1.15303e-31 9.09791e-32 2.70273e-31 1.89355e-17 4.93644e-17 
59.867 2.33814e-33 4.41438e-32 5.86034e-32 2.63912e-32 7.77137e-32 -1.05396e-17 9.14195e-17 
62.0549 1.45556e-33 3.69404e-35 2.06102e-33 6.02358e-34 2.99353e-33 8.31578e-18 3.78064e-19 
64.5271 3.68881e-35 5.3911e-35 8.18805e-34 -1.15843e-34 -8.08792e-35 1.32383e-18 1.98394e-17 
67.3176 3.92904e-33 4.27526e-34 1.65683e-33 -3.36676e-33 5.82826e-33 1.36625e-17 2.18737e-18 
70.4726 3.2921e-33 2.61242e-34 7.88627e-33 2.40905e-33 8.23112e-33 -1.25062e-17 -2.21482e-17 
74.0576 8.24495e-34 1.42387e-33 2.93634e-38 2.8146e-33 2.5431e-33 6.25867e-18 -8.19139e-19 
78.1716 2.40318e-34 9.33818e-35 2.36537e-33 3.89146e-34 1.55584e-33 -3.37895e-18 1.46702e-17 
82.9773 2.15097e-34 8.73228e-37 1.01137e-33 3.56016e-35 7.8122e-34 3.19672e-18 8.38042e-18 
88.7859 4.11598e-34 7.65234e-35 1.32535e-34 4.61022e-34 6.03489e-34 -4.42206e-18 -3.05264e-18 
96.3947 8.57709e-35 4.79446e-35 2.2638e-35 1.66582e-34 1.59371e-34 2.01864e-18 1.44812e-18 
