0 8.57656e-22 1.55297e-24 1.15352e-23 -7.37364e-23 6.75403e-22 -8.40761e-12 9.74921e-12 
0.4716 3.41617e-22 1.18333e-22 5.86902e-22 -4.06225e-22 6.2372e-22 -5.30623e-12 1.11527e-11 
1.47542 9.66682e-22 6.52174e-22 4.24399e-21 -1.60423e-21 3.8907e-21 -8.92602e-12 1.69391e-11 
2.77778 2.0248e-20 2.06915e-20 5.25095e-20 -4.13553e-20 7.14276e-20 -4.08514e-11 5.34258e-11 
4.08014 3.15226e-19 3.1069e-19 7.75736e-19 -6.32293e-19 1.07558e-18 -1.61186e-10 2.06489e-10 
5.08396 2.65112e-18 2.65276e-18 6.49298e-18 -5.35806e-18 9.08167e-18 -4.67445e-10 5.9327e-10 
5.55556 7.16181e-18 7.05984e-18 1.73327e-17 -1.43665e-17 2.42794e-17 -7.68293e-10 9.75764e-10 
5.55556 7.57715e-18 1.88821e-19 2.28151e-17 2.49341e-18 2.07614e-17 -7.68293e-10 9.75764e-10 
6.02716 2.23429e-17 3.35818e-17 4.75005e-17 -5.71003e-17 8.58488e-17 -1.3193e-09 1.59864e-09 
7.03098 1.46754e-16 1.26359e-16 3.8154e-16 -2.83867e-16 4.97461e-16 -3.38118e-09 4.49162e-09 
8.33333 2.64791e-15 2.75415e-15 6.40679e-15 -5.62941e-15 9.27508e-15 -1.43624e-08 1.78814e-08 
9.63569 4.12612e-14 4.1186e-14 1.00885e-13 -8.59335e-14 1.42932e-13 -5.6695e-08 7.19564e-08 
10.6395 3.5267e-13 3.58218e-13 8.64843e-13 -7.40925e-13 1.23081e-12 -1.65752e-07 2.09601e-07 
11.1111 9.59378e-13 9.61348e-13 2.32788e-12 -2.00194e-12 3.31648e-12 -2.73381e-07 3.46565e-07 
11.1111 1.01343e-12 3.76515e-15 3.11313e-12 1.32729e-13 2.83082e-12 -2.73381e-07 3.46565e-07 
11.5827 2.9658e-12 4.39005e-12 6.32695e-12 -7.75325e-12 1.14516e-11 -4.67674e-07 5.70202e-07 
12.5865 2.00498e-11 1.78983e-11 5.24076e-11 -4.07042e-11 6.97056e-11 -1.21598e-06 1.6145e-06 
13.8889 3.57548e-10 3.80924e-10 8.74893e-10 -7.92984e-10 1.28171e-09 -5.13498e-06 6.47439e-06 
15.1912 5.49945e-09 5.69079e-09 1.36857e-08 -1.20205e-08 1.96146e-08 -2.01387e-05 2.605e-05 
16.1951 4.5802e-08 4.85741e-08 1.14886e-07 -1.0135e-07 1.6517e-07 -5.81185e-05 7.55812e-05 
16.6667 1.22536e-07 1.28934e-07 3.05638e-07 -2.70081e-07 4.39239e-07 -9.50613e-05 0.000124507 
16.6667 1.29249e-07 9.87484e-08 3.73864e-07 -2.49995e-07 4.59918e-07 -9.50613e-05 0.000124507 
17.1383 3.12703e-07 3.44496e-07 7.28206e-07 -7.2629e-07 1.11201e-06 -0.000147862 0.000200952 
18.1421 2.38954e-06 2.59901e-06 6.41278e-06 -5.51459e-06 9.01089e-06 -0.00040874 0.000557128 
19.4444 3.33975e-05 3.89131e-05 8.80643e-05 -7.97733e-05 0.000127336 -0.00152808 0.00215243 
20.7468 0.000410166 0.00050784 0.00114466 -0.00100994 0.0016257 -0.00535513 0.0080348 
21.7506 0.00248685 0.00338098 0.00735975 -0.0064165 0.0103506 -0.0131861 0.0214895 
22.2222 0.00542571 0.00784076 0.0169071 -0.0144331 0.0234516 -0.0194769 0.0336094 
22.2222 0.00571494 0.0154289 0.125736 -0.0537581 0.0621756 -0.0194769 0.0336094 
22.458 0.0476948 0.0646105 0.0907715 -0.317803 0.147495 -0.0562663 0.0493576 
22.9599 0.142859 0.157509 0.0821961 -0.85877 0.331675 -0.0973792 0.108202 
23.6111 0.144315 0.150447 0.13187 -0.843564 0.292116 -0.0978743 0.199892 
24.2623 0.0564619 0.0579481 0.201317 -0.327467 0.0597467 -0.0612196 0.272613 
24.7642 0.00560168 0.00571892 0.234527 -0.0324031 -0.0687086 -0.0192829 0.300467 
25 6.13463e-05 5.89756e-05 0.238205 -0.000344351 -0.0825377 0.00201793 0.303241 
25 6.13463e-05 6.43909e-05 0.238208 -0.000359813 -0.0825304 0.00201793 0.303241 
25.2358 0.00815243 0.00830054 0.232684 -0.0470942 -0.0624299 0.0232625 0.299192 
25.7377 0.0630893 0.0646876 0.196247 -0.365728 0.0761559 0.0647128 0.268786 
26.3889 0.150789 0.157143 0.125252 -0.881258 0.308574 0.100046 0.193518 
27.0401 0.143395 0.15827 0.0765182 -0.862454 0.333968 0.0975618 0.100716 
27.542 0.0447533 0.0614098 0.0860157 -0.300125 0.140423 0.0545036 0.0423232 
27.7778 0.00418217 0.0129772 0.12156 -0.0421757 0.057137 0.0166615 0.0272527 
27.7778 0.00439927 0.00615231 0.0131553 -0.0121797 0.018984 0.0166615 0.0272527 
28.2494 0.0019166 0.00255463 0.00550576 -0.0051803 0.00802957 0.0109974 0.017142 
29.2532 0.00029006 0.000355735 0.00079362 -0.000752026 0.00116391 0.00427826 0.00621306 
30.5556 2.17932e-05 2.54834e-05 5.64501e-05 -5.51716e-05 8.45024e-05 0.00117269 0.00160287 
31.8579 1.43777e-06 1.54826e-06 3.7551e-06 -3.49295e-06 5.46429e-06 0.000301209 0.000396703 
32.8617 1.7774e-07 2.27094e-07 4.01435e-07 -4.7035e-07 6.78099e-07 0.000105905 0.000132668 
33.3333 5.60561e-08 3.69016e-08 2.34289e-07 -1.06478e-07 2.4472e-07 5.9475e-05 7.65704e-05 
33.3333 5.88917e-08 6.40027e-08 1.46872e-07 -1.47669e-07 2.22353e-07 5.9475e-05 7.65704e-05 
33.8049 2.13627e-08 2.3384e-08 5.35628e-08 -5.37591e-08 8.11103e-08 3.58209e-05 4.56722e-05 
34.8088 2.38894e-09 2.53412e-09 5.92638e-09 -5.91808e-09 8.9425e-09 1.19787e-05 1.51381e-05 
36.1111 1.41615e-10 1.55306e-10 3.42988e-10 -3.56707e-10 5.32005e-10 2.9165e-06 3.5603e-06 
37.4135 7.00334e-12 6.15127e-12 1.79915e-11 -1.5787e-11 2.51266e-11 6.48575e-07 8.30312e-07 
38.4173 9.84018e-13 1.76267e-12 1.99737e-12 -3.16775e-12 4.25527e-12 2.43114e-07 2.67061e-07 
38.8889 2.43411e-13 6.48587e-14 1.14914e-12 3.02217e-13 1.05295e-12 1.20914e-07 1.48658e-07 
38.8889 2.55418e-13 2.67163e-13 6.18444e-13 -6.45071e-13 9.51659e-13 1.20914e-07 1.48658e-07 
39.3605 8.94256e-14 9.48112e-14 2.18899e-13 -2.27381e-13 3.36403e-13 7.15456e-08 8.74312e-08 
40.3643 9.33292e-15 9.62595e-15 2.26802e-14 -2.34058e-14 3.46905e-14 2.31132e-08 2.82209e-08 
41.6667 5.17905e-16 5.61846e-16 1.23376e-15 -1.33207e-15 1.9454e-15 5.44474e-09 6.43094e-09 
42.969 2.3262e-17 1.90423e-17 5.96436e-17 -5.19729e-17 8.2549e-17 1.15392e-09 1.46437e-09 
43.9728 3.40429e-18 6.77267e-18 6.66107e-18 -1.18573e-17 1.54763e-17 4.41434e-10 4.63378e-10 
44.4445 7.71583e-19 8.23784e-19 3.8535e-18 1.96876e-18 4.22129e-18 2.10157e-10 2.53977e-10 
44.4445 8.0872e-19 8.38234e-19 1.94028e-18 -2.08599e-18 3.01933e-18 2.10157e-10 2.53977e-10 
44.9161 2.78876e-19 2.9356e-19 6.77605e-19 -7.2491e-19 1.05251e-18 1.2341e-10 1.48356e-10 
45.9199 2.82017e-20 2.88827e-20 6.80671e-20 -7.23081e-20 1.05189e-19 3.92448e-11 4.72382e-11 
47.2222 1.51417e-21 1.64229e-21 3.58545e-21 -3.99523e-21 5.72123e-21 9.0935e-12 1.05799e-11 
48.5246 6.45597e-23 5.10992e-23 1.65837e-22 -1.45518e-22 2.29171e-22 1.8777e-12 2.37447e-12 
49.5284 9.64947e-24 2.02946e-23 1.84705e-23 -3.54546e-23 4.52022e-23 7.25933e-13 7.43869e-13 
50 2.08984e-24 3.64656e-24 1.08036e-23 6.99405e-24 1.34008e-23 3.37832e-13 4.03606e-13 
50 2.18805e-24 2.28857e-24 5.25764e-24 -5.81298e-24 8.26352e-24 3.37832e-13 4.03606e-13 
50.1375 1.59833e-24 1.66333e-24 3.86781e-24 -4.23557e-24 6.04519e-24 2.8874e-13 3.44652e-13 
50.4619 7.59919e-25 7.91585e-25 1.83478e-24 -2.01475e-24 2.87235e-24 1.99093e-13 2.37525e-13 
50.9741 2.35647e-25 2.44034e-25 5.67698e-25 -6.22937e-25 8.88377e-25 1.10867e-13 1.31857e-13 
51.6774 4.68474e-26 4.85916e-26 1.12883e-25 -1.2394e-25 1.76713e-25 4.94329e-14 5.88102e-14 
52.5764 6.0996e-27 6.24958e-27 1.41773e-26 -1.60385e-26 2.26015e-26 1.78371e-14 2.07737e-14 
53.6773 4.87182e-28 4.70792e-28 1.12258e-27 -1.24408e-27 1.768e-27 5.04102e-15 5.75273e-15 
54.9882 3.1197e-29 2.39741e-29 5.25862e-29 -7.10421e-29 9.39699e-29 1.27564e-15 1.26266e-15 
56.5191 2.93984e-31 5.78014e-31 2.49653e-30 -1.07083e-30 2.61094e-30 1.23833e-16 1.78645e-16 
58.283 1.05254e-34 2.33901e-33 1.81211e-32 1.28891e-33 1.28853e-32 -2.34311e-18 3.50063e-17 
60.2961 3.48194e-33 6.39125e-33 1.31602e-31 1.22544e-32 9.45228e-32 1.34767e-17 5.42069e-17 
62.5791 1.17216e-32 1.79639e-32 1.57524e-33 3.76948e-32 3.0885e-32 -2.47267e-17 4.5939e-17 
65.1588 1.66236e-32 2.03301e-33 2.16889e-32 -1.51015e-32 2.89996e-32 2.94466e-17 -5.77112e-17 
68.0707 1.67198e-33 2.14209e-33 9.90186e-33 -4.91612e-33 9.58999e-33 -9.33875e-18 -2.79065e-17 
71.3629 9.65118e-34 1.13667e-34 8.36658e-34 -8.60391e-34 1.49838e-33 -7.09518e-18 -1.156e-17 
75.1038 2.87122e-34 4.52264e-35 2.45503e-34 2.96018e-34 3.73152e-34 3.86996e-18 9.37327e-18 
79.3967 1.37899e-33 1.66455e-34 5.85305e-35 1.24456e-33 1.61468e-33 -8.48114e-18 -7.53558e-18 
84.4114 9.6435e-35 8.85939e-35 4.00301e-34 2.40108e-34 4.74332e-34 2.2428e-18 -8.87478e-19 
90.4726 1.71147e-34 1.62225e-35 3.74122e-35 1.36877e-34 2.19994e-34 -2.98785e-18 -2.11204e-18 
98.4123 3.74593e-35 1.57025e-35 2.79807e-36 6.30018e-35 3.98378e-35 1.39783e-18 3.43698e-18 
