0 1.96232e-20 5.28572e-22 9.83699e-23 -6.507e-21 1.56996e-20 4.21404e-11 -4.89704e-11 
0.4716 7.43831e-21 1.74052e-21 1.19742e-20 -7.26976e-21 1.18288e-20 2.59449e-11 -5.53578e-11 
1.47542 1.78937e-20 1.21502e-20 8.1877e-20 -2.9791e-20 7.31385e-20 4.02405e-11 -7.94392e-11 
2.77778 3.0668e-19 3.0813e-19 8.21434e-19 -6.21088e-19 1.08546e-18 1.66593e-10 -2.23557e-10 
4.08014 4.13464e-18 4.06574e-18 1.02212e-17 -8.28385e-18 1.40745e-17 6.11692e-10 -7.87566e-10 
5.08396 3.06486e-17 3.04726e-17 7.51149e-17 -6.17453e-17 1.04438e-16 1.6654e-09 -2.12191e-09 
5.55556 7.81637e-17 7.67417e-17 1.89578e-16 -1.56481e-16 2.64008e-16 2.6596e-09 -3.38699e-09 
5.55556 8.26968e-17 8.37199e-18 2.07983e-16 -5.48498e-17 2.06244e-16 2.6596e-09 -3.38699e-09 
6.02716 2.09819e-16 2.67376e-16 4.75049e-16 -4.93743e-16 7.65913e-16 4.23638e-09 -5.33226e-09 
7.03098 1.34032e-15 1.2196e-15 3.42229e-15 -2.6652e-15 4.5694e-15 1.07072e-08 -1.40807e-08 
8.33333 1.95426e-14 2.00902e-14 4.76395e-14 -4.13048e-14 6.81353e-14 4.0885e-08 -5.15008e-08 
9.63569 2.60279e-13 2.59938e-13 6.37436e-13 -5.42215e-13 8.99441e-13 1.49208e-07 -1.90195e-07 
10.6395 1.9508e-12 1.97403e-12 4.79036e-12 -4.09072e-12 6.78064e-12 4.08487e-07 -5.19403e-07 
11.1111 5.00045e-12 5.00575e-12 1.2176e-11 -1.04293e-11 1.72494e-11 6.53998e-07 -8.33026e-07 
11.1111 5.28218e-12 8.42432e-13 1.35243e-11 -4.53265e-12 1.3866e-11 6.53998e-07 -8.33026e-07 
11.5827 1.33298e-11 1.68081e-11 3.03457e-11 -3.21624e-11 4.90941e-11 1.03892e-06 -1.31651e-06 
12.5865 8.68657e-11 8.20065e-11 2.23537e-10 -1.81354e-10 3.04146e-10 2.65213e-06 -3.49975e-06 
13.8889 1.24679e-09 1.31887e-09 3.0818e-09 -2.75535e-09 4.45965e-09 1.00477e-05 -1.28625e-05 
15.1912 1.62651e-08 1.69318e-08 4.06881e-08 -3.56581e-08 5.8044e-08 3.6291e-05 -4.73834e-05 
16.1951 1.18009e-07 1.25498e-07 2.97716e-07 -2.6149e-07 4.25345e-07 9.77525e-05 -0.000128598 
16.6667 2.96455e-07 3.13877e-07 7.45663e-07 -6.55447e-07 1.06455e-06 0.000154935 -0.000205252 
16.6667 3.12696e-07 2.89336e-07 8.03071e-07 -6.65602e-07 1.09914e-06 0.000154935 -0.000205252 
17.1383 7.01716e-07 7.42122e-07 1.70233e-06 -1.59687e-06 2.49335e-06 0.000232097 -0.000320258 
18.1421 4.74693e-06 5.25953e-06 1.27286e-05 -1.10569e-05 1.79289e-05 0.000603664 -0.000833629 
19.4444 5.51255e-05 6.45807e-05 0.000147249 -0.000132032 0.000210822 0.00205714 -0.00294483 
20.7468 0.000569119 0.000713741 0.00160693 -0.00141034 0.00226643 0.00660983 -0.0100921 
21.7506 0.00301189 0.00415479 0.0090525 -0.00782792 0.0126165 0.0152058 -0.025294 
22.2222 0.00617166 0.00908563 0.0195746 -0.0165703 0.0269047 0.0217665 -0.0383966 
22.2222 0.00650066 0.0177488 0.145627 -0.0614941 0.0716094 0.0217665 -0.0383966 
22.458 0.0512409 0.0706376 0.105451 -0.344427 0.161923 0.061111 -0.0548278 
22.9599 0.154079 0.171443 0.0894986 -0.930467 0.3595 0.10597 -0.115633 
23.6111 0.157726 0.165362 0.130642 -0.924569 0.319216 0.107217 -0.210648 
24.2623 0.0620771 0.0639823 0.191307 -0.360799 0.0648206 0.067263 -0.286292 
24.7642 0.00609963 0.00625604 0.22043 -0.0353649 -0.0768735 0.0210845 -0.315269 
25 8.04454e-05 7.81789e-05 0.223553 -0.00045401 -0.0919597 -0.00242137 -0.318112 
25 8.04454e-05 8.35782e-05 0.223556 -0.000469426 -0.0919527 -0.00242137 -0.318112 
25.2358 0.00917513 0.00937537 0.218588 -0.0530971 -0.069304 -0.0258593 -0.313822 
25.7377 0.0700482 0.0721048 0.186217 -0.406866 0.0845569 -0.0714512 -0.28195 
26.3889 0.165482 0.173401 0.123857 -0.969776 0.338944 -0.109821 -0.20342 
27.0401 0.154843 0.172461 0.0833629 -0.935536 0.362529 -0.106232 -0.107134 
27.542 0.0480114 0.0670762 0.100021 -0.324883 0.154145 -0.0591539 -0.0467915 
27.7778 0.00477096 0.0149541 0.140692 -0.0483563 0.065893 -0.0186472 -0.0310747 
27.7778 0.00501862 0.00713155 0.0152249 -0.0140059 0.0218173 -0.0186472 -0.0310747 
28.2494 0.0023266 0.00313969 0.00676748 -0.00632747 0.00980008 -0.0126965 -0.0201439 
29.2532 0.000403396 0.000500696 0.00111417 -0.00105215 0.00162574 -0.00528673 -0.00779435 
30.5556 3.60221e-05 4.22783e-05 9.43316e-05 -9.13628e-05 0.000139998 -0.00157981 -0.00219109 
31.8579 2.88092e-06 3.18747e-06 7.45995e-06 -7.09439e-06 1.09729e-05 -0.000446773 -0.000592351 
32.8617 3.93767e-07 4.73898e-07 9.41772e-07 -1.01132e-06 1.49793e-06 -0.000165174 -0.000210648 
33.3333 1.3635e-07 1.3396e-07 4.9356e-07 -3.16403e-07 5.93826e-07 -9.7196e-05 -0.000126366 
33.3333 1.43247e-07 1.56761e-07 3.599e-07 -3.60434e-07 5.42266e-07 -9.7196e-05 -0.000126366 
33.8049 5.53527e-08 6.07838e-08 1.39425e-07 -1.39517e-07 2.10203e-07 -6.04192e-05 -7.7813e-05 
34.8088 7.11648e-09 7.60194e-09 1.77237e-08 -1.76913e-08 2.66749e-08 -2.1664e-05 -2.75873e-05 
36.1111 4.9755e-10 5.41125e-10 1.2158e-09 -1.24805e-09 1.86528e-09 -5.72828e-06 -7.09252e-06 
37.4135 3.10036e-11 2.93718e-11 7.76318e-11 -7.25831e-11 1.12286e-10 -1.42992e-06 -1.80331e-06 
38.4173 4.35886e-12 6.49933e-12 9.67949e-12 -1.28022e-11 1.78166e-11 -5.36157e-07 -6.1626e-07 
38.8889 1.297e-12 5.78598e-14 4.84523e-12 -6.58907e-13 4.42229e-12 -2.92467e-07 -3.59976e-07 
38.8889 1.36098e-12 1.42154e-12 3.3006e-12 -3.43479e-12 5.06233e-12 -2.92467e-07 -3.59976e-07 
39.3605 5.05552e-13 5.33588e-13 1.23653e-12 -1.28257e-12 1.89463e-12 -1.78252e-07 -2.18287e-07 
40.3643 6.0232e-14 6.21763e-14 1.46281e-13 -1.51119e-13 2.23465e-13 -6.15268e-08 -7.51764e-08 
41.6667 3.90479e-15 4.17357e-15 9.3567e-15 -9.96889e-15 1.45956e-14 -1.56657e-08 -1.86834e-08 
42.969 2.21949e-16 1.98633e-16 5.50544e-16 -5.18496e-16 7.95011e-16 -3.73488e-09 -4.62508e-09 
43.9728 3.14854e-17 5.0976e-17 6.79686e-17 -9.89308e-17 1.33364e-16 -1.40671e-09 -1.55186e-09 
44.4445 8.80726e-18 1.34076e-19 3.35806e-17 2.68343e-18 3.05015e-17 -7.43996e-10 -8.95078e-10 
44.4445 9.23115e-18 9.50392e-18 2.21032e-17 -2.37307e-17 3.43135e-17 -7.43996e-10 -8.95078e-10 
44.9161 3.3676e-18 3.51165e-18 8.14919e-18 -8.71257e-18 1.26306e-17 -4.49369e-10 -5.38489e-10 
45.9199 3.8668e-19 3.94689e-19 9.29971e-19 -9.89768e-19 1.4365e-18 -1.52271e-10 -1.82563e-10 
47.2222 2.40945e-20 2.56464e-20 5.72683e-20 -6.29799e-20 9.04334e-20 -3.80103e-11 -4.44961e-11 
48.5246 1.30014e-21 1.13054e-21 3.21546e-21 -3.07162e-21 4.65279e-21 -8.82952e-12 -1.08338e-11 
49.5284 1.85225e-22 3.14867e-22 3.93525e-22 -6.11849e-22 8.04154e-22 -3.33268e-12 -3.5932e-12 
50 4.99787e-23 5.27193e-24 1.93741e-22 4.11252e-23 1.81996e-22 -1.73115e-12 -2.05595e-12 
50 5.23273e-23 5.40526e-23 1.25894e-22 -1.38153e-22 1.96707e-22 -1.73115e-12 -2.05595e-12 
50.1435 3.83457e-23 3.96554e-23 9.21184e-23 -1.01297e-22 1.44114e-22 -1.48194e-12 -1.75896e-12 
50.482 1.84211e-23 1.90207e-23 4.42007e-23 -4.8625e-23 6.91707e-23 -1.02714e-12 -1.21698e-12 
51.0165 5.77494e-24 5.95146e-24 1.38481e-23 -1.52291e-23 2.16689e-23 -5.75102e-13 -6.79893e-13 
51.7503 1.17001e-24 1.20402e-24 2.80331e-24 -3.0832e-24 4.38735e-24 -2.58861e-13 -3.05222e-13 
52.6884 1.51595e-25 1.54602e-25 3.61977e-25 -3.97685e-25 5.66056e-25 -9.31783e-14 -1.09694e-13 
53.8372 1.26007e-26 1.28078e-26 2.96394e-26 -3.30007e-26 4.67311e-26 -2.68639e-14 -3.13185e-14 
55.2051 6.21298e-28 6.1812e-28 1.49798e-27 -1.60981e-27 2.3135e-27 -5.96515e-15 -6.93821e-15 
56.8026 2.05547e-29 1.9727e-29 4.71048e-29 -5.23087e-29 7.37944e-29 -1.08499e-15 -1.32243e-15 
58.6432 3.02622e-31 5.10889e-31 8.93719e-31 -1.02141e-30 1.49328e-30 -1.3165e-16 -1.2703e-16 
60.7439 1.0527e-32 1.15313e-33 3.53952e-33 -9.05065e-33 1.49533e-32 -2.45541e-17 -5.10129e-18 
63.1262 2.12746e-37 4.74999e-34 9.30206e-36 2.61135e-35 -9.60085e-34 -1.10383e-19 3.05691e-17 
65.8181 2.19368e-34 5.16066e-35 6.1495e-35 -2.76393e-34 -4.91935e-34 3.54452e-18 -2.25693e-17 
68.8565 2.05424e-35 5.49516e-35 7.11904e-35 -8.72778e-35 -1.7397e-34 1.08467e-18 1.3758e-17 
72.2919 2.33252e-33 2.55551e-35 7.61748e-33 -6.34219e-34 5.07246e-33 1.1558e-17 -3.97958e-17 
76.1955 1.70839e-33 1.62965e-33 6.49703e-33 -4.33439e-33 6.46154e-33 -9.89155e-18 3.16801e-17 
80.6751 3.18422e-34 1.66981e-33 8.56181e-34 -1.89419e-33 2.58184e-33 4.27045e-18 -1.30865e-17 
85.9079 3.71941e-34 9.74697e-34 1.08724e-33 -1.56409e-33 1.98198e-33 -4.61539e-18 1.31638e-17 
92.2327 1.48424e-34 6.1824e-34 3.35123e-34 -7.86899e-34 1.01279e-33 2.91557e-18 -7.48527e-18 
100.518 1.1615e-35 3.16259e-34 3.22031e-34 -1.57442e-34 5.20958e-34 -8.15609e-19 6.84036e-18 
