0 3.50725e-30 4.28407e-30 5.26648e-29 -7.83168e-30 4.16114e-29 -2.13145e-16 -2.2639e-16 
0.2358 2.71873e-30 5.29952e-31 1.2433e-29 -2.42519e-30 1.08693e-29 1.87662e-16 -2.10162e-16 
0.73771 1.70096e-30 1.09775e-30 4.25474e-32 2.76085e-30 2.5541e-30 1.48436e-16 -2.03877e-16 
1.38889 2.39366e-30 3.56435e-30 5.49941e-30 -5.90154e-30 9.63477e-30 1.76086e-16 -1.61739e-16 
2.04007 3.81906e-33 9.94165e-30 3.64092e-30 -3.93687e-31 5.85693e-30 7.03349e-18 -9.03995e-16 
2.54198 1.04394e-28 1.56661e-29 1.05001e-29 -8.17076e-29 1.20521e-28 -1.16287e-15 -8.90801e-16 
2.77778 4.72145e-29 3.6192e-29 2.55925e-28 -8.35194e-29 2.49462e-28 -7.82042e-16 -4.78931e-16 
2.77778 4.72145e-29 3.96156e-29 3.48178e-29 -8.73805e-29 1.1122e-28 -7.82042e-16 -4.78931e-16 
3.01358 2.50121e-29 6.50587e-30 7.89392e-30 -2.57734e-29 3.69373e-29 -5.69203e-16 -1.51696e-16 
3.51549 1.37238e-30 1.58961e-33 4.21038e-30 -9.43682e-32 4.06959e-30 -1.3333e-16 2.142e-18 
4.16667 1.9848e-30 1.94629e-31 7.61624e-33 -1.25576e-30 2.16439e-30 1.60343e-16 -5.52005e-17 
4.81785 6.24406e-32 4.78987e-32 1.99693e-30 -1.10494e-31 1.22216e-30 2.84398e-17 -1.38071e-16 
5.31976 1.62436e-29 1.07055e-30 1.62426e-29 -8.42535e-30 2.73968e-29 4.58706e-16 -1.97661e-16 
5.55556 2.97407e-29 1.2332e-29 3.86213e-30 -3.86933e-29 4.45431e-29 6.2068e-16 -3.59734e-16 
5.55556 3.14654e-29 5.73671e-31 5.38554e-28 8.85656e-30 3.7924e-28 6.2068e-16 -3.59734e-16 
5.79136 2.29129e-29 5.76484e-30 1.58087e-32 -2.3958e-29 2.90858e-29 -5.29652e-16 -2.18274e-16 
6.29327 6.78292e-31 1.95636e-31 3.52945e-30 7.59363e-31 3.16842e-30 9.11295e-17 3.99606e-17 
6.94444 3.08394e-31 3.5005e-32 1.29321e-30 -2.16588e-31 1.18225e-30 -6.14475e-17 1.88215e-17 
7.59562 6.66207e-31 1.78345e-30 4.23894e-31 2.27223e-30 2.45528e-30 9.03141e-17 2.2937e-16 
8.09753 3.53185e-32 6.6519e-31 5.39438e-30 -3.19514e-31 3.42957e-30 2.07947e-17 3.01145e-16 
8.33333 8.93761e-30 2.85318e-30 5.30853e-29 -1.05267e-29 4.61374e-29 3.30797e-16 1.99382e-16 
8.33333 8.93761e-30 5.96847e-30 1.16496e-28 -1.52251e-29 9.06144e-29 3.30797e-16 1.99382e-16 
8.56913 3.99908e-29 7.6635e-30 3.29476e-30 -3.6493e-29 5.09588e-29 6.9973e-16 -9.90237e-18 
9.07104 3.47618e-33 2.17818e-31 1.4038e-31 -5.73607e-32 -1.71565e-31 -6.52381e-18 -2.349e-16 
9.72222 8.71218e-30 2.7626e-29 2.62453e-29 -3.23399e-29 5.5298e-29 -3.26598e-16 3.84437e-16 
10.3734 3.32513e-28 2.87469e-28 7.1036e-28 -6.44491e-28 1.06459e-27 -2.01769e-15 2.35213e-15 
10.8753 3.05523e-27 3.29268e-27 7.73545e-27 -6.6117e-27 1.12138e-26 -6.11608e-15 7.70152e-15 
11.1111 1.02675e-26 9.69879e-27 2.69549e-26 -2.08021e-26 3.69372e-26 -1.1212e-14 1.34832e-14 
11.1111 1.0846e-26 6.19695e-26 6.29501e-26 5.57059e-26 1.20084e-25 -1.1212e-14 1.34832e-14 
11.3469 5.26968e-26 1.28983e-25 8.43886e-26 -1.77148e-25 2.47974e-25 -2.47138e-14 2.514e-14 
11.8488 2.99045e-25 2.04881e-25 8.35511e-25 -5.31859e-25 1.01887e-24 -5.8873e-14 8.04598e-14 
12.5 9.01442e-24 9.93114e-24 2.13575e-23 -2.03304e-23 3.28931e-23 -3.23234e-13 3.84e-13 
13.1512 1.9089e-22 1.95725e-22 4.67357e-22 -4.1533e-22 6.87137e-22 -1.48744e-12 1.85098e-12 
13.6531 2.11258e-21 2.24124e-21 5.20301e-21 -4.6755e-21 7.71011e-21 -4.94829e-12 6.14938e-12 
13.8889 6.42406e-21 6.70034e-21 1.56169e-20 -1.40971e-20 2.31665e-20 -8.62885e-12 1.08055e-11 
13.8889 6.42406e-21 4.69436e-20 4.85979e-20 3.73139e-20 8.99268e-20 -8.62885e-12 1.08055e-11 
14.1247 3.72719e-20 9.46059e-20 6.00855e-20 -1.27593e-19 1.79622e-19 -2.07845e-11 2.0703e-11 
14.6266 2.12371e-19 1.45581e-19 5.93166e-19 -3.77814e-19 7.23618e-19 -4.96131e-11 6.77406e-11 
15.2778 6.47978e-18 7.12879e-18 1.53203e-17 -1.46038e-17 2.36183e-17 -2.74049e-10 3.24572e-10 
15.929 1.37548e-16 1.40656e-16 3.36133e-16 -2.98871e-16 4.94394e-16 -1.26263e-09 1.56777e-09 
16.4309 1.52835e-15 1.61694e-15 3.75773e-15 -3.37781e-15 5.57011e-15 -4.20881e-09 5.21567e-09 
16.6667 4.65882e-15 4.84344e-15 1.13011e-14 -1.02069e-14 1.6772e-14 -7.34829e-09 9.17266e-09 
16.6667 4.91404e-15 3.05575e-14 3.31724e-14 2.71163e-14 6.05744e-14 -7.34829e-09 9.17266e-09 
16.9025 2.5318e-14 6.29044e-14 4.06502e-14 -8.83096e-14 1.21204e-13 -1.66795e-08 1.70784e-08 
17.4044 1.45868e-13 1.01989e-13 4.13135e-13 -2.69903e-13 5.08148e-13 -4.00356e-08 5.48378e-08 
18.0556 4.46892e-12 4.9839e-12 1.06324e-11 -1.04433e-11 1.65571e-11 -2.21599e-07 2.63953e-07 
18.7067 9.50186e-11 9.9143e-11 2.34307e-10 -2.14777e-10 3.48269e-10 -1.02181e-06 1.27903e-06 
19.2086 1.04724e-09 1.13492e-09 2.60396e-09 -2.41244e-09 3.89938e-09 -3.39226e-06 4.2582e-06 
19.4444 3.17164e-09 3.38797e-09 7.80178e-09 -7.25378e-09 1.16886e-08 -5.90349e-06 7.4831e-06 
19.4444 3.17164e-09 1.75539e-10 1.85327e-08 1.65113e-09 1.50665e-08 -5.90349e-06 7.4831e-06 
19.6802 1.20727e-08 2.00942e-08 2.24608e-08 -3.44658e-08 4.81577e-08 -1.15178e-05 1.36567e-05 
20.1822 9.85771e-08 9.43449e-08 2.70195e-07 -2.13403e-07 3.6742e-07 -3.2912e-05 4.3722e-05 
20.8333 2.20016e-06 2.56196e-06 5.53558e-06 -5.25369e-06 8.40391e-06 -0.000155487 0.000203819 
21.4845 3.94615e-05 4.65628e-05 0.000105025 -9.48546e-05 0.000154305 -0.000658497 0.000916196 
21.9864 0.000340961 0.000432956 0.00094005 -0.00085021 0.00138174 -0.00193562 0.00284 
22.2222 0.000893904 0.00116788 0.00252873 -0.00226098 0.00368617 -0.0031341 0.00477702 
22.2222 0.000941556 0.00240302 0.0186844 -0.00861136 0.00955814 -0.0031341 0.00477702 
22.3794 0.0117138 0.0143562 0.0139299 -0.0742401 0.0323366 -0.0110545 0.00882994 
22.714 0.035636 0.0374269 0.0236554 -0.209077 0.0815956 -0.0192812 0.025046 
23.1481 0.0428965 0.0434435 0.0706382 -0.24714 0.0925008 -0.0211544 0.0515245 
23.5823 0.0336633 0.0338418 0.149786 -0.19323 0.0672483 -0.0187399 0.0770711 
23.9169 0.0223737 0.0223929 0.219287 -0.128143 0.0387343 -0.0152777 0.0937033 
24.0741 0.0171186 0.0172133 0.251132 -0.0982735 0.0259528 -0.0133636 0.100249 
24.0741 0.0171186 0.017146 0.250678 -0.0980814 0.0257295 -0.0133636 0.100249 
24.2313 0.0122147 0.0122295 0.279366 -0.0699709 0.0135909 -0.0112884 0.105883 
24.5659 0.00404626 0.00404937 0.326697 -0.0231735 -0.00656407 -0.00649705 0.11456 
25 1.79412e-06 1.79452e-06 0.350014 -1.02724e-05 -0.0165211 0.000136809 0.118595 
25.4341 0.0043812 0.00438451 0.324761 -0.0250915 -0.00574096 0.00676061 0.114219 
25.7687 0.0127444 0.0127599 0.276287 -0.0730051 0.0148944 0.0115305 0.105296 
25.9259 0.0177079 0.0177363 0.247233 -0.101458 0.0271814 0.0135916 0.0995545 
25.9259 0.0177079 0.017806 0.247692 -0.101657 0.0274094 0.0135916 0.0995545 
26.0831 0.0229961 0.023016 0.215606 -0.131708 0.0402699 0.0154888 0.0929082 
26.4177 0.0342634 0.0344471 0.146066 -0.196681 0.0687437 0.0189062 0.076091 
26.8519 0.0432244 0.0437843 0.067734 -0.249054 0.0933642 0.0212351 0.0503827 
27.286 0.0353936 0.0372142 0.0220668 -0.207772 0.081114 0.0192155 0.023878 
27.6206 0.0111045 0.0137345 0.013085 -0.0707012 0.0308777 0.0107631 0.00780764 
27.7778 0.000680222 0.00200521 0.0181203 -0.00668615 0.00871976 0.00266388 0.00391253 
27.7778 0.000715533 0.000915965 0.00197424 -0.00189531 0.00296309 0.00266388 0.00391253 
28.0136 0.000262765 0.00032966 0.000711736 -0.000689037 0.00107503 0.0016143 0.00229364 
28.5155 2.83577e-05 3.32115e-05 7.45571e-05 -7.18465e-05 0.000112274 0.000530317 0.000720411 
29.1667 1.48238e-06 1.73838e-06 3.68821e-06 -3.75819e-06 5.76183e-06 0.000121249 0.000155114 
29.8178 5.99849e-08 5.4602e-08 1.66505e-07 -1.33983e-07 2.25885e-07 2.43905e-05 3.23285e-05 
30.3198 7.72668e-09 1.46575e-08 1.34898e-08 -2.49145e-08 3.28963e-08 8.75379e-06 9.92108e-06 
30.5556 1.81365e-09 1.10432e-09 1.22644e-08 3.31322e-09 1.10101e-08 4.24108e-06 5.31761e-06 
30.5556 1.81365e-09 1.95272e-09 4.45057e-09 -4.40577e-09 6.8201e-09 4.24108e-06 5.31761e-06 
30.7914 5.8905e-10 6.44054e-10 1.46255e-09 -1.44199e-09 2.23932e-09 2.417e-06 2.99955e-06 
31.2933 5.14672e-11 5.40348e-11 1.26671e-10 -1.2346e-10 1.92399e-10 7.14439e-07 8.84244e-07 
31.9444 2.32101e-12 2.62301e-12 5.49194e-12 -5.77649e-12 8.77773e-12 1.51718e-07 1.77767e-07 
32.5956 6.9978e-14 4.64408e-14 1.97884e-13 -1.33462e-13 2.45618e-13 2.63439e-08 3.57793e-08 
33.0975 1.25201e-14 3.53389e-14 1.9039e-14 -4.92444e-14 6.51549e-14 1.11431e-08 1.04862e-08 
33.3333 1.7363e-15 2.17558e-14 1.78621e-14 1.43888e-14 3.82628e-14 4.14966e-09 5.16314e-09 
33.3333 1.82414e-15 1.96442e-15 4.46286e-15 -4.55313e-15 6.91001e-15 4.14966e-09 5.16314e-09 
33.5691 5.86891e-16 6.42463e-16 1.45415e-15 -1.47695e-15 2.24892e-15 2.35376e-09 2.89899e-09 
34.071 5.02288e-17 5.27528e-17 1.23385e-16 -1.23812e-16 1.89224e-16 6.8859e-10 8.46515e-10 
34.7222 2.21659e-18 2.51791e-18 5.23319e-18 -5.68234e-18 8.45943e-18 1.44653e-10 1.68054e-10 
35.3734 6.36059e-20 4.04011e-20 1.82862e-19 -1.2193e-19 2.24922e-19 2.45038e-11 3.35533e-11 
35.8753 1.19108e-20 3.47136e-20 1.76801e-20 -4.89085e-20 6.33582e-20 1.06036e-11 9.9687e-12 
36.1111 1.72746e-21 2.44554e-20 1.67448e-20 1.56335e-20 4.08196e-20 4.03821e-12 5.00452e-12 
36.1111 1.72746e-21 1.85251e-21 4.21396e-21 -4.30278e-21 6.52847e-21 4.03821e-12 5.00452e-12 
36.3469 5.54247e-22 6.04498e-22 1.37006e-21 -1.39224e-21 2.11968e-21 2.28737e-12 2.80689e-12 
36.8488 4.71784e-23 4.93852e-23 1.15648e-22 -1.16101e-22 1.77418e-22 6.67353e-13 8.18052e-13 
37.5 2.07108e-24 2.35079e-24 4.89032e-24 -5.30725e-24 7.90371e-24 1.39824e-13 1.62023e-13 
38.1512 5.8242e-26 3.71005e-26 1.67958e-25 -1.11808e-25 2.06292e-25 2.34478e-14 3.23212e-14 
38.6531 1.18386e-26 3.39552e-26 1.61219e-26 -4.82245e-26 6.14854e-26 1.05714e-14 9.35571e-15 
38.8889 1.39602e-27 2.25421e-26 1.85039e-26 1.3493e-26 3.94945e-26 3.6302e-15 4.32544e-15 
38.8889 1.46488e-27 1.86256e-27 4.75992e-27 -4.07897e-27 6.71933e-27 3.6302e-15 4.32544e-15 
39.1247 3.18083e-28 3.90846e-28 1.06932e-27 -8.70697e-28 1.45241e-27 1.6916e-15 2.37938e-15 
39.6266 4.80662e-29 3.7476e-29 9.06955e-29 -1.04807e-28 1.4747e-28 6.5758e-16 9.15302e-16 
40.2778 2.87152e-30 6.84306e-30 7.39195e-30 -1.09465e-29 1.57973e-29 1.60725e-16 1.0696e-16 
40.929 3.1835e-33 4.77897e-31 1.31455e-32 -9.63193e-32 5.61372e-31 -5.35157e-18 1.64337e-17 
41.4309 2.32896e-32 1.43823e-31 7.44048e-31 1.42919e-31 6.79603e-31 -1.44747e-17 2.81226e-17 
41.6667 4.77538e-31 6.53767e-30 5.39928e-31 -4.36324e-30 8.37504e-30 -6.55439e-17 6.87372e-17 
41.6667 4.77538e-31 1.79094e-31 1.44297e-30 7.22168e-31 1.63648e-30 -6.55439e-17 6.87372e-17 
41.9025 8.90379e-31 5.60999e-31 1.74865e-32 1.74527e-30 1.60771e-30 -8.94986e-17 2.42994e-17 
42.4044 1.02873e-34 3.90687e-36 7.72958e-31 -4.9506e-35 5.08442e-31 -9.62008e-19 -2.72666e-17 
43.0556 3.41809e-31 2.99573e-33 7.6136e-32 7.902e-32 4.18851e-31 5.54524e-17 -1.29222e-17 
43.7067 1.56542e-30 7.90419e-31 1.0509e-30 -2.74687e-30 3.26229e-30 -1.18671e-16 5.47791e-17 
44.2087 8.14975e-33 1.19151e-30 2.79448e-30 -2.43341e-31 3.0997e-30 8.56251e-18 1.26203e-16 
44.4445 1.4737e-29 4.25416e-29 4.34822e-29 -6.18308e-29 9.3797e-29 3.6411e-16 -9.52665e-17 
44.4445 1.54463e-29 1.41924e-30 5.59455e-29 1.18623e-29 5.56938e-29 3.6411e-16 -9.52665e-17 
44.6803 3.5826e-31 1.03996e-30 5.29562e-30 -1.54646e-30 5.13245e-30 -5.54524e-17 -2.3246e-17 
45.1822 9.53001e-31 1.85207e-32 1.30356e-31 -3.36593e-31 1.10919e-30 -9.04415e-17 5.59028e-17 
45.8333 2.85939e-31 1.86921e-31 1.41304e-32 -5.85728e-31 5.33093e-31 4.95402e-17 1.43971e-17 
46.4845 3.56065e-32 9.30228e-33 4.26654e-32 -4.61094e-32 6.17009e-32 1.74818e-17 -4.17515e-17 
46.9864 1.79154e-30 4.47172e-31 5.01334e-31 -2.26767e-30 2.78805e-30 -1.24003e-16 -1.03238e-17 
47.2222 2.81171e-30 1.89593e-30 2.15276e-32 -5.84961e-30 5.22378e-30 -1.55348e-16 5.26546e-17 
47.2222 2.81171e-30 8.34169e-30 3.3766e-29 -1.227e-29 3.52847e-29 -1.55348e-16 5.26546e-17 
47.458 2.00053e-30 1.39538e-30 1.80805e-31 -4.23301e-30 3.84392e-30 1.31037e-16 7.75949e-17 
47.9599 6.31504e-31 1.0869e-32 1.30411e-30 2.09901e-31 1.51967e-30 -7.36223e-17 -7.20556e-17 
48.6111 1.01092e-30 1.73512e-31 1.08827e-30 -1.06109e-30 2.00428e-30 -9.31491e-17 4.31912e-17 
49.2623 8.66261e-34 1.85289e-30 1.10505e-30 -1.01503e-31 2.82123e-30 2.72675e-18 -8.55397e-17 
49.7642 1.5429e-29 4.13895e-30 2.11066e-30 -2.02462e-29 2.27823e-29 -3.63907e-16 -1.00753e-16 
50 1.54582e-30 2.41521e-29 1.39653e-28 1.54806e-29 1.2302e-28 1.15186e-16 1.19197e-16 
50 1.61845e-30 5.02986e-29 9.61594e-28 2.34378e-29 7.0649e-28 1.15186e-16 1.19197e-16 
50.0696 1.61273e-30 1.7041e-31 4.79915e-30 -1.36181e-30 4.89064e-30 -1.14982e-16 1.76768e-16 
50.2338 1.03241e-29 6.48938e-31 6.17464e-30 -6.72381e-30 1.59695e-29 2.90921e-16 1.36702e-16 
50.493 2.64288e-30 4.97391e-31 1.5877e-29 -2.97835e-30 1.40183e-29 1.47194e-16 1.08364e-16 
50.8489 1.3058e-32 2.57847e-31 1.37836e-31 1.50733e-31 4.05266e-31 -1.03464e-17 1.3765e-17 
51.3038 2.57237e-31 8.10157e-31 3.82838e-31 -1.18588e-30 1.40864e-30 -4.59215e-17 8.81382e-17 
51.8609 7.40554e-31 1.51451e-30 5.74547e-32 -2.75107e-30 2.59415e-30 7.79163e-17 3.82751e-17 
52.5243 8.46964e-32 1.2176e-31 3.65584e-32 2.63799e-31 2.32321e-31 2.63501e-17 -5.3234e-17 
53.2991 2.14757e-31 1.16253e-31 6.67213e-32 4.10453e-31 4.10764e-31 -4.19588e-17 -1.84704e-17 
54.1917 1.79489e-32 1.70021e-31 2.28286e-31 -1.43502e-31 3.45515e-31 -1.21302e-17 -5.24176e-17 
55.2104 4.10003e-33 1.78781e-33 2.87356e-31 7.03303e-33 1.67984e-31 -5.79753e-18 5.85803e-17 
56.3658 3.17903e-31 5.24044e-33 2.41691e-32 1.06028e-31 3.6179e-31 -5.10501e-17 -2.66434e-17 
57.6713 2.09291e-32 1.48726e-32 4.47762e-32 -4.58307e-32 5.49079e-32 -1.30986e-17 4.06717e-17 
59.1449 1.4024e-32 1.95836e-32 2.28243e-34 4.30497e-32 3.73979e-32 -1.07222e-17 -9.40199e-18 
60.8109 6.39884e-34 8.99981e-33 3.51183e-33 -6.23384e-33 1.14764e-32 -2.29034e-18 1.49238e-17 
62.704 2.73426e-36 7.73656e-33 7.15251e-34 -3.77817e-34 8.81531e-33 1.49716e-19 -8.54606e-18 
64.8765 1.13362e-33 3.07896e-33 5.46082e-34 -4.85315e-33 5.17154e-33 -3.04848e-18 1.21146e-18 
67.4142 2.3215e-33 1.38774e-33 2.82945e-33 -4.66257e-33 5.38239e-33 4.36248e-18 -8.46267e-18 
70.4816 8.57852e-36 1.32102e-33 2.1982e-33 2.76534e-34 2.59374e-33 2.65189e-19 6.82983e-18 
74.4995 9.60913e-35 8.9149e-34 1.4639e-33 7.60306e-34 1.82946e-33 -8.87548e-19 -5.66885e-18 
