0 4.37193e-19 2.44693e-20 8.67143e-22 -2.08973e-19 3.57612e-19 -2.08426e-10 2.43206e-10 
0.4716 1.62759e-19 2.78147e-20 2.38499e-19 -1.35942e-19 2.27342e-19 -1.27171e-10 2.72331e-10 
1.47542 3.1938e-19 2.10874e-19 1.54489e-18 -5.24335e-19 1.32405e-18 -1.78143e-10 3.70885e-10 
2.77778 4.51986e-18 4.47299e-18 1.26241e-17 -9.08459e-18 1.61114e-17 -6.70158e-10 9.29721e-10 
4.08014 5.26425e-17 5.17213e-17 1.31424e-16 -1.05426e-16 1.79049e-16 -2.28709e-09 2.97638e-09 
5.08396 3.43595e-16 3.40385e-16 8.45645e-16 -6.90959e-16 1.16615e-15 -5.84303e-09 7.50903e-09 
5.55556 8.26054e-16 8.09928e-16 2.01424e-15 -1.65261e-15 2.78275e-15 -9.05981e-09 1.16261e-08 
5.55556 8.73961e-16 3.09283e-16 1.99463e-15 -1.08378e-15 2.28235e-15 -9.05981e-09 1.16261e-08 
6.02716 1.98893e-15 2.25481e-15 4.67025e-15 -4.4145e-15 7.00751e-15 -1.36673e-08 1.76803e-08 
7.03098 1.1818e-14 1.11372e-14 2.99791e-14 -2.39153e-14 4.04529e-14 -3.33154e-08 4.38124e-08 
8.33333 1.41581e-13 1.44412e-13 3.47834e-13 -2.98072e-13 4.91658e-13 -1.15312e-07 1.47165e-07 
9.63569 1.60478e-12 1.60549e-12 3.9462e-12 -3.34602e-12 5.53481e-12 -3.88222e-07 4.98881e-07 
10.6395 1.05405e-11 1.06507e-11 2.59799e-11 -2.2087e-11 3.65179e-11 -9.94956e-07 1.27678e-06 
11.1111 2.54318e-11 2.54881e-11 6.22862e-11 -5.30729e-11 8.76017e-11 -1.54547e-06 1.98588e-06 
11.1111 2.68646e-11 1.15183e-11 6.2356e-11 -3.77975e-11 7.40951e-11 -1.54547e-06 1.98588e-06 
11.5827 6.10007e-11 6.91075e-11 1.44102e-10 -1.39511e-10 2.17888e-10 -2.32883e-06 3.03157e-06 
12.5865 3.66766e-10 3.58401e-10 9.39362e-10 -7.79035e-10 1.29031e-09 -5.71039e-06 7.55849e-06 
13.8889 4.31999e-09 4.5518e-09 1.07819e-08 -9.5282e-09 1.54229e-08 -1.9598e-05 2.54758e-05 
15.1912 4.77319e-08 4.998e-08 1.20205e-07 -1.0495e-07 1.70398e-07 -6.51441e-05 8.60515e-05 
16.1951 3.02395e-07 3.22743e-07 7.68316e-07 -6.71264e-07 1.08945e-06 -0.000163967 0.000218627 
16.6667 7.13664e-07 7.60603e-07 1.81198e-06 -1.58308e-06 2.56666e-06 -0.000251894 0.000338236 
16.6667 7.52761e-07 7.51911e-07 1.80916e-06 -1.66481e-06 2.61487e-06 -0.000251894 0.000338236 
17.1383 1.58294e-06 1.6457e-06 3.93946e-06 -3.57157e-06 5.628e-06 -0.000365276 0.000511442 
18.1421 9.38447e-06 1.05344e-05 2.52931e-05 -2.2002e-05 3.54999e-05 -0.000889394 0.00124882 
19.4444 9.11648e-05 0.000107643 0.00024694 -0.000219209 0.000349873 -0.00277206 0.00404114 
20.7468 0.000791168 0.00100653 0.00226603 -0.0019747 0.00316773 -0.00816627 0.0127279 
21.7506 0.00365562 0.00513219 0.0111956 -0.00958483 0.0154323 -0.0175538 0.0299167 
22.2222 0.00702947 0.0105786 0.0227811 -0.0190822 0.0309572 -0.0243417 0.0440917 
22.2222 0.0074042 0.0204991 0.169555 -0.0705304 0.082814 -0.0243417 0.0440917 
22.458 0.0551132 0.0774505 0.123201 -0.374033 0.178336 -0.0664109 0.0612348 
22.9599 0.166106 0.186737 0.0982284 -1.00827 0.389655 -0.115294 0.123996 
23.6111 0.172127 0.181633 0.129482 -1.01226 0.348129 -0.117364 0.222267 
24.2623 0.0680966 0.0705369 0.180387 -0.396772 0.0697835 -0.0738201 0.300763 
24.7642 0.00660857 0.00681471 0.204995 -0.0384192 -0.0862316 -0.0229967 0.330819 
25 0.000106886 0.000104731 0.207529 -0.000605716 -0.102592 0.00292464 0.333714 
25 0.000106886 0.000110144 0.207531 -0.000621171 -0.102586 0.00292464 0.333714 
25.2358 0.0103387 0.0106066 0.203175 -0.0599505 -0.077054 0.0287637 0.32917 
25.7377 0.0777459 0.0803909 0.175321 -0.452598 0.0936701 0.078877 0.295814 
26.3889 0.181501 0.191368 0.122549 -1.06695 0.371974 0.120518 0.21403 
27.0401 0.167216 0.188133 0.0915739 -1.01541 0.393746 0.115678 0.114292 
27.542 0.0515866 0.0734995 0.116955 -0.352518 0.16983 0.0642511 0.0519923 
27.7778 0.00545446 0.0173088 0.163663 -0.0556262 0.0763267 0.0208924 0.0355996 
27.7778 0.00573761 0.0083065 0.017708 -0.0161622 0.0251575 0.0208924 0.0355996 
28.2494 0.00283138 0.00387807 0.00836017 -0.0077577 0.0120039 0.0146765 0.0237741 
29.2532 0.000561861 0.000706622 0.00156972 -0.00147514 0.00227538 0.00653788 0.0098115 
30.5556 5.9637e-05 7.04433e-05 0.000157899 -0.000151741 0.00023239 0.00213 0.00300137 
31.8579 5.72624e-06 6.4588e-06 1.48016e-05 -1.42376e-05 2.18536e-05 0.00066002 0.000884446 
32.8617 8.79575e-07 1.03008e-06 2.18324e-06 -2.22843e-06 3.35274e-06 0.000258678 0.000334962 
33.3333 3.28835e-07 3.83292e-07 1.09781e-06 -8.3115e-07 1.43524e-06 0.000158165 0.00020814 
33.3333 3.45469e-07 3.81079e-07 8.75333e-07 -8.72723e-07 1.31146e-06 0.000158165 0.00020814 
33.8049 1.42168e-07 1.56839e-07 3.60224e-07 -3.59164e-07 5.40228e-07 0.000101463 0.000132261 
34.8088 2.09697e-08 2.25639e-08 5.25035e-08 -5.232e-08 7.87151e-08 3.89675e-05 5.01189e-05 
36.1111 1.73313e-09 1.87697e-09 4.26771e-09 -4.3382e-09 6.48713e-09 1.12027e-05 1.40623e-05 
37.4135 1.32842e-10 1.31979e-10 3.28515e-10 -3.18482e-10 4.84477e-10 3.10152e-06 3.89491e-06 
38.4173 1.97777e-11 2.60318e-11 4.63516e-11 -5.45763e-11 7.81483e-11 1.19672e-06 1.41741e-06 
38.8889 6.68835e-12 2.52596e-12 2.19554e-11 -9.88638e-12 2.3284e-11 6.95931e-07 8.61902e-07 
38.8889 7.01826e-12 7.349e-12 1.70959e-11 -1.77347e-11 2.61068e-11 6.95931e-07 8.61902e-07 
39.3605 2.77134e-12 2.92337e-12 6.79163e-12 -7.02879e-12 1.0365e-11 4.37316e-07 5.39125e-07 
40.3643 3.77696e-13 3.91215e-13 9.19181e-13 -9.49232e-13 1.40047e-12 1.61444e-07 1.98275e-07 
41.6667 2.87962e-14 3.04935e-14 6.93792e-14 -7.31753e-14 1.07243e-13 4.45778e-08 5.37458e-08 
42.969 2.02463e-15 1.92003e-15 4.93553e-15 -4.86877e-15 7.31018e-15 1.18202e-08 1.44744e-08 
43.9728 2.9715e-16 4.1218e-16 6.80901e-16 -8.64223e-16 1.20062e-15 4.52834e-09 5.16716e-09 
44.4445 9.62508e-17 1.6013e-17 3.15072e-16 -9.69467e-17 3.14707e-16 2.57723e-09 3.10831e-09 
44.4445 1.00883e-16 1.03787e-16 2.42059e-16 -2.59246e-16 3.74423e-16 2.57723e-09 3.10831e-09 
44.9161 3.90684e-17 4.05896e-17 9.45088e-17 -1.00891e-16 1.46011e-16 1.60382e-09 1.92804e-09 
45.9199 5.11893e-18 5.2294e-18 1.23119e-17 -1.31083e-17 1.89816e-17 5.80541e-10 6.97376e-10 
47.2222 3.73732e-19 3.92912e-19 8.91845e-19 -9.70863e-19 1.39584e-18 1.56864e-10 1.85227e-10 
48.5246 2.49964e-20 2.31577e-20 6.05685e-20 -6.09561e-20 9.01909e-20 4.05679e-11 4.90103e-11 
49.5284 3.63537e-21 5.21834e-21 8.22757e-21 -1.1035e-20 1.49506e-20 1.5471e-11 1.72803e-11 
50 1.14746e-21 9.04062e-23 3.76026e-21 -8.16015e-22 3.67415e-21 8.69185e-12 1.03218e-11 
50 1.20138e-21 1.2374e-21 2.88314e-21 -3.16725e-21 4.49878e-21 8.69185e-12 1.03218e-11 
50.1498 8.85107e-22 9.10755e-22 2.12335e-21 -2.33231e-21 3.31303e-21 7.46054e-12 8.85444e-12 
50.503 4.30416e-22 4.42289e-22 1.03172e-21 -1.13341e-21 1.60997e-21 5.20255e-12 6.16669e-12 
51.0607 1.37718e-22 1.41267e-22 3.29669e-22 -3.62329e-22 5.14616e-22 2.94284e-12 3.4813e-12 
51.8264 2.87379e-23 2.94014e-23 6.87034e-23 -7.55093e-23 1.07255e-22 1.34431e-12 1.58638e-12 
52.8053 3.86217e-24 3.94192e-24 9.2218e-24 -1.01358e-23 1.43981e-23 4.9282e-13 5.80199e-13 
54.0041 3.29503e-25 3.35592e-25 7.85629e-25 -8.63821e-25 1.22701e-24 1.43947e-13 1.69036e-13 
55.4314 1.74128e-26 1.77691e-26 4.15534e-26 -4.56936e-26 6.49154e-26 3.30908e-14 3.87868e-14 
57.0984 5.6704e-28 5.60307e-28 1.34765e-27 -1.46423e-27 2.08857e-27 5.97144e-15 7.01399e-15 
59.0191 9.71286e-30 1.29958e-29 2.59469e-29 -2.91852e-29 4.15637e-29 7.8153e-16 9.50137e-16 
61.2111 1.53197e-31 5.83397e-33 1.15402e-31 -7.76597e-32 2.40215e-31 9.81517e-17 7.13279e-17 
63.697 5.01256e-33 1.91016e-32 1.19617e-31 -2.54187e-32 9.59266e-32 1.77542e-17 8.88729e-17 
66.506 1.55885e-36 8.00091e-35 2.32489e-32 -2.90108e-35 1.29881e-32 3.13093e-19 -4.23048e-17 
69.6766 1.23667e-34 9.79103e-34 1.68691e-32 -9.03918e-34 1.06251e-32 -2.78868e-18 3.60534e-17 
73.2613 1.21364e-34 1.52977e-33 6.7741e-33 -1.1193e-33 5.81683e-33 2.76259e-18 -2.05785e-17 
77.3347 1.34938e-34 1.16394e-33 3.82295e-33 1.02949e-33 3.69314e-33 2.913e-18 1.56798e-17 
82.0091 3.75703e-35 7.7107e-34 1.30707e-33 -4.42138e-34 1.69874e-33 1.53707e-18 -8.77251e-18 
87.4694 7.28484e-36 4.6262e-34 1.00164e-33 -1.50803e-34 1.13466e-33 -6.76834e-19 7.45561e-18 
94.0693 4.25854e-35 1.97385e-34 1.1806e-34 2.38164e-34 3.51691e-34 -1.63645e-18 -1.38352e-18 
102.715 8.03382e-35 9.52797e-35 6.37844e-34 2.27274e-34 5.4685e-34 2.24767e-18 7.17379e-18 
