0 9.59605e-18 7.44897e-19 8.04481e-21 -5.40179e-18 7.92702e-18 -1.02322e-09 1.20091e-09 
0.4716 3.57589e-18 4.80069e-19 4.67257e-18 -2.6472e-18 4.39133e-18 -6.24621e-10 1.33375e-09 
1.47542 5.57126e-18 3.45816e-18 2.87654e-17 -8.86835e-18 2.33357e-17 -7.79652e-10 1.73127e-09 
2.77778 6.5243e-17 6.35655e-17 1.92465e-16 -1.30113e-16 2.35243e-16 -2.66803e-09 3.86241e-09 
4.08014 6.56881e-16 6.4488e-16 1.66635e-15 -1.315e-15 2.23522e-15 -8.46579e-09 1.11993e-08 
5.08396 3.77957e-15 3.73515e-15 9.37281e-15 -7.59135e-15 1.27839e-14 -2.0307e-08 2.64261e-08 
5.55556 8.56342e-15 8.3927e-15 2.10472e-14 -1.71285e-14 2.87767e-14 -3.05667e-08 3.96767e-08 
5.55556 9.06005e-15 5.12424e-15 1.97343e-14 -1.42035e-14 2.5024e-14 -3.05667e-08 3.96767e-08 
6.02716 1.89482e-14 1.98883e-14 4.54564e-14 -4.04668e-14 6.51297e-14 -4.42045e-08 5.8447e-08 
7.03098 1.01937e-13 9.81643e-14 2.58837e-13 -2.08526e-13 3.49634e-13 -1.0253e-07 1.35825e-07 
8.33333 1.01498e-12 1.02993e-12 2.51498e-12 -2.13133e-12 3.51159e-12 -3.23528e-07 4.18968e-07 
9.63569 9.77014e-12 9.7945e-12 2.41704e-11 -2.03919e-11 3.36266e-11 -1.00377e-06 1.30437e-06 
10.6395 5.62724e-11 5.68414e-11 1.39478e-10 -1.17895e-10 1.94344e-10 -2.40896e-06 3.12869e-06 
11.1111 1.27772e-10 1.28301e-10 3.15258e-10 -2.669e-10 4.3942e-10 -3.62995e-06 4.7197e-06 
11.1111 1.34971e-10 8.54462e-11 2.98421e-10 -2.30751e-10 3.91174e-10 -3.62995e-06 4.7197e-06 
11.5827 2.82223e-10 2.98957e-10 6.81192e-10 -6.24135e-10 9.87501e-10 -5.24899e-06 6.97989e-06 
12.5865 1.52712e-09 1.52471e-09 3.91976e-09 -3.27875e-09 5.38697e-09 -1.221e-05 1.63167e-05 
13.8889 1.49401e-08 1.57171e-08 3.76678e-08 -3.29261e-08 5.32446e-08 -3.81906e-05 5.0465e-05 
15.1912 1.39715e-07 1.47139e-07 3.5479e-07 -3.0808e-07 4.98791e-07 -0.000116789 0.000156467 
16.1951 7.74344e-07 8.29995e-07 1.98454e-06 -1.72259e-06 2.78832e-06 -0.000274946 0.000372378 
16.6667 1.71759e-06 1.84316e-06 4.4075e-06 -3.82314e-06 6.18439e-06 -0.000409487 0.00055863 
16.6667 1.81169e-06 1.85663e-06 4.20861e-06 -4.05841e-06 6.21403e-06 -0.000409487 0.00055863 
17.1383 3.58602e-06 3.71409e-06 9.08474e-06 -8.07579e-06 1.27594e-05 -0.000576109 0.000819645 
18.1421 1.85482e-05 2.10349e-05 5.04772e-05 -4.37092e-05 7.02726e-05 -0.00131024 0.00187695 
19.4444 0.000151259 0.000180421 0.00041631 -0.000365557 0.000582857 -0.00374161 0.00557106 
20.7468 0.00110281 0.00142627 0.00321484 -0.00277526 0.00444332 -0.010103 0.016137 
21.7506 0.00444465 0.00637539 0.0139321 -0.0117794 0.0189429 -0.0202823 0.0355892 
22.2222 0.0080085 0.0123778 0.0266605 -0.0220318 0.0357088 -0.0272254 0.050933 
22.2222 0.00843541 0.0237641 0.198524 -0.0810558 0.0961585 -0.0272254 0.050933 
22.458 0.0592986 0.0851376 0.144793 -0.406774 0.196981 -0.0721844 0.0688097 
22.9599 0.178851 0.203426 0.108708 -1.09199 0.422031 -0.125362 0.133484 
23.6111 0.187395 0.199226 0.12838 -1.10617 0.378486 -0.128322 0.234866 
24.2623 0.0744462 0.0775683 0.168463 -0.435044 0.0743079 -0.0808802 0.316064 
24.7642 0.00710922 0.00737828 0.188131 -0.0414628 -0.0969936 -0.0249938 0.347119 
25 0.000144287 0.000142216 0.190041 -0.000820082 -0.114593 0.00356069 0.350043 
25 0.000144287 0.0001477 0.190043 -0.000835744 -0.114586 0.00356069 0.350043 
25.2358 0.0116645 0.0120204 0.186356 -0.0677895 -0.0857923 0.0320151 0.34523 
25.7377 0.0862148 0.0896145 0.163477 -0.503211 0.103427 0.0870386 0.310392 
26.3889 0.19884 0.211133 0.121326 -1.17301 0.407593 0.132182 0.22542 
27.0401 0.180486 0.205383 0.101464 -1.10223 0.427676 0.125934 0.122325 
27.542 0.0554832 0.0807796 0.137545 -0.383268 0.187771 0.0698236 0.0580948 
27.7778 0.00624517 0.0201217 0.191408 -0.0641764 0.0888066 0.0234257 0.0410012 
27.7778 0.00656936 0.00972338 0.0207049 -0.018711 0.0290991 0.0234257 0.0410012 
28.2494 0.00345356 0.0048161 0.0103856 -0.00954789 0.0147573 0.016985 0.0282012 
29.2532 0.000784377 0.00100122 0.00222216 -0.00207469 0.00319404 0.00809458 0.0124052 
30.5556 9.89964e-05 0.000117976 0.000265234 -0.000253007 0.000386934 0.00287569 0.00412518 
31.8579 1.1347e-05 1.29942e-05 2.94185e-05 -2.84276e-05 4.33859e-05 0.000973581 0.0013229 
32.8617 1.97386e-06 2.29461e-06 5.032e-06 -4.9824e-06 7.55773e-06 0.00040606 0.000533927 
33.3333 7.90417e-07 9.92708e-07 2.52921e-06 -2.07379e-06 3.44543e-06 0.000256957 0.000343033 
33.3333 8.30401e-07 9.23965e-07 2.12406e-06 -2.10686e-06 3.16105e-06 0.000256957 0.000343033 
33.8049 3.63786e-07 4.03636e-07 9.28461e-07 -9.21685e-07 1.38357e-06 0.000170074 0.000224847 
34.8088 6.14388e-08 6.66047e-08 1.54845e-07 -1.53864e-07 2.30939e-07 6.98936e-05 9.1e-05 
36.1111 6.00923e-09 6.50095e-09 1.49047e-08 -1.50336e-08 2.2464e-08 2.18587e-05 2.7825e-05 
37.4135 5.57925e-10 5.71799e-10 1.37346e-09 -1.35855e-09 2.04447e-09 6.66045e-06 8.38779e-06 
38.4173 9.08617e-11 1.1073e-10 2.20186e-10 -2.41261e-10 3.52131e-10 2.68786e-06 3.25375e-06 
38.8889 3.38477e-11 2.3752e-11 1.03953e-10 -6.81991e-11 1.2524e-10 1.64051e-06 2.05097e-06 
38.8889 3.55173e-11 3.73512e-11 8.70345e-11 -8.99427e-11 1.32197e-10 1.64051e-06 2.05097e-06 
39.3605 1.49162e-11 1.57583e-11 3.66899e-11 -3.78597e-11 5.57163e-11 1.06314e-06 1.32327e-06 
40.3643 2.32458e-12 2.4184e-12 5.67852e-12 -5.85505e-12 8.61766e-12 4.19694e-07 5.19667e-07 
41.6667 2.09101e-13 2.20268e-13 5.06387e-13 -5.29966e-13 7.76429e-13 1.25875e-07 1.53523e-07 
42.969 1.7886e-14 1.7614e-14 4.32573e-14 -4.38308e-14 6.49489e-14 3.68143e-08 4.4975e-08 
43.9728 2.82979e-15 3.53984e-15 6.72216e-15 -7.8156e-15 1.11033e-14 1.46433e-08 1.71087e-08 
44.4445 1.02126e-15 5.16375e-16 3.08821e-15 -1.79326e-15 3.55772e-15 8.79686e-09 1.06799e-08 
44.4445 1.07041e-15 1.10347e-15 2.57902e-15 -2.75351e-15 3.97096e-15 8.79686e-09 1.06799e-08 
44.9161 4.4058e-16 4.57406e-16 1.06776e-15 -1.13735e-15 1.64274e-15 5.64372e-09 6.83199e-09 
45.9199 6.59399e-17 6.75437e-17 1.58943e-16 -1.69082e-16 2.44264e-16 2.18337e-09 2.63781e-09 
47.2222 5.66839e-18 5.9141e-18 1.35798e-17 -1.46691e-17 2.1089e-17 6.40152e-10 7.63399e-10 
48.5246 4.62213e-19 4.46425e-19 1.10887e-18 -1.15087e-18 1.67811e-18 1.82799e-10 2.1962e-10 
49.5284 7.18349e-20 9.16316e-20 1.68821e-19 -2.05552e-19 2.85245e-19 7.20644e-11 8.24866e-11 
50 2.54318e-20 1.01911e-20 7.63178e-20 -4.07877e-20 8.59684e-20 4.28787e-11 5.116e-11 
50 2.66269e-20 2.73848e-20 6.39805e-20 -7.0146e-20 9.94608e-20 4.28787e-11 5.116e-11 
50.1563 1.97518e-20 2.03021e-20 4.74433e-20 -5.2019e-20 7.37574e-20 3.69305e-11 4.40394e-11 
50.5248 9.76162e-21 1.00219e-20 2.34294e-20 -2.56935e-20 3.64297e-20 2.59623e-11 3.0922e-11 
51.1068 3.20412e-21 3.28362e-21 7.68136e-21 -8.42595e-21 1.19462e-20 1.48743e-11 1.76836e-11 
51.9059 6.92683e-22 7.08275e-22 1.65823e-21 -1.81952e-21 2.57961e-21 6.9159e-12 8.20319e-12 
52.9273 9.74495e-23 9.93888e-23 2.32969e-22 -2.55651e-22 3.62467e-22 2.59401e-12 3.06925e-12 
54.1782 8.79179e-24 8.94619e-24 2.09795e-23 -2.30381e-23 3.26577e-23 7.79148e-13 9.19548e-13 
55.6676 4.98796e-25 5.06603e-25 1.18786e-24 -1.30582e-24 1.85059e-24 1.85585e-13 2.18226e-13 
57.4071 1.73361e-26 1.74986e-26 4.12572e-26 -4.52444e-26 6.41795e-26 3.45985e-14 4.06326e-14 
59.4113 3.57544e-28 3.65847e-28 8.58804e-28 -9.39513e-28 1.33474e-27 4.96874e-15 5.83506e-15 
61.6986 4.40455e-30 4.31314e-30 1.04113e-29 -1.13223e-29 1.60364e-29 5.51483e-16 6.82918e-16 
64.2926 6.80232e-32 5.40605e-32 2.50502e-32 -1.57528e-31 1.52139e-31 6.85347e-17 -5.99395e-18 
67.2238 1.74837e-33 9.44376e-33 1.74885e-32 -1.05555e-32 2.10683e-32 -1.09875e-17 4.95864e-17 
70.5323 5.62781e-34 1.51667e-32 6.54127e-33 7.58932e-33 2.09282e-32 -6.23378e-18 -3.45906e-17 
74.2729 1.28632e-33 1.00417e-32 1.06345e-35 -9.33612e-33 1.30138e-32 -9.42444e-18 6.03755e-18 
78.5235 1.75656e-34 4.85091e-33 2.80857e-34 -2.3979e-33 5.88485e-33 3.48268e-18 -9.78649e-18 
83.4011 3.35251e-34 2.37815e-33 7.12598e-35 -2.31949e-33 3.17319e-33 -4.81135e-18 2.17962e-19 
89.0989 3.72031e-34 1.32019e-33 6.93228e-34 -1.82052e-33 2.22697e-33 5.0684e-18 -1.09253e-17 
95.9858 2.10273e-34 9.27199e-34 8.69473e-35 -1.14701e-33 1.33835e-33 -3.81043e-18 4.02412e-18 
105.007 4.00125e-36 4.68052e-34 2.23293e-34 -1.12417e-34 6.5263e-34 5.25629e-19 -5.68676e-18 
