0 2.10626e-16 1.9288e-17 7.8617e-20 -1.28778e-16 1.73267e-16 5.02393e-09 -5.94004e-09 
0.4716 7.94478e-17 8.86442e-18 9.1074e-17 -5.36179e-17 8.52605e-17 3.08552e-09 -6.54777e-09 
1.47542 9.65399e-17 5.42919e-17 5.35385e-16 -1.46273e-16 4.0568e-16 3.40127e-09 -8.13458e-09 
2.77778 9.30104e-16 8.89342e-16 2.94905e-15 -1.83757e-15 3.41109e-15 1.05573e-08 -1.61484e-08 
4.08014 8.11501e-15 7.95362e-15 2.10962e-14 -1.62319e-14 2.76719e-14 3.1184e-08 -4.2228e-08 
5.08396 4.12535e-14 4.06814e-14 1.03526e-13 -8.27698e-14 1.39116e-13 7.03101e-08 -9.305e-08 
5.55556 8.81102e-14 8.63183e-14 2.18951e-13 -1.76201e-13 2.95307e-13 1.02754e-07 -1.35438e-07 
5.55556 9.32201e-14 6.56756e-14 1.9963e-13 -1.63107e-13 2.67486e-13 1.02754e-07 -1.35438e-07 
6.02716 1.81598e-13 1.81542e-13 4.41945e-13 -3.78495e-13 6.13044e-13 1.43417e-07 -1.93514e-07 
7.03098 8.70936e-13 8.49451e-13 2.2255e-12 -1.79299e-12 2.98741e-12 3.14079e-07 -4.21584e-07 
8.33333 7.25971e-12 7.34151e-12 1.81693e-11 -1.52184e-11 2.50229e-11 9.06787e-07 -1.19415e-06 
9.63569 5.92753e-11 5.95377e-11 1.47829e-10 -1.23837e-10 2.03489e-10 2.59109e-06 -3.4155e-06 
10.6395 2.99611e-10 3.02696e-10 7.48252e-10 -6.27768e-10 1.03119e-09 5.82539e-06 -7.6791e-06 
11.1111 6.40221e-10 6.44199e-10 1.59395e-09 -1.33872e-09 2.19702e-09 8.51551e-06 -1.12363e-05 
11.1111 6.76292e-10 5.14524e-10 1.46513e-09 -1.2675e-09 2.02221e-09 8.51551e-06 -1.12363e-05 
11.5827 1.31825e-09 1.3412e-09 3.226e-09 -2.85709e-09 4.54446e-09 1.18889e-05 -1.61222e-05 
12.5865 6.33113e-09 6.40653e-09 1.63654e-08 -1.36845e-08 2.23529e-08 2.60546e-05 -3.53353e-05 
13.8889 5.18145e-08 5.45205e-08 1.32151e-07 -1.14205e-07 1.8434e-07 7.45365e-05 -0.000100323 
15.1912 4.09908e-07 4.3418e-07 1.05174e-06 -9.06476e-07 1.4629e-06 0.000209646 -0.000285716 
16.1951 1.98995e-06 2.14359e-06 5.15481e-06 -4.43782e-06 7.16066e-06 0.000461917 -0.000637223 
16.6667 4.14953e-06 4.48505e-06 1.07807e-05 -9.26961e-06 1.49517e-05 0.000667026 -0.000927177 
16.6667 4.37686e-06 4.5023e-06 1.00267e-05 -9.82315e-06 1.48279e-05 0.000667026 -0.000927177 
17.1383 8.16848e-06 8.48807e-06 2.09988e-05 -1.84258e-05 2.90726e-05 0.000911239 -0.00132094 
18.1421 3.67876e-05 4.21026e-05 0.000101503 -8.70878e-05 0.000139593 0.0019338 -0.00283686 
19.4444 0.000252115 0.000304531 0.00070726 -0.000613151 0.000976116 0.00506246 -0.00772946 
20.7468 0.00154194 0.00203324 0.00459561 -0.00391814 0.00625944 0.0125198 -0.020597 
21.7506 0.00540735 0.00796596 0.0174554 -0.0145232 0.0233227 0.0234452 -0.0426307 
22.2222 0.00910755 0.0145511 0.0313782 -0.0254742 0.041247 0.0304272 -0.0592443 
22.2222 0.00959305 0.0276305 0.233774 -0.0932058 0.112045 0.0304272 -0.0592443 
22.458 0.0637279 0.0937457 0.171182 -0.442497 0.218021 0.078424 -0.0778641 
22.9599 0.192055 0.221395 0.121325 -1.1805 0.45615 0.136144 -0.144351 
23.6111 0.203207 0.217926 0.127311 -1.20474 0.409459 0.140041 -0.248584 
24.2623 0.080956 0.0849437 0.155441 -0.474745 0.0778507 0.0883912 -0.332232 
24.7642 0.0075679 0.00791607 0.169771 -0.0443111 -0.109389 0.0270254 -0.364155 
25 0.000198561 0.000196457 0.17103 -0.00113071 -0.128096 -0.00437756 -0.367072 
25 0.000198561 0.00020211 0.171032 -0.00114686 -0.128089 -0.00437756 -0.367072 
25.2358 0.0131749 0.0136447 0.168071 -0.0767584 -0.0956137 -0.0356581 -0.361974 
25.7377 0.0954337 0.0997992 0.150607 -0.558708 0.113645 -0.0959699 -0.325683 
26.3889 0.217346 0.232659 0.120178 -1.28738 0.445392 -0.14483 -0.237669 
27.0401 0.194495 0.224194 0.113408 -1.19546 0.464099 -0.137006 -0.131408 
27.542 0.0596666 0.0889909 0.162683 -0.417166 0.20822 -0.075884 -0.0653201 
27.7778 0.00715114 0.023482 0.225056 -0.0741867 0.103751 -0.0262707 -0.04751 
27.7778 0.00752236 0.0114367 0.0243371 -0.0217147 0.033736 -0.0262707 -0.04751 
28.2494 0.00421881 0.00601416 0.0129785 -0.0117926 0.0182022 -0.0196739 -0.0336519 
29.2532 0.00109795 0.00142575 0.00316438 -0.00292913 0.00449954 -0.0100366 -0.0157713 
30.5556 0.000164932 0.000198799 0.00044789 -0.000423922 0.000646894 -0.00388998 -0.00569699 
31.8579 2.2499e-05 2.61143e-05 5.87297e-05 -5.67474e-05 8.61919e-05 -0.00143673 -0.0019859 
32.8617 4.44716e-06 5.19205e-06 1.15897e-05 -1.12496e-05 1.71265e-05 -0.000638758 -0.000854407 
33.3333 1.9009e-06 2.46275e-06 5.96732e-06 -5.06543e-06 8.25541e-06 -0.000417614 -0.000567013 
33.3333 1.99706e-06 2.24306e-06 5.16368e-06 -5.09074e-06 7.62237e-06 -0.000417614 -0.000567013 
33.8049 9.31079e-07 1.04015e-06 2.39738e-06 -2.36704e-06 3.54473e-06 -0.000285149 -0.000383242 
34.8088 1.79784e-07 1.96416e-07 4.56748e-07 -4.5199e-07 6.76577e-07 -0.000125301 -0.000165553 
36.1111 2.08219e-08 2.25575e-08 5.20294e-08 -5.21278e-08 7.77507e-08 -4.26421e-05 -5.51028e-05 
37.4135 2.3192e-09 2.42815e-09 5.71196e-09 -5.70784e-09 8.52418e-09 -1.42314e-05 -1.80633e-05 
38.4173 4.20579e-10 4.90872e-10 1.04262e-09 -1.09288e-09 1.61296e-09 -6.06042e-06 -7.47208e-06 
38.8889 1.69742e-10 1.56483e-10 5.05422e-10 -3.92006e-10 6.57654e-10 -3.85011e-06 -4.87159e-06 
38.8889 1.78115e-10 1.88285e-10 4.39575e-10 -4.52221e-10 6.63337e-10 -3.85011e-06 -4.87159e-06 
39.3605 7.95555e-11 8.4279e-11 1.9669e-10 -2.02203e-10 2.96853e-10 -2.57311e-06 -3.2414e-06 
40.3643 1.41629e-11 1.48055e-11 3.47733e-11 -3.57587e-11 5.24897e-11 -1.08568e-06 -1.35879e-06 
41.6667 1.5054e-12 1.58217e-12 3.66454e-12 -3.81107e-12 5.57506e-12 -3.53957e-07 -4.37092e-07 
42.969 1.54917e-13 1.5643e-13 3.73862e-13 -3.84418e-13 5.64554e-13 -1.13546e-07 -1.39227e-07 
43.9728 2.7057e-14 3.17785e-14 6.57714e-14 -7.24103e-14 1.04332e-13 -4.7453e-08 -5.64739e-08 
44.4445 1.06469e-14 8.26956e-15 3.10127e-14 -2.31711e-14 3.94819e-14 -2.97671e-08 -3.64832e-08 
44.4445 1.11594e-14 1.15422e-14 2.70323e-14 -2.87537e-14 4.1388e-14 -2.97671e-08 -3.64832e-08 
44.9161 4.88324e-15 5.07425e-15 1.18744e-14 -1.26116e-14 1.81729e-14 -1.96911e-08 -2.40677e-08 
45.9199 8.34452e-16 8.57656e-16 2.01863e-15 -2.14332e-15 3.08828e-15 -8.13986e-09 -9.91829e-09 
47.2222 8.46583e-17 8.79546e-17 2.03622e-16 -2.18622e-16 3.13911e-16 -2.59269e-09 -3.12558e-09 
48.5246 8.31819e-18 8.25769e-18 1.98826e-17 -2.09978e-17 3.03206e-17 -8.127e-10 -9.77543e-10 
49.5284 1.41969e-18 1.68056e-18 3.41534e-18 -3.9134e-18 5.51745e-18 -3.35748e-10 -3.9145e-10 
50 5.50152e-19 3.82072e-19 1.58308e-18 -1.16157e-18 1.99461e-18 -2.09005e-10 -2.51346e-10 
50 5.76003e-19 5.92808e-19 1.38788e-18 -1.51795e-18 2.14759e-18 -2.09005e-10 -2.51346e-10 
50.1631 4.30805e-19 4.43132e-19 1.03767e-18 -1.135e-18 1.60578e-18 -1.80753e-10 -2.17247e-10 
50.5476 2.17069e-19 2.22998e-19 5.22429e-19 -5.71528e-19 8.08572e-19 -1.28305e-10 -1.54013e-10 
51.1549 7.34586e-20 7.53236e-20 1.76581e-19 -1.9323e-19 2.73362e-19 -7.46391e-11 -8.94242e-11 
51.9887 1.65593e-20 1.69398e-20 3.97454e-20 -4.35075e-20 6.15472e-20 -3.54378e-11 -4.23567e-11 
53.0546 2.45809e-21 2.508e-21 5.88996e-21 -6.44987e-21 9.12379e-21 -1.36535e-11 -1.62755e-11 
54.3599 2.36724e-22 2.40853e-22 5.66186e-22 -6.20277e-22 8.77369e-22 -4.23707e-12 -5.03629e-12 
55.9141 1.45177e-23 1.47255e-23 3.46637e-23 -3.79816e-23 5.3726e-23 -1.04929e-12 -1.24376e-12 
57.7293 5.53505e-25 5.61243e-25 1.32e-24 -1.44785e-24 2.0475e-24 -2.04883e-13 -2.42221e-13 
59.8206 1.27791e-26 1.28263e-26 3.02907e-26 -3.32575e-26 4.7012e-26 -3.11312e-14 -3.66305e-14 
62.2074 1.7183e-28 1.77291e-28 4.10844e-28 -4.53399e-28 6.40251e-28 -3.60989e-15 -4.23765e-15 
64.9142 1.09708e-30 9.72366e-31 2.55308e-30 -2.68301e-30 3.8651e-30 -2.88446e-16 -3.27464e-16 
67.9728 7.17114e-33 1.38232e-32 6.71543e-32 -2.58635e-32 6.13803e-32 -2.33206e-17 -7.38911e-17 
71.4252 1.29279e-35 4.43317e-35 4.45732e-33 -6.21885e-35 2.4949e-33 -9.90169e-19 2.03677e-17 
75.3285 1.10046e-34 7.61361e-35 4.07932e-33 2.37777e-34 2.49588e-33 -2.88889e-18 -1.81821e-17 
79.7639 4.00526e-34 1.18559e-34 1.06681e-33 5.6607e-34 1.18552e-33 5.51138e-18 8.31216e-18 
84.8536 4.21611e-34 6.52612e-35 5.07277e-34 4.30896e-34 8.13038e-34 -5.65459e-18 -6.11496e-18 
90.7992 8.07245e-34 5.20167e-36 8.34824e-37 1.6833e-34 8.62086e-34 7.82434e-18 -7.0915e-19 
97.9856 1.32562e-34 2.28715e-36 3.66667e-34 4.52319e-35 3.12116e-34 -3.1707e-18 -7.53908e-18 
107.399 1.83121e-36 5.91935e-36 3.96707e-38 -8.55252e-36 8.82598e-36 -3.72661e-19 1.56943e-19 
