0 4.69895e-15 4.69662e-16 8.04005e-19 -3.00149e-15 3.80078e-15 -2.48792e-08 2.96863e-08 
0.4716 1.80612e-15 1.74062e-16 1.78999e-15 -1.13284e-15 1.67118e-15 -1.54244e-08 3.24907e-08 
1.47542 1.69066e-15 8.23164e-16 1.0106e-14 -2.3835e-15 7.0437e-15 -1.49233e-08 3.87878e-08 
2.77778 1.32017e-14 1.23047e-14 4.60912e-14 -2.5751e-14 4.9619e-14 -4.17014e-08 6.856e-08 
4.08014 1.00166e-13 9.78358e-14 2.70332e-13 -2.00011e-13 3.43221e-13 -1.14867e-07 1.60784e-07 
5.08396 4.51265e-13 4.4389e-13 1.15361e-12 -9.04268e-13 1.51825e-12 -2.4381e-07 3.30041e-07 
5.55556 9.09137e-13 8.89764e-13 2.2949e-12 -1.81717e-12 3.0386e-12 -3.4606e-07 4.65444e-07 
5.55556 9.61862e-13 7.55751e-13 2.06358e-12 -1.77731e-12 2.81943e-12 -3.4606e-07 4.65444e-07 
6.02716 1.75819e-12 1.70483e-12 4.33428e-12 -3.60903e-12 5.85263e-12 -4.67873e-07 6.45291e-07 
7.03098 7.45232e-12 7.31794e-12 1.92542e-11 -1.53942e-11 2.5519e-11 -9.63253e-07 1.31733e-06 
8.33333 5.22191e-11 5.26857e-11 1.32325e-10 -1.0934e-10 1.7927e-10 -2.54982e-06 3.42544e-06 
9.63569 3.61322e-10 3.63512e-10 9.10717e-10 -7.5548e-10 1.23633e-09 -6.7072e-06 9.0011e-06 
10.6395 1.60355e-09 1.62069e-09 4.04483e-09 -3.36054e-09 5.49684e-09 -1.41298e-05 1.89684e-05 
11.1111 3.22463e-09 3.25086e-09 8.11781e-09 -6.74925e-09 1.10324e-08 -2.00371e-05 2.69228e-05 
11.1111 3.40631e-09 2.83901e-09 7.3497e-09 -6.68196e-09 1.03465e-08 -2.00371e-05 2.69228e-05 
11.5827 6.22834e-09 6.18925e-09 1.54083e-08 -1.33408e-08 2.12172e-08 -2.70943e-05 3.75059e-05 
12.5865 2.63428e-08 2.68792e-08 6.88551e-08 -5.71764e-08 9.29371e-08 -5.57215e-05 7.7071e-05 
13.8889 1.81038e-07 1.90787e-07 4.68192e-07 -3.99335e-07 6.42874e-07 -0.000146075 0.000200894 
15.1912 1.21076e-06 1.29006e-06 3.14748e-06 -2.68542e-06 4.31758e-06 -0.000377765 0.000525666 
16.1951 5.15127e-06 5.58099e-06 1.35251e-05 -1.1521e-05 1.85191e-05 -0.0007792 0.00109883 
16.6667 1.0098e-05 1.09988e-05 2.66295e-05 -2.26448e-05 3.63946e-05 -0.00109096 0.0015509 
16.6667 1.06512e-05 1.0913e-05 2.4382e-05 -2.38574e-05 3.56807e-05 -0.00109096 0.0015509 
17.1383 1.87477e-05 1.96166e-05 4.88984e-05 -4.24363e-05 6.66923e-05 -0.00144739 0.00214614 
18.1421 7.34252e-05 8.48185e-05 0.000206304 -0.00017463 0.000279077 -0.0028644 0.00432277 
19.4444 0.000422505 0.000518274 0.00121361 -0.00103549 0.0016451 -0.0068711 0.0108156 
20.7468 0.0021615 0.00291799 0.00662784 -0.0055574 0.00885617 -0.0155413 0.0265121 
21.7506 0.00656664 0.0100068 0.0220219 -0.0179379 0.0287605 -0.0270883 0.0514905 
22.2222 0.0102998 0.0171691 0.0371247 -0.0294266 0.0475989 -0.0339254 0.0694751 
22.2222 0.0108489 0.0321619 0.276735 -0.106938 0.13083 -0.0339254 0.0694751 
22.458 0.0682176 0.103208 0.20348 -0.480368 0.241362 -0.0850709 0.0888263 
22.9599 0.205137 0.240212 0.136506 -1.27084 0.490789 -0.147521 0.156937 
23.6111 0.218864 0.23715 0.126218 -1.30428 0.439368 -0.152377 0.263601 
24.2623 0.0872811 0.0923589 0.141245 -0.514008 0.0795186 -0.0962261 0.349293 
24.7642 0.00792681 0.00837328 0.149914 -0.0466409 -0.123627 -0.0289989 0.381882 
25 0.00027975 0.000277269 0.150508 -0.00159443 -0.14315 0.00544776 0.384743 
25 0.00027975 0.000283247 0.15051 -0.00161153 -0.143143 0.00544776 0.384743 
25.2358 0.0148893 0.015506 0.148325 -0.0869876 -0.106544 0.0397438 0.379342 
25.7377 0.105265 0.110859 0.136651 -0.61844 0.123929 0.105676 0.341665 
26.3889 0.23657 0.255622 0.119067 -1.40783 0.484306 0.158421 0.250866 
27.0401 0.208824 0.244296 0.12782 -1.29306 0.502207 0.148841 0.141759 
27.542 0.0640202 0.0981251 0.193382 -0.453753 0.231255 0.0824122 0.073961 
27.7778 0.00816736 0.0274711 0.265875 -0.085753 0.121572 0.0294357 0.0554344 
27.7778 0.00859133 0.0135042 0.0287407 -0.0252168 0.0391319 0.0294357 0.0554344 
28.2494 0.00515179 0.00754766 0.0163117 -0.0145986 0.0224971 0.0227941 0.0404347 
29.2532 0.00154027 0.00204126 0.00453546 -0.0041512 0.00636015 0.0124636 0.020186 
30.5556 0.000275901 0.000337277 0.000761356 -0.000714161 0.0010865 0.00527497 0.00791738 
31.8579 4.4745e-05 5.2638e-05 0.000118026 -0.000113618 0.000171784 0.0021243 0.00299774 
32.8617 1.00638e-05 1.18809e-05 2.67813e-05 -2.55994e-05 3.90096e-05 0.00100745 0.00137506 
33.3333 4.58633e-06 6.01469e-06 1.43307e-05 -1.2296e-05 1.98345e-05 0.000680105 0.000942132 
33.3333 4.81833e-06 5.46816e-06 1.26169e-05 -1.23462e-05 1.84378e-05 0.000680105 0.000942132 
33.8049 2.3905e-06 2.69216e-06 6.22237e-06 -6.10182e-06 9.11118e-06 0.000479041 0.000656475 
34.8088 5.27296e-07 5.80847e-07 1.3527e-06 -1.33114e-06 1.98625e-06 0.000224986 0.000302545 
36.1111 7.23507e-08 7.86549e-08 1.82288e-07 -1.81447e-07 2.69867e-07 8.33392e-05 0.000109524 
37.4135 9.61103e-09 1.02217e-08 2.37684e-08 -2.38403e-08 3.53845e-08 3.03748e-05 3.90177e-05 
38.4173 1.95934e-09 2.23909e-09 4.94507e-09 -5.03797e-09 7.47636e-09 1.37146e-05 1.7214e-05 
38.8889 8.49464e-10 8.95283e-10 2.5013e-09 -2.09757e-09 3.38399e-09 9.03026e-06 1.1595e-05 
38.8889 8.91366e-10 9.47689e-10 2.21816e-09 -2.26963e-09 3.32061e-09 9.03026e-06 1.1595e-05 
39.3605 4.23379e-10 4.50171e-10 1.05368e-09 -1.07807e-09 1.57809e-09 6.22353e-06 7.95455e-06 
40.3643 8.60204e-11 9.03762e-11 2.12552e-10 -2.17732e-10 3.18608e-10 2.80526e-06 3.55812e-06 
41.6667 1.08129e-11 1.13635e-11 2.64694e-11 -2.7373e-11 3.99403e-11 9.94591e-07 1.24528e-06 
42.969 1.32906e-12 1.3654e-12 3.21273e-12 -3.32656e-12 4.8521e-12 3.48694e-07 4.31084e-07 
43.9728 2.59636e-13 2.94433e-13 6.41775e-13 -6.82762e-13 9.91266e-13 1.54118e-07 1.86496e-07 
44.4445 1.10118e-13 1.04772e-13 3.16092e-13 -2.65243e-13 4.25495e-13 1.00369e-07 1.24507e-07 
44.4445 1.15418e-13 1.19846e-13 2.81388e-13 -2.97974e-13 4.27853e-13 1.00369e-07 1.24507e-07 
44.9161 5.36937e-14 5.58986e-14 1.3118e-13 -1.38801e-13 1.99445e-13 6.84584e-08 8.46895e-08 
45.9199 1.04674e-14 1.0798e-14 2.54434e-14 -2.69353e-14 3.8694e-14 3.02263e-08 3.7241e-08 
47.2222 1.25478e-15 1.30129e-15 3.03096e-15 -3.23743e-15 4.63779e-15 1.04652e-08 1.27699e-08 
48.5246 1.47402e-16 1.49059e-16 3.5244e-16 -3.75545e-16 5.38393e-16 3.58688e-09 4.34042e-09 
49.5284 2.80547e-17 3.17982e-17 6.85911e-17 -7.56719e-17 1.07652e-16 1.56483e-09 1.85373e-09 
50 1.17419e-17 1.04884e-17 3.32176e-17 -2.81161e-17 4.47072e-17 1.01236e-09 1.23027e-09 
50 1.22937e-17 1.26745e-17 2.97443e-17 -3.24261e-17 4.57563e-17 1.01236e-09 1.23027e-09 
50.1702 9.28229e-18 9.564e-18 2.24494e-17 -2.44757e-17 3.45372e-17 8.79673e-10 1.06836e-09 
50.5715 4.78271e-18 4.92105e-18 1.15567e-17 -1.26024e-17 1.77825e-17 6.31438e-10 7.65807e-10 
51.2051 1.67648e-18 1.72146e-18 4.04558e-18 -4.41302e-18 6.22671e-18 3.73846e-10 4.52464e-10 
52.0752 3.96559e-19 4.06166e-19 9.55373e-19 -1.04254e-18 1.47094e-18 1.81822e-10 2.19492e-10 
53.1875 6.25911e-20 6.39244e-20 1.50512e-19 -1.64315e-19 2.31823e-19 7.22354e-11 8.6948e-11 
54.5495 6.49662e-21 6.61516e-21 1.55918e-20 -1.70295e-20 2.40246e-20 2.32722e-11 2.79266e-11 
56.1713 4.35434e-22 4.42054e-22 1.04298e-21 -1.13969e-21 1.60773e-21 6.02496e-12 7.20788e-12 
58.0654 1.84238e-23 1.86494e-23 4.40503e-23 -4.81515e-23 6.79249e-23 1.23932e-12 1.47831e-12 
60.2477 4.7864e-25 4.8328e-25 1.14311e-24 -1.24937e-24 1.76266e-24 1.99755e-13 2.37803e-13 
62.7383 7.38347e-27 7.46208e-27 1.75445e-26 -1.92818e-26 2.71517e-26 2.48098e-14 2.93693e-14 
65.5628 6.47758e-29 6.18676e-29 1.56971e-28 -1.64447e-28 2.35686e-28 2.32381e-15 2.80355e-15 
68.7544 2.8201e-31 4.27864e-31 8.12799e-31 -9.02347e-31 1.28871e-30 1.5333e-16 2.02613e-16 
72.3569 2.4458e-33 2.93845e-33 4.29589e-32 6.96399e-33 2.70608e-32 1.42792e-17 7.75225e-17 
76.43 5.52676e-34 1.01211e-32 1.23601e-34 6.14379e-33 1.24467e-32 -6.7878e-18 -1.20662e-18 
81.0583 1.07987e-33 3.88106e-33 1.6534e-33 5.31801e-33 6.15793e-33 9.4881e-18 2.16819e-17 
86.3693 3.71582e-34 3.56916e-33 5.0638e-34 2.99157e-33 4.55576e-33 -5.56571e-18 -1.59722e-17 
92.5735 5.10664e-34 2.37205e-33 9.08261e-35 -2.85903e-33 3.26415e-33 -6.52471e-18 8.65162e-18 
100.072 6.44536e-35 1.32046e-33 1.34943e-34 -7.57835e-34 1.64044e-33 2.31802e-18 -6.5307e-18 
109.895 3.03511e-35 6.49131e-34 6.47931e-35 3.64621e-34 8.04185e-34 1.59067e-18 4.56216e-18 
