0 1.08286e-13 1.13475e-14 8.49171e-18 -7.08239e-14 8.50779e-14 1.25363e-07 -1.51285e-07 
0.4716 4.25858e-14 3.63191e-15 3.5963e-14 -2.51272e-14 3.31883e-14 7.86169e-08 -1.64429e-07 
1.47542 3.0433e-14 1.20567e-14 1.96256e-13 -3.87017e-14 1.23233e-13 6.64593e-08 -1.8937e-07 
2.77778 1.87562e-13 1.68271e-13 7.46004e-13 -3.58938e-13 7.30385e-13 1.64989e-07 -2.9857e-07 
4.08014 1.24277e-12 1.20577e-12 3.55472e-12 -2.47326e-12 4.2999e-12 4.24696e-07 -6.23531e-07 
5.08396 4.98263e-12 4.88329e-12 1.31208e-11 -9.96619e-12 1.67518e-11 8.50379e-07 -1.18772e-06 
5.55556 9.47898e-12 9.25673e-12 2.45025e-11 -1.89258e-11 3.16059e-11 1.17291e-06 -1.62121e-06 
5.55556 1.00287e-11 8.31262e-12 2.18859e-11 -1.9033e-11 2.9698e-11 1.17291e-06 -1.62121e-06 
6.02716 1.72718e-11 1.64195e-11 4.3283e-11 -3.51046e-11 5.6833e-11 1.53925e-06 -2.18022e-06 
7.03098 6.44058e-11 6.34095e-11 1.69167e-10 -1.33216e-10 2.19836e-10 2.97238e-06 -4.1674e-06 
8.33333 3.80152e-10 3.82885e-10 9.79095e-10 -7.95297e-10 1.29925e-09 7.22138e-06 -9.94128e-06 
9.63569 2.22705e-09 2.24328e-09 5.6932e-09 -4.65932e-09 7.58837e-09 1.74786e-05 -2.39907e-05 
10.6395 8.67905e-09 8.77525e-09 2.2185e-08 -1.81921e-08 2.96066e-08 3.45046e-05 -4.73748e-05 
11.1111 1.64225e-08 1.65823e-08 4.19281e-08 -3.43999e-08 5.59553e-08 4.74636e-05 -6.52206e-05 
11.1111 1.73477e-08 1.51286e-08 3.76691e-08 -3.48096e-08 5.29639e-08 4.74636e-05 -6.52206e-05 
11.5827 2.98441e-08 2.92545e-08 7.46609e-08 -6.34897e-08 1.00577e-07 6.22541e-05 -8.82391e-05 
12.5865 1.10649e-07 1.13473e-07 2.93678e-07 -2.40767e-07 3.89465e-07 0.00011987 -0.000169997 
13.8889 6.39473e-07 6.75652e-07 1.68306e-06 -1.41238e-06 2.26592e-06 0.000288171 -0.000406757 
15.1912 3.61193e-06 3.87258e-06 9.54968e-06 -8.03615e-06 1.28633e-05 0.000684871 -0.000977762 
16.1951 1.34662e-05 1.46875e-05 3.59777e-05 -3.02187e-05 4.83515e-05 0.0013224 -0.00191549 
16.6667 2.48094e-05 2.72512e-05 6.66583e-05 -5.587e-05 8.93934e-05 0.00179493 -0.00262249 
16.6667 2.61685e-05 2.66842e-05 6.04577e-05 -5.84748e-05 8.67983e-05 0.00179493 -0.00262249 
17.1383 4.3421e-05 4.58389e-05 0.000115169 -9.87232e-05 0.000154238 0.00231211 -0.00352518 
18.1421 0.000147687 0.0001724 0.000424853 -0.000353095 0.00056235 0.00426412 -0.00665922 
19.4444 0.0007116 0.000889626 0.00210685 -0.00176065 0.00279001 0.00935999 -0.0152993 
20.7468 0.00303102 0.00421382 0.00964867 -0.00790832 0.0125665 0.0193175 -0.0344836 
21.7506 0.00792068 0.0126149 0.027954 -0.0221195 0.0354021 0.0312276 -0.0628153 
22.2222 0.0115021 0.0202806 0.0440847 -0.0337972 0.0546217 0.037631 -0.0822639 
22.2222 0.0121152 0.0373354 0.328797 -0.121758 0.152614 0.037631 -0.0822639 
22.458 0.0723601 0.113187 0.24278 -0.518105 0.266287 0.0919665 -0.102299 
22.9599 0.216911 0.258796 0.15463 -1.35641 0.523288 0.159229 -0.171715 
23.6111 0.232975 0.255602 0.12499 -1.39703 0.465004 0.165019 -0.280161 
24.2623 0.0927617 0.0991891 0.125859 -0.549145 0.0778619 0.104127 -0.367276 
24.7642 0.0080889 0.00865452 0.128698 -0.0479001 -0.139796 0.0307486 -0.400224 
25 0.000405628 0.000401848 0.128635 -0.00231135 -0.159569 -0.00688563 -0.402958 
25 0.000405628 0.000408385 0.128637 -0.00233007 -0.159561 -0.00688563 -0.402958 
25.2358 0.0168149 0.0176186 0.127263 -0.0985379 -0.118426 -0.044333 -0.397233 
25.7377 0.115335 0.122467 0.121613 -0.680394 0.133509 -0.116108 -0.358286 
26.3889 0.255482 0.2791 0.117907 -1.52873 0.52201 -0.172806 -0.265115 
27.0401 0.222551 0.264869 0.14506 -1.38996 0.540008 -0.161285 -0.153666 
27.542 0.0682636 0.107967 0.23059 -0.491484 0.256487 -0.0893253 -0.0844068 
27.7778 0.0092573 0.0321196 0.314996 -0.0987183 0.142503 -0.0328944 -0.0651894 
27.7778 0.00973785 0.015969 0.0340368 -0.0291941 0.0452474 -0.0328944 -0.0651894 
28.2494 0.00626452 0.00950073 0.0205893 -0.0180613 0.0277794 -0.0263836 -0.0489716 
29.2532 0.00216079 0.00293543 0.00653912 -0.00589615 0.00900491 -0.0154952 -0.0260428 
30.5556 0.000462915 0.000575809 0.00130301 -0.00120869 0.00183162 -0.00717202 -0.0110888 
31.8579 8.9291e-05 0.000106603 0.000238987 -0.000228409 0.000343694 -0.00314988 -0.00455843 
32.8617 2.28687e-05 2.74172e-05 6.22278e-05 -5.86217e-05 8.92661e-05 -0.00159409 -0.00222964 
33.3333 1.11111e-05 1.46541e-05 3.49e-05 -2.98734e-05 4.7889e-05 -0.00111114 -0.00157682 
33.3333 1.16732e-05 1.34026e-05 3.10364e-05 -3.00853e-05 4.4781e-05 -0.00111114 -0.00157682 
33.8049 6.16363e-06 7.00801e-06 1.6263e-05 -1.58081e-05 2.35209e-05 -0.000807408 -0.00113253 
34.8088 1.55274e-06 1.72596e-06 4.0314e-06 -3.93758e-06 5.85296e-06 -0.000405251 -0.000556666 
36.1111 2.52568e-07 2.76046e-07 6.42592e-07 -6.35103e-07 9.40927e-07 -0.000163442 -0.000219048 
37.4135 3.98763e-08 4.29513e-08 9.93345e-08 -9.95428e-08 1.4691e-07 -6.4943e-05 -8.47652e-05 
38.4173 9.18411e-09 1.04197e-08 2.35696e-08 -2.35294e-08 3.49797e-08 -3.11669e-05 -3.98886e-05 
38.8889 4.25945e-09 4.80778e-09 1.25437e-08 -1.08846e-08 1.72251e-08 -2.12252e-05 -2.77426e-05 
38.8889 4.46956e-09 4.78182e-09 1.12328e-08 -1.14162e-08 1.66482e-08 -2.12252e-05 -2.77426e-05 
39.3605 2.2574e-09 2.41113e-09 5.66561e-09 -5.76114e-09 8.40337e-09 -1.50843e-05 -1.96202e-05 
40.3643 5.23106e-10 5.52508e-10 1.30286e-09 -1.32757e-09 1.93538e-09 -7.2613e-06 -9.36176e-06 
41.6667 7.78035e-11 8.19017e-11 1.9171e-10 -1.97124e-10 2.86589e-10 -2.80039e-06 -3.56247e-06 
42.969 1.13706e-11 1.18297e-11 2.76122e-11 -2.864e-11 4.15266e-11 -1.07056e-06 -1.33971e-06 
43.9728 2.50189e-12 2.78932e-12 6.27424e-12 -6.52345e-12 9.50063e-12 -5.02173e-07 -6.18218e-07 
44.4445 1.13694e-12 1.19836e-12 3.25596e-12 -2.88241e-12 4.49735e-12 -3.38522e-07 -4.26218e-07 
44.4445 1.19166e-12 1.24271e-12 2.92749e-12 -3.08312e-12 4.41319e-12 -3.38522e-07 -4.26218e-07 
44.9161 5.89311e-13 6.15107e-13 1.44869e-12 -1.52538e-12 2.18437e-12 -2.38059e-07 -2.98875e-07 
45.9199 1.3097e-13 1.35623e-13 3.20288e-13 -3.37662e-13 4.83332e-13 -1.12227e-07 -1.40199e-07 
47.2222 1.85616e-14 1.92498e-14 4.506e-14 -4.78907e-14 6.83764e-14 -4.22493e-08 -5.22767e-08 
48.5246 2.59371e-15 2.6571e-15 6.2213e-15 -6.65112e-15 9.47781e-15 -1.57933e-08 -1.93031e-08 
49.5284 5.55062e-16 6.14948e-16 1.37522e-15 -1.4802e-15 2.11433e-15 -7.30605e-09 -8.79363e-09 
50 2.49163e-16 2.52329e-16 7.02176e-16 -6.35267e-16 9.76398e-16 -4.89501e-09 -6.02723e-09 
50 2.60872e-16 2.69586e-16 6.34623e-16 -6.88891e-16 9.69015e-16 -4.89501e-09 -6.02723e-09 
50.1776 1.99107e-16 2.05618e-16 4.8415e-16 -5.25608e-16 7.39327e-16 -4.27645e-09 -5.26197e-09 
50.5963 1.0523e-16 1.08504e-16 2.55618e-16 -2.77576e-16 3.90429e-16 -3.10893e-09 -3.81942e-09 
51.2576 3.8392e-17 3.94969e-17 9.31196e-17 -1.01156e-16 1.42276e-16 -1.87785e-09 -2.3017e-09 
52.1655 9.5923e-18 9.84068e-18 2.32229e-17 -2.52384e-17 3.5496e-17 -9.38646e-10 -1.14723e-09 
53.3261 1.62329e-18 1.66008e-18 3.92178e-18 -4.26432e-18 5.99708e-18 -3.86134e-10 -4.70427e-10 
54.7474 1.83437e-19 1.86977e-19 4.42211e-19 -4.81089e-19 6.76532e-19 -1.29803e-10 -1.57608e-10 
56.4397 1.35985e-20 1.3816e-20 3.27117e-20 -3.56061e-20 5.00683e-20 -3.53416e-11 -4.277e-11 
58.4161 6.47053e-22 6.55378e-22 1.55335e-21 -1.69162e-21 2.37858e-21 -7.70922e-12 -9.30048e-12 
60.6933 1.92367e-23 1.94325e-23 4.60959e-23 -5.02247e-23 7.06157e-23 -1.32925e-12 -1.59898e-12 
63.2922 3.45661e-25 3.47952e-25 8.27077e-25 -9.00892e-25 1.26688e-24 -1.78183e-13 -2.13877e-13 
66.2396 3.59534e-27 3.6424e-27 8.60879e-27 -9.40052e-27 1.32104e-26 -1.81723e-14 -2.17766e-14 
69.57 2.09005e-29 1.91874e-29 4.99291e-29 -5.20205e-29 7.43107e-29 -1.38554e-15 -1.6829e-15 
73.3292 5.66308e-32 1.1489e-31 3.01403e-31 -2.09535e-31 3.70239e-31 -7.21219e-17 -1.43232e-16 
77.5794 1.28635e-34 1.34538e-34 2.36585e-33 3.41736e-34 1.0639e-33 -3.43732e-18 -2.56344e-17 
82.4089 2.43518e-34 1.53221e-33 4.75253e-35 1.58677e-33 1.96745e-33 4.7294e-18 9.13224e-18 
87.951 3.50666e-34 9.29275e-34 1.44268e-34 1.48289e-33 1.38808e-33 -5.67528e-18 -1.12951e-17 
94.4249 2.79131e-35 1.23082e-33 1.65404e-33 -4.81493e-34 2.00443e-33 -1.6012e-18 2.13887e-17 
102.25 1.65154e-36 1.02448e-33 7.37389e-36 1.06853e-34 1.19326e-33 -3.8948e-19 -2.20295e-18 
112.5 2.27862e-36 4.16315e-34 3.80788e-35 -8.00083e-35 4.85753e-34 -4.57485e-19 4.64623e-18 
