0 2.61147e-12 2.80817e-13 9.10887e-17 -1.73021e-12 1.96639e-12 -9.902e-07 1.21179e-06 
0.4716 1.05343e-12 8.06328e-14 7.46559e-13 -5.88846e-13 6.64607e-13 -6.28902e-07 1.30803e-06 
1.47542 5.71093e-13 1.6774e-13 3.96503e-12 -6.25339e-13 2.17164e-12 -4.63056e-07 1.45895e-06 
2.77778 2.66212e-12 2.24565e-12 1.26658e-11 -4.94002e-12 1.09198e-11 -9.99757e-07 2.05903e-06 
4.08014 1.54734e-11 1.48241e-11 4.8535e-11 -3.06e-11 5.455e-11 -2.41031e-06 3.79793e-06 
5.08396 5.55589e-11 5.41188e-11 1.53701e-10 -1.10788e-10 1.87348e-10 -4.56728e-06 6.67446e-06 
5.55556 1.00006e-10 9.72359e-11 2.68635e-10 -1.99237e-10 3.33256e-10 -6.12764e-06 8.80218e-06 
5.55556 1.05806e-10 8.977e-11 2.3919e-10 -2.03159e-10 3.14768e-10 -6.12764e-06 8.80218e-06 
6.02716 1.72162e-10 1.61324e-10 4.42989e-10 -3.47404e-10 5.61214e-10 -7.81641e-06 1.14702e-05 
7.03098 5.63846e-10 5.54786e-10 1.51777e-09 -1.16589e-09 1.91637e-09 -1.41455e-05 2.04984e-05 
8.33333 2.80641e-09 2.82194e-09 7.39115e-09 -5.86633e-09 9.5434e-09 -3.15583e-05 4.4808e-05 
9.63569 1.39088e-08 1.402e-08 3.62516e-08 -2.91095e-08 4.71438e-08 -7.0256e-05 9.92326e-05 
10.6395 4.75932e-08 4.81307e-08 1.23882e-07 -9.977e-08 1.6139e-07 -0.00012996 0.000183544 
11.1111 8.47237e-08 8.56424e-08 2.20353e-07 -1.77567e-07 2.87103e-07 -0.000173397 0.000245053 
11.1111 8.94972e-08 7.97624e-08 1.97193e-07 -1.81544e-07 2.72736e-07 -0.000173397 0.000245053 
11.5827 1.4505e-07 1.41025e-07 3.68053e-07 -3.07316e-07 4.8352e-07 -0.000220747 0.000321996 
12.5865 4.70048e-07 4.83439e-07 1.27339e-06 -1.02428e-06 1.64798e-06 -0.000397381 0.000581542 
13.8889 2.28433e-06 2.42179e-06 6.15193e-06 -5.05389e-06 8.07332e-06 -0.000876024 0.00127691 
15.1912 1.08835e-05 1.17484e-05 2.94288e-05 -2.4297e-05 3.86878e-05 -0.00191215 0.00281873 
16.1951 3.55364e-05 3.90652e-05 9.71606e-05 -8.00589e-05 0.000127389 -0.0034552 0.00517387 
16.6667 6.15015e-05 6.81996e-05 0.000169301 -0.000139159 0.000221432 -0.00454547 0.00687054 
16.6667 6.48707e-05 6.60019e-05 0.000152667 -0.000144795 0.000213295 -0.00454547 0.00687054 
17.1383 0.000101385 0.000108137 0.000274788 -0.0002317 0.000359226 -0.00568253 0.00897105 
18.1421 0.000298913 0.000353376 0.000886869 -0.000719188 0.00114056 -0.00975724 0.0158926 
19.4444 0.00120059 0.00153706 0.0036996 -0.00300604 0.00474851 -0.0195547 0.0335189 
20.7468 0.00422743 0.0061047 0.0141599 -0.0112415 0.017804 -0.0366938 0.0694175 
21.7506 0.00939758 0.0158863 0.0356019 -0.0270379 0.0431919 -0.0547095 0.118517 
22.2222 0.0125175 0.0238499 0.0523407 -0.0382344 0.0617652 -0.0631413 0.150581 
22.2222 0.0131848 0.0428674 0.387303 -0.136104 0.175636 -0.0631413 0.150581 
22.6938 0.152845 0.205521 0.22441 -1.01467 0.430557 -0.214982 0.227266 
23.6976 0.228824 0.253468 0.119665 -1.37874 0.435817 -0.263044 0.477402 
25 0.000607153 0.00060253 0.10632 -0.00346265 -0.176395 0.0135496 0.644133 
26.3024 0.259453 0.285426 0.113182 -1.55792 0.512752 0.280096 0.450996 
27.3062 0.153382 0.205642 0.211774 -1.01675 0.434437 0.21536 0.193282 
27.7778 0.0103177 0.0373206 0.369137 -0.11234 0.16507 0.0558559 0.118174 
27.7778 0.0108533 0.018813 0.0402482 -0.033453 0.0517801 0.0558559 0.118174 
28.2494 0.0075278 0.0119384 0.0259994 -0.0221938 0.0340559 0.0465181 0.0914416 
29.2532 0.00301459 0.00422374 0.00945412 -0.00835389 0.0127082 0.0294376 0.0518057 
30.5556 0.000775697 0.000985822 0.0022394 -0.00204725 0.00308676 0.0149325 0.023944 
31.8579 0.000178217 0.000216466 0.000486551 -0.000459828 0.000688241 0.00715751 0.0106839 
32.8617 5.20084e-05 6.35237e-05 0.000145203 -0.000134564 0.000204524 0.00386656 0.00557316 
33.3333 2.6953e-05 3.57426e-05 8.57771e-05 -7.26645e-05 0.000115943 0.0027835 0.00406777 
33.3333 2.83164e-05 3.29507e-05 7.67313e-05 -7.3471e-05 0.000108905 0.0027835 0.00406777 
33.8049 1.59173e-05 1.83054e-05 4.27304e-05 -4.10571e-05 6.08218e-05 0.00208692 0.00301111 
34.8088 4.58037e-06 5.14355e-06 1.20728e-05 -1.16747e-05 1.72721e-05 0.0011195 0.00157806 
36.1111 8.83784e-07 9.72864e-07 2.27597e-06 -2.2303e-06 3.28764e-06 0.000491751 0.000674638 
37.4135 1.65494e-07 1.80304e-07 4.16663e-07 -4.15488e-07 6.09652e-07 0.000212796 0.000283465 
38.4173 4.31658e-08 4.90368e-08 1.1277e-07 -1.10661e-07 1.64404e-07 0.000108678 0.000142281 
38.8889 2.13742e-08 2.502e-08 6.34022e-08 -5.56228e-08 8.70644e-08 7.64745e-05 0.000102145 
38.8889 2.24285e-08 2.41612e-08 5.70507e-08 -5.74848e-08 8.34855e-08 7.64745e-05 0.000102145 
39.3605 1.20446e-08 1.29347e-08 3.05574e-08 -3.08225e-08 4.47637e-08 5.6042e-05 7.44586e-05 
40.3643 3.18184e-09 3.37981e-09 8.00397e-09 -8.09803e-09 1.17518e-08 2.88042e-05 3.78856e-05 
41.6667 5.60081e-10 5.91438e-10 1.39127e-09 -1.42126e-09 2.05651e-09 1.20849e-05 1.5666e-05 
42.969 9.70301e-11 1.01971e-10 2.3737e-10 -2.45632e-10 3.54085e-10 5.03002e-06 6.39727e-06 
43.9728 2.41295e-11 2.67455e-11 6.14071e-11 -6.27325e-11 9.13747e-11 2.50836e-06 3.14877e-06 
44.4445 1.17139e-11 1.30196e-11 3.37054e-11 -3.04961e-11 4.68895e-11 1.7477e-06 2.24087e-06 
44.4445 1.22777e-11 1.28632e-11 3.04426e-11 -3.18393e-11 4.53964e-11 1.7477e-06 2.24087e-06 
44.9161 6.45349e-12 6.75794e-12 1.59926e-11 -1.67315e-11 2.38601e-11 1.26709e-06 1.61965e-06 
45.9199 1.63398e-12 1.6988e-12 4.02659e-12 -4.22109e-12 6.01582e-12 6.37577e-07 8.10193e-07 
47.2222 2.73818e-13 2.84381e-13 6.68832e-13 -7.06988e-13 1.00493e-12 2.61e-07 3.28303e-07 
48.5246 4.53553e-14 4.69197e-14 1.09413e-13 -1.16875e-13 1.65592e-13 1.06224e-07 1.31639e-07 
49.5284 1.09582e-14 1.20214e-14 2.75063e-14 -2.90789e-14 4.15686e-14 5.22131e-08 6.39636e-08 
50 5.25693e-15 5.67828e-15 1.4865e-14 -1.38422e-14 2.09125e-14 3.61639e-08 4.52561e-08 
50 5.50396e-15 5.70398e-15 1.34848e-14 -1.45551e-14 2.03949e-14 3.61639e-08 4.52561e-08 
50.1853 4.25224e-15 4.40339e-15 1.04126e-14 -1.12406e-14 1.57504e-14 3.17868e-08 3.97475e-08 
50.6222 2.31265e-15 2.39069e-15 5.65643e-15 -6.10807e-15 8.55832e-15 2.34419e-08 2.9261e-08 
51.3122 8.82653e-16 9.10114e-16 2.15514e-15 -2.32826e-15 3.26206e-15 1.44821e-08 1.80304e-08 
52.2596 2.34559e-16 2.41096e-16 5.71498e-16 -6.17745e-16 8.6545e-16 7.46558e-09 9.26496e-09 
53.4707 4.29346e-17 4.39762e-17 1.04362e-16 -1.12876e-16 1.58126e-16 3.19405e-09 3.94971e-09 
54.9538 5.3389e-18 5.44851e-18 1.29455e-17 -1.40105e-17 1.96257e-17 1.12633e-09 1.38761e-09 
56.7197 4.4334e-19 4.50825e-19 1.0724e-18 -1.16134e-18 1.62668e-18 3.24569e-10 3.98402e-10 
58.7821 2.40728e-20 2.43976e-20 5.8099e-20 -6.29543e-20 8.81739e-20 7.56312e-11 9.25183e-11 
61.1583 8.32936e-22 8.41631e-22 2.0062e-21 -2.17498e-21 3.04612e-21 1.40684e-11 1.71566e-11 
63.8703 1.77865e-23 1.79268e-23 4.277e-23 -4.63858e-23 6.49633e-23 2.05581e-12 2.5006e-12 
66.9458 2.25182e-25 2.26559e-25 5.40446e-25 -5.86739e-25 8.21497e-25 2.31315e-13 2.80652e-13 
70.421 1.61157e-27 1.60497e-27 3.84851e-27 -4.17779e-27 5.84915e-27 1.95687e-14 2.36578e-14 
74.3437 6.24738e-30 6.24909e-30 1.43471e-29 -1.6231e-29 2.23816e-29 1.21839e-15 1.43292e-15 
78.7787 1.35835e-32 5.39628e-33 2.82766e-32 -2.22403e-32 3.74314e-32 5.68125e-17 6.28316e-17 
83.8183 3.82788e-34 4.13607e-34 2.52575e-36 1.03362e-33 8.71256e-34 -9.53711e-18 -4.64537e-18 
89.6014 8.18331e-35 3.13955e-34 4.16815e-34 -4.16377e-34 6.06948e-34 -4.40963e-18 1.55739e-17 
96.3569 6.73165e-35 3.61804e-34 8.89886e-35 4.05401e-34 5.26565e-34 -3.99943e-18 -6.93828e-18 
104.522 3.99429e-36 1.75614e-34 9.19648e-36 6.87999e-35 2.14462e-34 9.74221e-19 -7.89118e-19 
115.218 3.34701e-35 6.31974e-35 6.24365e-37 1.19472e-34 1.07775e-34 -2.82011e-18 -1.47401e-18 
