0 6.61037e-11 7.2099e-12 9.69875e-16 -4.41084e-11 4.69164e-11 -5.19008e-06 6.46237e-06 
0.4716 2.73886e-11 1.89595e-12 1.60315e-11 -1.45593e-11 1.30352e-11 -3.34077e-06 6.92824e-06 
1.47542 1.12326e-11 2.09716e-12 8.34642e-11 -9.80617e-12 3.76599e-11 -2.13944e-06 7.5137e-06 
2.77778 3.70561e-11 2.80705e-11 2.2658e-10 -6.51626e-11 1.644e-10 -3.88589e-06 9.55002e-06 
4.08014 1.89737e-10 1.77399e-10 6.91474e-10 -3.70676e-10 6.93615e-10 -8.793e-06 1.54308e-05 
5.08396 6.16492e-10 5.93789e-10 1.85767e-09 -1.22243e-09 2.10274e-09 -1.58498e-05 2.48148e-05 
5.55556 1.05402e-09 1.01609e-09 3.02523e-09 -2.09091e-09 3.5288e-09 -2.07245e-05 3.15282e-05 
5.55556 1.11514e-09 9.50697e-10 2.68963e-09 -2.14636e-09 3.3332e-09 -2.07245e-05 3.15282e-05 
6.02716 1.71929e-09 1.58983e-09 4.63986e-09 -3.44641e-09 5.57338e-09 -2.57332e-05 3.97327e-05 
7.03098 4.95319e-09 4.85615e-09 1.38603e-08 -1.02236e-08 1.6767e-08 -4.36779e-05 6.62141e-05 
8.33333 2.08268e-08 2.08986e-08 5.66594e-08 -4.34897e-08 7.04482e-08 -8.95634e-05 0.000132394 
9.63569 8.73389e-08 8.80367e-08 2.3399e-07 -1.8279e-07 2.94168e-07 -0.00018341 0.000268805 
10.6395 2.62488e-07 2.65397e-07 7.00862e-07 -5.50198e-07 8.83712e-07 -0.000317961 0.000465482 
11.1111 4.39617e-07 4.4458e-07 1.17278e-06 -9.2157e-07 1.47935e-06 -0.000411487 0.000602627 
11.1111 4.64386e-07 4.17825e-07 1.04738e-06 -9.46487e-07 1.40575e-06 -0.000411487 0.000602627 
11.5827 7.09487e-07 6.86019e-07 1.8369e-06 -1.49906e-06 2.33682e-06 -0.000508615 0.000769031 
12.5865 2.00634e-06 2.06635e-06 5.58721e-06 -4.37504e-06 6.99421e-06 -0.000855301 0.00130211 
13.8889 8.19415e-06 8.72255e-06 2.27598e-05 -1.81657e-05 2.88675e-05 -0.0017285 0.00262334 
15.1912 3.28984e-05 3.57833e-05 9.17196e-05 -7.37235e-05 0.000116661 -0.00346341 0.00531645 
16.1951 9.40176e-05 0.000104327 0.000265264 -0.000212804 0.000336357 -0.00585492 0.00914152 
16.6667 0.000152776 0.000171296 0.000434501 -0.000347599 0.000549382 -0.00746353 0.0117736 
16.6667 0.000161146 0.000164252 0.00039042 -0.000360012 0.000525632 -0.00746353 0.0117736 
17.1383 0.000236983 0.000255779 0.000661658 -0.000544808 0.00083666 -0.00905095 0.0149329 
18.1421 0.000604224 0.000725869 0.00186848 -0.00146548 0.00231157 -0.0144522 0.0248109 
19.4444 0.00201068 0.00265399 0.00654201 -0.00511178 0.00804387 -0.0263637 0.0480307 
20.7468 0.005792 0.00880156 0.0208388 -0.0157996 0.024928 -0.0447455 0.0913361 
21.7506 0.0107635 0.0197903 0.0451822 -0.0322964 0.0514946 -0.0609975 0.146042 
22.2222 0.0129477 0.0276127 0.0616283 -0.0418411 0.0676227 -0.0669009 0.179926 
22.2222 0.0136379 0.0480442 0.4566 -0.146543 0.199531 -0.0669009 0.179926 
22.6938 0.153079 0.213807 0.262402 -1.03571 0.444154 -0.224138 0.256111 
23.6976 0.229967 0.259663 0.11485 -1.39897 0.429785 -0.27472 0.500992 
25 0.000950587 0.000935868 0.0835326 -0.00539975 -0.192223 0.0176626 0.662231 
26.3024 0.269789 0.301212 0.108787 -1.63199 0.529465 0.297557 0.469074 
27.3062 0.156521 0.216663 0.247375 -1.05426 0.455815 0.226644 0.214266 
27.7778 0.0111211 0.0425605 0.432393 -0.124551 0.189558 0.0604132 0.139198 
27.7778 0.0116984 0.0218495 0.0470949 -0.0374292 0.0578586 0.0604132 0.139198 
28.2494 0.00881151 0.0148247 0.0325601 -0.0267574 0.0409414 0.0524316 0.110953 
29.2532 0.00413315 0.00602358 0.0135924 -0.0116814 0.0176816 0.0359094 0.0669613 
30.5556 0.00128422 0.00167648 0.00383263 -0.00343515 0.0051466 0.0200165 0.0335818 
31.8579 0.000352091 0.000436684 0.000987438 -0.000917987 0.00136559 0.0104808 0.0162572 
32.8617 0.000117129 0.000146191 0.000337374 -0.000306349 0.000464307 0.00604505 0.00904324 
33.3333 6.47793e-05 8.66466e-05 0.000210493 -0.000175396 0.000278621 0.00449559 0.00681079 
33.3333 6.80562e-05 8.04551e-05 0.000188948 -0.000177982 0.000262449 0.00449559 0.00681079 
33.8049 4.07372e-05 4.74973e-05 0.000111831 -0.000105802 0.000155888 0.00347815 0.00519486 
34.8088 1.33917e-05 1.52166e-05 3.59846e-05 -3.43353e-05 5.05016e-05 0.00199421 0.00290134 
36.1111 3.0653e-06 3.40495e-06 8.01779e-06 -7.77063e-06 1.1382e-05 0.000954089 0.00134649 
37.4135 6.79512e-07 7.48808e-07 1.73621e-06 -1.71573e-06 2.50158e-06 0.000449212 0.000613896 
38.4173 2.0085e-07 2.29692e-07 5.35702e-07 -5.16622e-07 7.65692e-07 0.000244224 0.000328582 
38.8889 1.06071e-07 1.26779e-07 3.18678e-07 -2.78924e-07 4.33271e-07 0.00017748 0.000243414 
38.8889 1.11303e-07 1.20827e-07 2.87437e-07 -2.86371e-07 4.13771e-07 0.00017748 0.000243414 
39.3605 6.35398e-08 6.86749e-08 1.63465e-07 -1.63123e-07 2.35645e-07 0.000134097 0.000182836 
40.3643 1.91204e-08 2.04374e-08 4.87105e-08 -4.88153e-08 7.04432e-08 7.35607e-05 9.91444e-05 
41.6667 3.9808e-09 4.22259e-09 9.99204e-09 -1.01244e-08 1.45621e-08 3.35647e-05 4.45094e-05 
42.969 8.15292e-10 8.64508e-10 2.01568e-09 -2.07317e-09 2.97002e-09 1.51899e-05 1.9722e-05 
43.9728 2.29382e-10 2.54505e-10 5.93544e-10 -5.96653e-10 8.67409e-10 8.05707e-06 1.03507e-05 
44.4445 1.18762e-10 1.35783e-10 3.45e-10 -3.13585e-10 4.77694e-10 5.79743e-06 7.6009e-06 
44.4445 1.24478e-10 1.31075e-10 3.12223e-10 -3.2362e-10 4.59167e-10 5.79743e-06 7.6009e-06 
44.9161 6.95171e-11 7.30839e-11 1.74088e-10 -1.80587e-10 2.56219e-10 4.33247e-06 5.66093e-06 
45.9199 2.00315e-11 2.09156e-11 4.98464e-11 -5.18588e-11 7.35148e-11 2.32566e-06 3.01784e-06 
47.2222 3.96594e-12 4.12996e-12 9.76489e-12 -1.02536e-11 1.44929e-11 1.03481e-06 1.32767e-06 
48.5246 7.76266e-13 8.09581e-13 1.88858e-12 -2.00847e-12 2.82865e-12 4.5782e-07 5.77639e-07 
49.5284 2.12023e-13 2.32128e-13 5.39988e-13 -5.62064e-13 8.02318e-13 2.39266e-07 2.99269e-07 
50 1.08476e-13 1.21178e-13 3.09194e-13 -2.90476e-13 4.34358e-13 1.71142e-07 2.18485e-07 
50 1.13573e-13 1.18092e-13 2.80842e-13 -3.00841e-13 4.1958e-13 1.71142e-07 2.18485e-07 
50.1933 8.89398e-14 9.23968e-14 2.19795e-13 -2.35486e-13 3.28424e-13 1.51449e-07 1.93172e-07 
50.6493 4.99366e-14 5.17747e-14 1.23238e-13 -1.32086e-13 1.84207e-13 1.13482e-07 1.44454e-07 
51.3693 2.00387e-14 2.07161e-14 4.9354e-14 -5.29269e-14 7.38074e-14 7.18874e-08 9.12373e-08 
52.3579 5.70289e-15 5.87468e-15 1.40113e-14 -1.50358e-14 2.09661e-14 3.835e-08 4.8496e-08 
53.6217 1.13899e-15 1.16867e-15 2.79072e-15 -2.99705e-15 4.17877e-15 1.71387e-08 2.15856e-08 
55.1692 1.57517e-16 1.60963e-16 3.84858e-16 -4.13632e-16 5.76678e-16 6.37355e-09 7.99385e-09 
57.0119 1.48368e-17 1.51015e-17 3.61516e-17 -3.88837e-17 5.42067e-17 1.95609e-09 2.44342e-09 
59.164 9.32861e-19 9.46022e-19 2.26728e-18 -2.44032e-18 3.40175e-18 4.90486e-10 6.10377e-10 
61.6436 3.82004e-20 3.86135e-20 9.26366e-20 -9.97682e-20 1.39066e-19 9.9255e-11 1.23103e-10 
64.4734 9.88308e-22 9.96227e-22 2.39206e-21 -2.57759e-21 3.59268e-21 1.59648e-11 1.9744e-11 
67.6827 1.55497e-23 1.56376e-23 3.75792e-23 -4.05073e-23 5.64593e-23 2.00253e-12 2.47091e-12 
71.3091 1.41656e-25 1.42331e-25 3.41835e-25 -3.68854e-25 5.13973e-25 1.91133e-13 2.35322e-13 
75.4023 7.00996e-28 6.9577e-28 1.69917e-27 -1.81417e-27 2.5374e-27 1.34455e-14 1.66232e-14 
80.0302 1.68902e-30 2.09022e-30 3.96991e-30 -4.88092e-30 6.54436e-30 6.59987e-16 7.75667e-16 
85.289 9.36301e-34 2.63384e-33 3.93955e-33 4.07934e-33 6.10791e-33 1.55391e-17 3.3733e-17 
91.3235 4.61616e-35 4.04307e-33 1.34746e-34 -1.12224e-33 4.76835e-33 3.45032e-18 -1.23157e-17 
98.3728 8.58798e-35 2.09496e-33 5.03728e-35 1.10185e-33 2.531e-33 4.70613e-18 7.76495e-18 
106.893 1.47979e-34 1.18472e-33 1.89663e-34 1.08767e-33 1.57561e-33 -6.17759e-18 -1.29045e-17 
118.054 1.16254e-35 6.28785e-34 2.60137e-35 2.22097e-34 7.39901e-34 1.7315e-18 6.53974e-18 
