0 1.72235e-09 1.89341e-10 9.8934e-15 -1.15379e-09 1.12735e-09 -2.78619e-05 3.54331e-05 
0.4716 7.33313e-10 4.61129e-11 3.49094e-10 -3.71535e-10 2.28247e-10 -1.81801e-05 3.77337e-05 
1.47542 2.28349e-10 2.02276e-11 1.79509e-09 -1.37314e-10 5.93594e-10 -1.0145e-05 3.99557e-05 
2.77778 4.80743e-10 2.95562e-10 4.20744e-09 -7.61596e-10 2.4107e-09 -1.472e-05 4.61828e-05 
4.08014 2.17233e-09 1.93247e-09 1.01673e-08 -4.13964e-09 8.53843e-09 -3.12906e-05 6.50023e-05 
5.08396 6.50483e-09 6.12574e-09 2.28553e-08 -1.27538e-08 2.28848e-08 -5.41463e-05 9.46689e-05 
5.55556 1.06447e-08 1.00855e-08 3.44662e-08 -2.09343e-08 3.6297e-08 -6.92655e-05 0.000115388 
5.55556 1.1262e-08 9.49699e-09 3.06209e-08 -2.15584e-08 3.41217e-08 -6.92655e-05 0.000115388 
6.02716 1.65287e-08 1.50303e-08 4.88722e-08 -3.28565e-08 5.3789e-08 -8.39129e-05 0.000140179 
7.03098 4.21832e-08 4.10578e-08 1.26206e-07 -8.67528e-08 1.42786e-07 -0.000134054 0.000216873 
8.33333 1.50714e-07 1.50745e-07 4.31314e-07 -3.14206e-07 5.07717e-07 -0.000253388 0.000395554 
9.63569 5.36529e-07 5.40273e-07 1.49749e-06 -1.12233e-06 1.79485e-06 -0.000478085 0.000735508 
10.6395 1.41922e-06 1.43362e-06 3.932e-06 -2.97343e-06 4.73863e-06 -0.000777559 0.00119222 
11.1111 2.2381e-06 2.26227e-06 6.19005e-06 -4.6906e-06 7.46814e-06 -0.000976447 0.00149675 
11.1111 2.3642e-06 2.13373e-06 5.52224e-06 -4.82603e-06 7.08378e-06 -0.000976447 0.00149675 
11.5827 3.40765e-06 3.28011e-06 9.09212e-06 -7.18373e-06 1.10722e-05 -0.00117229 0.00185531 
12.5865 8.41145e-06 8.66527e-06 2.43266e-05 -1.83444e-05 2.91032e-05 -0.0018418 0.0029469 
13.8889 2.88831e-05 3.08885e-05 8.36913e-05 -6.41798e-05 0.000101365 -0.00341294 0.00545128 
15.1912 9.77579e-05 0.00010726 0.000284358 -0.000220025 0.000345677 -0.00627888 0.0101471 
16.1951 0.0002446 0.000274516 0.000720881 -0.000556788 0.000873152 -0.00993196 0.0163508 
16.6667 0.000373176 0.000423971 0.00111007 -0.000854679 0.00133995 -0.0122677 0.0204286 
16.6667 0.00039362 0.000403829 0.000995288 -0.000882245 0.00127418 -0.0122677 0.0204286 
17.1383 0.00054428 0.000595819 0.00158505 -0.00126015 0.00191287 -0.0144257 0.0251741 
18.1421 0.00119748 0.00146909 0.00391865 -0.00293502 0.00459746 -0.0213973 0.0392561 
19.4444 0.00327752 0.00450413 0.011502 -0.00850217 0.0133163 -0.0353995 0.0697986 
20.7468 0.0076106 0.0124169 0.0303713 -0.0215114 0.0337904 -0.0539429 0.121876 
21.7506 0.0114926 0.0239336 0.056355 -0.0366999 0.058412 -0.0662879 0.182444 
22.2222 0.0121391 0.0308303 0.0708698 -0.042809 0.0693395 -0.068127 0.21788 
22.2222 0.0127863 0.0511342 0.525637 -0.146385 0.217391 -0.068127 0.21788 
22.6938 0.143973 0.211569 0.300328 -0.999164 0.434248 -0.228606 0.292164 
23.6976 0.216573 0.250929 0.108809 -1.33459 0.392051 -0.280382 0.526908 
25 0.00155968 0.00151719 0.0623459 -0.00880659 -0.202955 0.0237939 0.678244 
26.3024 0.26854 0.305119 0.103313 -1.63874 0.521637 0.312214 0.48719 
27.3062 0.152423 0.219322 0.282087 -1.04673 0.459185 0.235219 0.238921 
27.7778 0.0112705 0.0466534 0.492722 -0.131275 0.210153 0.0639614 0.164903 
27.7778 0.0118555 0.0245401 0.0536187 -0.0399323 0.0616472 0.0639614 0.164903 
28.2494 0.00979777 0.0178463 0.0397567 -0.0309574 0.0471968 0.0581463 0.13536 
29.2532 0.00544467 0.00834948 0.01909 -0.0157849 0.0237412 0.0433455 0.0869472 
30.5556 0.00205411 0.00277342 0.00640733 -0.00558786 0.00830596 0.0266238 0.0472522 
31.8579 0.000672681 0.000856008 0.0019563 -0.00177652 0.00262404 0.0152357 0.0247857 
32.8617 0.000254965 0.000326278 0.000763504 -0.000675242 0.00101961 0.0093799 0.0146895 
33.3333 0.000150478 0.000203989 0.000503538 -0.000410172 0.000648395 0.00720601 0.0114093 
33.3333 0.00015809 0.000190447 0.000452912 -0.000417353 0.000611472 0.00720601 0.0114093 
33.8049 0.000100742 0.000119427 0.000284705 -0.000263829 0.000386139 0.00575239 0.00896165 
34.8088 3.77941e-05 4.35438e-05 0.000104116 -9.75753e-05 0.00014249 0.00352334 0.00532705 
36.1111 1.02443e-05 1.1507e-05 2.73466e-05 -2.61148e-05 3.79552e-05 0.00183436 0.00267915 
37.4135 2.67962e-06 2.98932e-06 6.98484e-06 -6.80749e-06 9.85487e-06 0.000938164 0.00132332 
38.4173 8.96325e-07 1.03553e-06 2.45138e-06 -2.31728e-06 3.42175e-06 0.000542594 0.000754513 
38.8889 5.04235e-07 6.11194e-07 1.5426e-06 -1.33527e-06 2.06049e-06 0.000406967 0.000576393 
38.8889 5.29107e-07 5.79419e-07 1.39302e-06 -1.36729e-06 1.96319e-06 0.000406967 0.000576393 
39.3605 3.2081e-07 3.49381e-07 8.40377e-07 -8.26738e-07 1.18658e-06 0.000316892 0.000445844 
40.3643 1.09737e-07 1.18124e-07 2.84138e-07 -2.81151e-07 4.02948e-07 0.000185338 0.000257304 
41.6667 2.69509e-08 2.87541e-08 6.85784e-08 -6.87433e-08 9.81535e-08 9.18488e-05 0.000125178 
42.969 6.49855e-09 6.95158e-09 1.63015e-08 -1.65975e-08 2.36148e-08 4.51019e-05 6.00855e-05 
43.9728 2.06571e-09 2.30379e-09 5.45226e-09 -5.38703e-09 7.80493e-09 2.54285e-05 3.35878e-05 
44.4445 1.13879e-09 1.32318e-09 3.35392e-09 -3.03127e-09 4.58388e-09 1.88803e-05 2.5433e-05 
44.4445 1.1936e-09 1.2639e-09 3.03787e-09 -3.11183e-09 4.38891e-09 1.88803e-05 2.5433e-05 
44.9161 7.07496e-10 7.47291e-10 1.79605e-09 -1.8422e-09 2.59767e-09 1.45359e-05 1.95054e-05 
45.9199 2.3145e-10 2.4281e-10 5.83174e-10 -6.0061e-10 8.45929e-10 8.31397e-06 1.10661e-05 
47.2222 5.39793e-11 5.64252e-11 1.34316e-10 -1.39824e-10 1.96278e-10 4.01507e-06 5.2756e-06 
48.5246 1.24292e-11 1.30601e-11 3.05988e-11 -3.22793e-11 4.51649e-11 1.92664e-06 2.48631e-06 
49.5284 3.83255e-12 4.20728e-12 9.93058e-12 -1.01736e-11 1.4479e-11 1.06985e-06 1.37191e-06 
50 2.08728e-12 2.37447e-12 6.01984e-12 -5.64033e-12 8.37074e-12 7.89533e-07 1.03276e-06 
50 2.18537e-12 2.28105e-12 5.46964e-12 -5.79986e-12 8.04402e-12 7.89533e-07 1.03276e-06 
50.2018 1.73669e-12 1.81089e-12 4.34353e-12 -4.60676e-12 6.38912e-12 7.03833e-07 9.19709e-07 
50.6775 1.00938e-12 1.0501e-12 2.52039e-12 -2.67443e-12 3.70898e-12 5.36582e-07 6.99528e-07 
51.4289 4.27682e-13 4.43454e-13 1.06538e-12 -1.13129e-12 1.56878e-12 3.49276e-07 4.53797e-07 
52.4605 1.31106e-13 1.35388e-13 3.25644e-13 -3.46089e-13 4.79888e-13 1.93383e-07 2.5021e-07 
53.7792 2.87801e-14 2.95871e-14 7.12573e-14 -7.58028e-14 1.05098e-13 9.06055e-08 1.16693e-07 
55.394 4.46593e-15 4.57015e-15 1.10213e-14 -1.17357e-14 1.62697e-14 3.56914e-08 4.57524e-08 
57.3169 4.82178e-16 4.91259e-16 1.18623e-15 -1.26429e-15 1.75258e-15 1.17277e-08 1.49655e-08 
59.5626 3.55354e-17 3.60585e-17 8.7172e-17 -9.29871e-17 1.2889e-16 3.18375e-09 4.04584e-09 
62.15 1.74645e-18 1.7659e-18 4.27347e-18 -4.56193e-18 6.3229e-18 7.05807e-10 8.93651e-10 
65.1029 5.56211e-20 5.60737e-20 1.35816e-19 -1.45073e-19 2.01062e-19 1.25959e-10 1.58992e-10 
68.4517 1.1074e-21 1.11374e-21 2.69943e-21 -2.88491e-21 3.99811e-21 1.7773e-11 2.23781e-11 
72.2358 1.31626e-23 1.32128e-23 3.20466e-23 -3.42576e-23 4.74772e-23 1.93766e-12 2.4352e-12 
76.507 8.79123e-26 8.82079e-26 2.13659e-25 -2.28753e-25 3.16872e-25 1.58355e-13 1.9863e-13 
81.3362 3.0444e-28 3.00485e-28 7.3973e-28 -7.8569e-28 1.09152e-27 9.31878e-15 1.16798e-14 
86.8236 5.35151e-31 5.78467e-31 1.09085e-30 -1.44533e-30 1.85695e-30 3.90703e-16 4.45093e-16 
93.1206 4.9712e-34 1.05074e-33 3.05272e-33 1.87744e-33 3.5517e-33 1.1908e-17 2.17219e-17 
100.476 1.79221e-35 1.02893e-33 7.27122e-35 3.52757e-34 1.26495e-33 -2.26101e-18 -3.41539e-19 
109.367 1.09046e-34 3.86464e-34 2.98555e-34 5.33271e-34 7.2157e-34 5.57716e-18 9.08493e-18 
121.014 5.31247e-36 2.88078e-34 8.24269e-34 1.01623e-34 7.21156e-34 -1.231e-18 -1.87846e-17 
