0 4.35016e-08 4.80335e-09 9.1426e-14 -2.92058e-08 2.5535e-08 -0.000149947 0.000195502 
0.4716 1.90272e-08 1.09237e-09 7.28117e-09 -9.21119e-09 2.60417e-09 -9.91682e-05 0.000206867 
1.47542 4.57139e-09 9.09937e-11 3.72692e-08 -1.30309e-09 6.57988e-09 -4.86082e-05 0.000214842 
2.77778 5.22601e-09 1.98102e-09 7.71174e-08 -6.50089e-09 3.19199e-08 -5.19721e-05 0.000229067 
4.08014 2.06728e-08 1.64298e-08 1.48241e-07 -3.72357e-08 9.47725e-08 -0.000103368 0.000281321 
5.08396 5.9024e-08 5.29017e-08 2.75313e-07 -1.129e-07 2.24538e-07 -0.000174662 0.000367289 
5.55556 9.38806e-08 8.56666e-08 3.8161e-07 -1.81191e-07 3.37617e-07 -0.000220279 0.0004271 
5.55556 9.93251e-08 8.09628e-08 3.38917e-07 -1.86934e-07 3.13585e-07 -0.000220279 0.0004271 
6.02716 1.39985e-07 1.23724e-07 4.96051e-07 -2.74336e-07 4.68912e-07 -0.000261507 0.000497831 
7.03098 3.2204e-07 3.09238e-07 1.09284e-06 -6.57837e-07 1.10584e-06 -0.000396642 0.000709873 
8.33333 9.93566e-07 9.88184e-07 3.09999e-06 -2.06554e-06 3.35464e-06 -0.000696694 0.00117557 
9.63569 3.03522e-06 3.04864e-06 9.03738e-06 -6.3411e-06 1.01057e-05 -0.0012177 0.0019995 
10.6395 7.11374e-06 7.171e-06 2.08358e-05 -1.48886e-05 2.35638e-05 -0.0018642 0.00303528 
11.1111 1.05926e-05 1.06881e-05 3.08922e-05 -2.21803e-05 3.50362e-05 -0.00227481 0.00369702 
11.1111 1.11894e-05 1.00929e-05 2.75435e-05 -2.28345e-05 3.31155e-05 -0.00227481 0.00369702 
11.5827 1.52484e-05 1.46111e-05 4.2598e-05 -3.20725e-05 4.88211e-05 -0.00265554 0.00445415 
12.5865 3.29868e-05 3.39617e-05 0.000100551 -7.19188e-05 0.000113125 -0.00390581 0.00664909 
13.8889 9.56286e-05 0.000102801 0.000293652 -0.000213044 0.000334227 -0.0066502 0.0113225 
15.1912 0.000273953 0.000303659 0.000845166 -0.000619739 0.000966047 -0.0112559 0.0194039 
16.1951 0.000601914 0.000684983 0.00188464 -0.0013797 0.00214458 -0.0166843 0.0293548 
16.6667 0.000863188 0.000996629 0.00273223 -0.00199296 0.0030958 -0.0199799 0.0356092 
16.6667 0.000910476 0.000944965 0.00244657 -0.00205255 0.00292541 -0.0199799 0.0356092 
17.1383 0.00118395 0.00131907 0.00366136 -0.00276537 0.00414013 -0.0227838 0.0426715 
18.1421 0.00224654 0.00283424 0.00794706 -0.00558376 0.00866985 -0.0313846 0.0625856 
19.4444 0.00502145 0.00728645 0.0195964 -0.0133852 0.0208431 -0.0469218 0.102473 
20.7468 0.00920869 0.016643 0.0428287 -0.0273947 0.0427994 -0.0635416 0.164611 
21.7506 0.010762 0.0272409 0.0674969 -0.0378886 0.0601766 -0.0686918 0.230926 
22.2222 0.00942499 0.0321026 0.0776595 -0.0384913 0.0626387 -0.0642836 0.267388 
22.2222 0.00992741 0.0494508 0.576593 -0.126845 0.219221 -0.0642836 0.267388 
22.6938 0.121319 0.191672 0.328538 -0.872999 0.386173 -0.224722 0.337785 
23.6976 0.182634 0.219568 0.101198 -1.14643 0.3115 -0.275723 0.556098 
25 0.00268047 0.0025634 0.0448355 -0.0150067 -0.202406 0.0334031 0.6917 
26.3024 0.249478 0.289253 0.0963457 -1.53789 0.47772 0.322254 0.504732 
27.3062 0.137493 0.207332 0.305985 -0.966594 0.431832 0.239234 0.267151 
27.7778 0.010302 0.0476001 0.531658 -0.126776 0.218382 0.0654852 0.195482 
27.7778 0.0108368 0.0258542 0.0578089 -0.039187 0.0603928 0.0654852 0.195482 
28.2494 0.0099626 0.0201819 0.0459936 -0.0331966 0.0503615 0.0627883 0.165053 
29.2532 0.00664222 0.0108729 0.0253686 -0.0198955 0.0296792 0.0512683 0.112551 
30.5556 0.00305233 0.004297 0.0100925 -0.00847861 0.0124824 0.0347543 0.0660545 
31.8579 0.00119103 0.00156372 0.00363406 -0.00319496 0.00468125 0.0217097 0.0374171 
32.8617 0.000512721 0.000675188 0.00161134 -0.00137746 0.0020705 0.014244 0.0235673 
33.3333 0.000322426 0.000445362 0.00112182 -0.00088715 0.00139462 0.0112956 0.0188518 
33.3333 0.000338736 0.000417286 0.0010102 -0.000904299 0.00131468 0.0112956 0.0188518 
33.8049 0.000229431 0.000277427 0.000672944 -0.000606828 0.000881077 0.00929615 0.0152286 
34.8088 9.78407e-05 0.00011457 0.000278222 -0.00025466 0.000368698 0.00607067 0.00960698 
36.1111 3.12216e-05 3.55406e-05 8.55687e-05 -8.01225e-05 0.000115391 0.00342929 0.0052165 
37.4135 9.56882e-06 1.08214e-05 2.56068e-05 -2.44757e-05 3.51532e-05 0.00189848 0.0027816 
38.4173 3.60539e-06 4.21825e-06 1.0165e-05 -9.38008e-06 1.37854e-05 0.00116534 0.00168501 
38.8889 2.15518e-06 2.64321e-06 6.75159e-06 -5.74079e-06 8.80051e-06 0.000900986 0.00132556 
38.8889 2.26149e-06 2.50118e-06 6.10053e-06 -5.87305e-06 8.37026e-06 0.000900986 0.00132556 
39.3605 1.45298e-06 1.59647e-06 3.89456e-06 -3.76101e-06 5.35698e-06 0.00072219 0.00105443 
40.3643 5.6208e-07 6.09886e-07 1.48558e-06 -1.44583e-06 2.05552e-06 0.00044918 0.000645751 
41.6667 1.61734e-07 1.73785e-07 4.18908e-07 -4.14e-07 5.86096e-07 0.000240947 0.000339147 
42.969 4.5558e-08 4.91836e-08 1.16495e-07 -1.16892e-07 1.65066e-07 0.00012788 0.000175714 
43.9728 1.62824e-08 1.82991e-08 4.40108e-08 -4.26254e-08 6.14792e-08 7.64506e-05 0.000104338 
44.4445 9.53122e-09 1.11936e-08 2.85788e-08 -2.55066e-08 3.83073e-08 5.84919e-05 8.13512e-05 
44.4445 9.98996e-09 1.06445e-08 2.58953e-08 -2.61261e-08 3.65905e-08 5.84919e-05 8.13512e-05 
44.9161 6.26924e-09 6.65832e-09 1.61931e-08 -1.63689e-08 2.2916e-08 4.63363e-05 6.41587e-05 
45.9199 2.31575e-09 2.44228e-09 5.92758e-09 -6.02523e-09 8.42215e-09 2.81617e-05 3.86226e-05 
47.2222 6.31687e-10 6.63517e-10 1.59363e-09 -1.64024e-09 2.2842e-09 1.47084e-05 1.98756e-05 
48.5246 1.69723e-10 1.79683e-10 4.24481e-10 -4.42441e-10 6.14707e-10 7.62403e-06 1.01098e-05 
49.5284 5.87914e-11 6.48922e-11 1.55518e-10 -1.56489e-10 2.21818e-10 4.48715e-06 5.9253e-06 
50 3.39836e-11 3.90803e-11 9.95386e-11 -9.23302e-11 1.36123e-10 3.41153e-06 4.5929e-06 
50 3.55805e-11 3.73023e-11 9.04436e-11 -9.46372e-11 1.30418e-10 3.41153e-06 4.5929e-06 
50.2105 2.87103e-11 3.00639e-11 7.29161e-11 -7.63185e-11 1.05171e-10 3.06451e-06 4.12075e-06 
50.707 1.72965e-11 1.80639e-11 4.38423e-11 -4.5917e-11 6.32719e-11 2.3786e-06 3.18976e-06 
51.491 7.75414e-12 8.067e-12 1.9599e-11 -2.05452e-11 2.83081e-11 1.59261e-06 2.12733e-06 
52.5675 2.56748e-12 2.65859e-12 6.46711e-12 -6.78684e-12 9.35022e-12 9.16423e-07 1.21826e-06 
53.9435 6.21612e-13 6.40388e-13 1.55987e-12 -1.63896e-12 2.25775e-12 4.50923e-07 5.963e-07 
55.6286 1.08678e-13 1.11383e-13 2.71682e-13 -2.85805e-13 3.93668e-13 1.88545e-07 2.48007e-07 
57.6351 1.3515e-14 1.37833e-14 3.36637e-14 -3.54546e-14 4.88303e-14 6.64891e-08 8.70146e-08 
59.9784 1.17398e-15 1.19197e-15 2.91465e-15 -3.07292e-15 4.23184e-15 1.95963e-08 2.55277e-08 
62.6783 6.96895e-17 7.0485e-17 1.7253e-16 -1.82062e-16 2.50707e-16 4.77448e-09 6.19485e-09 
65.7597 2.75209e-18 2.77466e-18 6.79744e-18 -7.17834e-18 9.88427e-18 9.48798e-10 1.22699e-09 
69.2541 6.99115e-20 7.03071e-20 1.72357e-19 -1.82122e-19 2.50762e-19 1.51223e-10 1.95049e-10 
73.2028 1.09426e-21 1.09835e-21 2.69394e-21 -2.84786e-21 3.92105e-21 1.89192e-11 2.43535e-11 
77.6598 9.9711e-24 9.99403e-24 2.45215e-23 -2.59316e-23 3.57026e-23 1.80598e-12 2.32128e-12 
82.6989 4.89808e-26 4.90135e-26 1.20363e-25 -1.2728e-25 1.75248e-25 1.26577e-13 1.62543e-13 
88.425 1.15499e-28 1.17033e-28 2.84677e-28 -3.02017e-28 4.1553e-28 6.14655e-15 7.89074e-15 
94.9958 1.44402e-31 9.01096e-32 2.62521e-31 -2.9632e-31 3.994e-31 2.17335e-16 2.45829e-16 
102.672 2.93794e-38 6.0218e-34 2.64154e-33 -1.09263e-35 2.15793e-33 9.80311e-20 2.61786e-17 
111.949 1.95145e-34 5.22115e-35 3.35539e-34 2.6221e-34 4.60546e-34 7.98953e-18 -7.07383e-18 
124.102 3.5549e-36 7.93362e-36 5.33952e-34 1.37955e-35 2.98124e-34 -1.07834e-18 1.25827e-17 
