0 9.57411e-07 1.05977e-07 7.12354e-13 -6.43574e-07 4.882e-07 0.000773182 -0.00103599 
0.4716 4.29931e-07 2.27667e-08 1.31832e-07 -1.99891e-07 -1.72759e-08 0.000518122 -0.00108986 
1.47542 8.26435e-08 5.02834e-11 6.76954e-07 4.1187e-09 -1.21583e-08 0.000227163 -0.00111556 
2.77778 3.98435e-08 2.42144e-09 1.27323e-06 -1.98454e-08 3.35138e-07 0.000157729 -0.00111763 
4.08014 1.31602e-07 7.63349e-08 1.99143e-06 -2.02506e-07 8.63106e-07 0.000286658 -0.00121449 
5.08396 3.84532e-07 3.04259e-07 3.04586e-06 -6.91085e-07 1.78987e-06 0.000490003 -0.00141562 
5.55556 6.13915e-07 5.11366e-07 3.85711e-06 -1.13205e-06 2.55524e-06 0.000619137 -0.00156251 
5.55556 6.49519e-07 4.85226e-07 3.42502e-06 -1.17027e-06 2.30947e-06 0.000619137 -0.00156251 
6.02716 8.93769e-07 7.43061e-07 4.55293e-06 -1.6988e-06 3.29964e-06 0.000726279 -0.00173811 
7.03098 1.9236e-06 1.79679e-06 8.4013e-06 -3.87545e-06 6.99764e-06 0.00106549 -0.00226087 
8.33333 5.32091e-06 5.2346e-06 1.95209e-05 -1.10015e-05 1.8402e-05 0.00177208 -0.00337149 
9.63569 1.43242e-05 1.43119e-05 4.76435e-05 -2.9847e-05 4.79553e-05 0.00290754 -0.005232 
10.6395 3.02265e-05 3.03476e-05 9.67117e-05 -6.31354e-05 9.98636e-05 0.00422362 -0.00744407 
11.1111 4.27815e-05 4.30078e-05 0.000135347 -8.94166e-05 0.000140785 0.0050248 -0.00880538 
11.1111 4.51919e-05 4.06276e-05 0.000120638 -9.20701e-05 0.000132323 0.0050248 -0.00880538 
11.5827 5.85243e-05 5.57854e-05 0.00017563 -0.000122774 0.000184981 0.00571816 -0.0103237 
12.5865 0.000112149 0.000115327 0.000368034 -0.000244366 0.000381502 0.00791563 -0.0145353 
13.8889 0.000277662 0.000300241 0.000922015 -0.000620399 0.000967414 0.0124551 -0.022909 
15.1912 0.000680431 0.000763383 0.00227246 -0.00154861 0.00239581 0.0194976 -0.0363441 
16.1951 0.001323 0.00153146 0.00449443 -0.00305852 0.00471134 0.0271875 -0.0518383 
16.6667 0.00178938 0.00210744 0.00615762 -0.0041726 0.00641907 0.0316184 -0.0611776 
16.6667 0.0018874 0.00199219 0.00550976 -0.00429091 0.00602226 0.0316184 -0.0611776 
17.1383 0.00231275 0.00263496 0.00776999 -0.00546265 0.00805017 0.0350002 -0.0714287 
18.1421 0.00379715 0.00497134 0.0149156 -0.0096143 0.0147679 0.0448473 -0.0989802 
19.4444 0.00689844 0.0107741 0.0311584 -0.0190773 0.0294867 0.0604481 -0.15012 
20.7468 0.00971451 0.0203963 0.0566123 -0.0311486 0.0482747 0.0717327 -0.223028 
21.7506 0.00801705 0.0280655 0.0754213 -0.0331929 0.0523815 0.065165 -0.294256 
22.2222 0.00504932 0.0298856 0.0787558 -0.0271831 0.0444066 0.0517158 -0.330831 
22.2222 0.00531849 0.0408904 0.585383 -0.0844258 0.195595 0.0517158 -0.330831 
22.6938 0.0855959 0.151206 0.333961 -0.651301 0.295028 0.20747 -0.394663 
23.6976 0.1293 0.164631 0.0919802 -0.835266 0.193109 0.254993 -0.588797 
25 0.00476089 0.00445537 0.0326794 -0.0263667 -0.184437 -0.0489298 -0.701218 
26.3024 0.211556 0.25058 0.0877299 -1.31812 0.397926 -0.326169 -0.519493 
27.3062 0.111544 0.177617 0.306152 -0.805814 0.368338 -0.236838 -0.296773 
27.7778 0.00814066 0.0436173 0.525866 -0.107877 0.205757 -0.0639822 -0.228973 
27.7778 0.00856324 0.024653 0.0571299 -0.0340157 0.0522148 -0.0639822 -0.228973 
28.2494 0.00889037 0.0206202 0.0486026 -0.031698 0.0477223 -0.0651929 -0.19835 
29.2532 0.0071738 0.0127122 0.0305289 -0.0223568 0.0330001 -0.0585618 -0.142804 
30.5556 0.00399843 0.00591253 0.0142194 -0.011383 0.016572 -0.0437205 -0.0898838 
31.8579 0.00184125 0.00250642 0.00596384 -0.00502932 0.00730472 -0.0296686 -0.0546209 
32.8617 0.000892887 0.00121367 0.00297189 -0.00243711 0.00364442 -0.0206604 -0.0363749 
33.3333 0.000595801 0.000842457 0.00217508 -0.00165863 0.00259158 -0.0168768 -0.029889 
33.3333 0.00062594 0.000790939 0.0019599 -0.0016924 0.00243878 -0.0168768 -0.029889 
33.8049 0.00044879 0.000555079 0.00137702 -0.0012005 0.00172729 -0.0142904 -0.0247691 
34.8088 0.00021558 0.000257118 0.000637029 -0.000566285 0.000811971 -0.00990441 -0.016495 
36.1111 7.99771e-05 9.24396e-05 0.000226415 -0.000206812 0.000294882 -0.00603264 -0.00960429 
37.4135 2.83425e-05 3.25367e-05 7.8351e-05 -7.30416e-05 0.000104043 -0.00359123 -0.00549248 
38.4173 1.19157e-05 1.41403e-05 3.48067e-05 -3.12215e-05 4.56406e-05 -0.00232854 -0.00351697 
38.8889 7.53252e-06 9.34518e-06 2.42882e-05 -2.01803e-05 3.07283e-05 -0.00185138 -0.00284179 
38.8889 7.90407e-06 8.83834e-06 2.19526e-05 -2.06398e-05 2.91751e-05 -0.00185138 -0.00284179 
39.3605 5.35652e-06 5.94466e-06 1.47598e-05 -1.39347e-05 1.96813e-05 -0.00152409 -0.00231891 
40.3643 2.32021e-06 2.54007e-06 6.28575e-06 -5.99489e-06 8.44724e-06 -0.00100307 -0.00149905 
41.6667 7.7194e-07 8.36325e-07 2.04362e-06 -1.98414e-06 2.78311e-06 -0.000578576 -0.000844148 
42.969 2.50563e-07 2.73161e-07 6.56092e-07 -6.46042e-07 9.05223e-07 -0.00032963 -0.000468978 
43.9728 9.97216e-08 1.13101e-07 2.77037e-07 -2.62254e-07 3.76325e-07 -0.000207952 -0.000294306 
44.4445 6.16782e-08 7.30615e-08 1.88986e-07 -1.65769e-07 2.47283e-07 -0.000163544 -0.000235672 
44.4445 6.46468e-08 6.93551e-08 1.71268e-07 -1.69646e-07 2.35775e-07 -0.000163544 -0.000235672 
44.9161 4.27498e-08 4.56866e-08 1.1274e-07 -1.11968e-07 1.5552e-07 -0.000132993 -0.000190658 
45.9199 1.76494e-08 1.87235e-08 4.60398e-08 -4.60563e-08 6.38466e-08 -8.54527e-05 -0.000121141 
47.2222 5.55603e-09 5.86979e-09 1.42587e-08 -1.44685e-08 1.9977e-08 -4.7945e-05 -6.68369e-05 
48.5246 1.71786e-09 1.83291e-09 4.38179e-09 -4.49567e-09 6.20142e-09 -2.66597e-05 -3.64524e-05 
49.5284 6.61997e-10 7.35778e-10 1.79351e-09 -1.7682e-09 2.49512e-09 -1.65497e-05 -2.25783e-05 
50 4.04095e-10 4.68264e-10 1.20611e-09 -1.10209e-09 1.6148e-09 -1.29301e-05 -1.7975e-05 
50 4.23084e-10 4.45739e-10 1.09586e-09 -1.12809e-09 1.54403e-09 -1.29301e-05 -1.7975e-05 
50.2197 3.46475e-10 3.64524e-10 8.96484e-10 -9.23181e-10 1.26353e-09 -1.17011e-05 -1.62435e-05 
50.7378 2.16116e-10 2.2667e-10 5.57864e-10 -5.74948e-10 7.8686e-10 -9.2413e-06 -1.27883e-05 
51.5558 1.02323e-10 1.06842e-10 2.63227e-10 -2.71609e-10 3.7168e-10 -6.35881e-06 -8.75927e-06 
52.6791 3.64999e-11 3.79072e-11 9.35113e-11 -9.66263e-11 1.32211e-10 -3.79783e-06 -5.20267e-06 
54.115 9.71337e-12 1.00293e-11 2.47748e-11 -2.56394e-11 3.50773e-11 -1.95918e-06 -2.66782e-06 
55.8734 1.90525e-12 1.95576e-12 4.83791e-12 -5.01444e-12 6.85945e-12 -8.67693e-07 -1.17444e-06 
57.9671 2.715e-13 2.7717e-13 6.86523e-13 -7.12601e-13 9.74687e-13 -3.27548e-07 -4.40823e-07 
60.4124 2.76296e-14 2.80686e-14 6.96044e-14 -7.23413e-14 9.89381e-14 -1.04491e-07 -1.39911e-07 
63.2297 1.96715e-15 1.99008e-15 4.93991e-15 -5.13976e-15 7.02887e-15 -2.7881e-08 -3.71702e-08 
66.445 9.55554e-17 9.63414e-17 2.39339e-16 -2.49243e-16 3.4083e-16 -6.14494e-09 -8.16326e-09 
70.0915 3.06907e-18 3.08614e-18 7.67168e-18 -7.99466e-18 1.09319e-17 -1.10127e-09 -1.45894e-09 
74.2118 6.261e-20 6.28348e-20 1.56271e-19 -1.62933e-19 2.22787e-19 -1.57294e-10 -2.07952e-10 
78.8626 7.69422e-22 7.71113e-22 1.91841e-21 -2.00092e-21 2.73589e-21 -1.7437e-11 -2.30193e-11 
84.1209 5.29922e-24 5.30588e-24 1.3203e-23 -1.37744e-23 1.88335e-23 -1.44709e-12 -1.90851e-12 
90.096 1.84515e-26 1.84696e-26 4.5953e-26 -4.79548e-26 6.55672e-26 -8.53898e-14 -1.12522e-13 
96.9526 2.81664e-29 2.76232e-29 6.94664e-29 -7.24587e-29 9.89603e-29 -3.33623e-15 -4.39801e-15 
104.962 1.19329e-32 1.94939e-32 3.30736e-32 -3.96197e-32 5.44254e-32 -6.86695e-17 -7.63874e-17 
114.643 2.01798e-34 2.64349e-34 1.4085e-35 5.99979e-34 4.19627e-34 -8.92995e-18 -1.54526e-17 
127.324 6.40242e-35 2.10982e-34 1.06747e-34 3.01913e-34 2.46128e-34 5.02993e-18 1.80313e-17 
