0 1.04347e-28 9.80293e-31 2.10163e-31 -2.04344e-29 9.86477e-29 -1.21558e-15 8.51183e-16 
0.2358 3.50456e-29 5.28852e-30 2.77108e-30 -2.7506e-29 3.39337e-29 -7.04464e-16 1.00173e-15 
0.73771 4.47592e-32 6.3343e-31 3.15787e-29 -3.402e-31 9.47159e-30 2.51758e-17 1.16739e-15 
1.38889 1.83247e-30 7.45099e-30 2.20402e-29 -7.46567e-30 2.03933e-29 1.61087e-16 6.75836e-16 
2.04007 9.54417e-33 1.30651e-34 8.73859e-30 -2.25616e-33 4.58391e-30 -1.16255e-17 3.50042e-16 
2.54198 1.00188e-30 3.32549e-30 9.9e-30 -3.68789e-30 8.78255e-30 -1.1911e-16 5.17476e-16 
2.77778 1.02257e-32 6.64942e-30 4.57955e-30 -5.26844e-31 6.34844e-30 -1.20334e-17 6.86784e-16 
2.77778 1.02257e-32 9.47061e-32 3.16225e-29 -6.28751e-32 1.64287e-29 -1.20334e-17 6.86784e-16 
3.01358 2.41628e-29 6.03488e-30 2.13969e-30 -2.43978e-29 2.91901e-29 5.84946e-16 5.82815e-16 
3.51549 4.48771e-30 2.49961e-30 1.75298e-29 -6.76693e-30 1.825e-29 2.5209e-16 1.70869e-16 
4.16667 3.5422e-31 8.89095e-31 9.35094e-32 -1.13385e-30 1.14058e-30 -7.08237e-17 1.75168e-16 
4.81785 1.63611e-29 1.89003e-30 6.29688e-31 -1.12353e-29 1.84615e-29 4.81336e-16 1.83397e-16 
5.31976 5.13006e-30 1.11258e-32 5.27006e-29 4.82692e-31 3.89273e-29 -2.69528e-16 -6.39612e-17 
5.55556 1.04076e-28 2.95107e-29 1.21552e-28 -1.11972e-28 2.14123e-28 -1.214e-15 1.12272e-16 
5.55556 1.10112e-28 1.90715e-29 4.18024e-28 -9.5527e-29 4.02229e-28 -1.214e-15 1.12272e-16 
5.79136 6.01696e-31 3.27319e-30 2.92838e-29 -2.92543e-30 2.29908e-29 8.97406e-17 1.56652e-16 
6.29327 4.32404e-31 1.86376e-31 3.62119e-30 -5.91775e-31 2.82997e-30 7.60756e-17 -1.34903e-16 
6.94444 3.23444e-30 5.5549e-31 5.40461e-31 -2.79418e-30 4.2202e-30 -2.08065e-16 2.39533e-17 
7.59562 3.32287e-30 1.18026e-33 5.96741e-30 -1.30546e-31 7.19764e-30 -2.1089e-16 2.11612e-17 
8.09753 4.11336e-29 9.95683e-30 1.28652e-30 -4.21867e-29 5.27305e-29 -7.41992e-16 2.7212e-16 
8.33333 9.05225e-31 6.05316e-30 1.15926e-28 -4.87962e-30 8.04232e-29 -1.10072e-16 5.09081e-16 
8.33333 9.05225e-31 1.61757e-29 1.0344e-30 7.97676e-30 1.74898e-29 -1.10072e-16 5.09081e-16 
8.56913 2.70977e-32 4.28965e-31 1.35861e-29 2.24747e-31 7.7748e-30 1.90444e-17 4.22489e-16 
9.07104 1.87621e-29 5.48643e-30 5.65105e-29 -2.11496e-29 5.77352e-29 -5.0112e-16 6.70068e-16 
9.72222 2.4046e-28 2.07936e-28 4.80246e-28 -4.66125e-28 7.47493e-28 -1.794e-15 2.10598e-15 
10.3734 3.93533e-27 4.17253e-27 9.96715e-27 -8.44708e-27 1.43686e-26 -7.25757e-15 9.11137e-15 
10.8753 4.15842e-26 4.266e-26 1.01869e-25 -8.77993e-26 1.48381e-25 -2.3592e-14 2.88474e-14 
11.1111 1.22368e-25 1.21232e-25 2.91575e-25 -2.53898e-25 4.26571e-25 -4.04702e-14 4.94278e-14 
11.1111 1.29263e-25 2.54483e-25 5.6121e-25 3.89712e-25 7.62375e-25 -4.04702e-14 4.94278e-14 
11.3469 5.13275e-25 1.06078e-24 9.39792e-25 -1.58549e-24 2.26423e-24 -8.06442e-14 8.69164e-14 
11.8488 3.19447e-24 2.41611e-24 8.53679e-24 -5.96947e-24 1.09254e-23 -2.01186e-13 2.65771e-13 
12.5 7.96619e-23 8.58276e-23 1.89001e-22 -1.77671e-22 2.88668e-22 -1.00467e-12 1.18924e-12 
13.1512 1.5282e-21 1.54732e-21 3.70136e-21 -3.30414e-21 5.45874e-21 -4.40037e-12 5.39183e-12 
13.6531 1.55569e-20 1.6185e-20 3.78678e-20 -3.40955e-20 5.61965e-20 -1.40398e-11 1.71463e-11 
13.8889 4.57062e-20 4.67635e-20 1.09774e-19 -9.93389e-20 1.63181e-19 -2.4065e-11 2.95365e-11 
13.8889 4.57062e-20 1.02856e-19 2.34547e-19 1.47326e-19 3.07469e-19 -2.4065e-11 2.95365e-11 
14.1247 2.05446e-19 4.36902e-19 3.78247e-19 -6.43752e-19 9.22762e-19 -5.10208e-11 5.36281e-11 
14.6266 1.30878e-18 9.99289e-19 3.46039e-18 -2.45729e-18 4.46647e-18 -1.28775e-10 1.68761e-10 
15.2778 3.24972e-17 3.50287e-17 7.70393e-17 -7.24957e-17 1.17738e-16 -6.41683e-10 7.59481e-10 
15.929 6.22069e-16 6.30444e-16 1.50717e-15 -1.34561e-15 2.22286e-15 -2.80748e-09 3.44293e-09 
16.4309 6.31989e-15 6.58303e-15 1.53957e-14 -1.38594e-14 2.28438e-14 -8.94856e-09 1.09421e-08 
16.6667 1.85519e-14 1.90068e-14 4.46004e-14 -4.03484e-14 6.62838e-14 -1.53318e-08 1.88425e-08 
16.6667 1.95682e-14 2.86918e-14 8.70738e-14 5.24332e-14 1.0656e-13 -1.53318e-08 1.88425e-08 
16.9025 7.62235e-14 1.53235e-13 1.41401e-13 -2.39153e-13 3.35154e-13 -3.02594e-08 3.31555e-08 
17.4044 4.96984e-13 3.96151e-13 1.33517e-12 -9.81869e-13 1.74531e-12 -7.72659e-08 1.0193e-07 
18.0556 1.20797e-11 1.32788e-11 2.89926e-11 -2.80259e-11 4.46558e-11 -3.80929e-07 4.57924e-07 
18.7067 2.27664e-10 2.38119e-10 5.60618e-10 -5.15223e-10 8.34461e-10 -1.65373e-06 2.06619e-06 
19.2086 2.2518e-09 2.43335e-09 5.59377e-09 -5.17988e-09 8.37077e-09 -5.20094e-06 6.5267e-06 
19.4444 6.50463e-09 6.94741e-09 1.60147e-08 -1.48756e-08 2.39755e-08 -8.83951e-06 1.11892e-05 
19.4444 6.50463e-09 4.43707e-10 2.86237e-08 -3.75934e-09 2.48545e-08 -8.83951e-06 1.11892e-05 
19.6802 2.13937e-08 3.11654e-08 4.42911e-08 -5.71388e-08 8.3032e-08 -1.6031e-05 1.95815e-05 
20.1822 1.72853e-07 1.73944e-07 4.61207e-07 -3.83703e-07 6.46006e-07 -4.55675e-05 6.00062e-05 
20.8333 3.22198e-06 3.7391e-06 8.17695e-06 -7.68064e-06 1.23256e-05 -0.000196733 0.000259967 
21.4845 5.07172e-05 6.0192e-05 0.000135243 -0.000122264 0.000198741 -0.000780539 0.00109008 
21.9864 0.000394825 0.000502432 0.00109132 -0.000985583 0.00160183 -0.00217781 0.0032076 
22.2222 0.000989737 0.00129744 0.00280679 -0.00250758 0.00408817 -0.00344807 0.00526881 
22.2222 0.0010425 0.00266035 0.0207755 -0.00953405 0.0106084 -0.00344807 0.00526881 
22.3794 0.0123306 0.0152542 0.0154591 -0.078516 0.0344516 -0.0118586 0.00946414 
22.714 0.0380489 0.0401168 0.0245677 -0.223668 0.0874193 -0.020831 0.0261996 
23.1481 0.0466868 0.0473676 0.0704618 -0.26922 0.100856 -0.0230747 0.0537353 
23.5823 0.0369966 0.0372207 0.148427 -0.212444 0.0740249 -0.0205409 0.0804684 
23.9169 0.0247095 0.0247473 0.217283 -0.141568 0.0429033 -0.0167869 0.0979285 
24.0741 0.0189246 0.0190274 0.248846 -0.108636 0.0287538 -0.014691 0.10481 
24.0741 0.0189246 0.0189627 0.248451 -0.108451 0.0285519 -0.014691 0.10481 
24.2313 0.0135152 0.0135362 0.276976 -0.0774337 0.0151448 -0.0124151 0.110735 
24.5659 0.00447947 0.00448401 0.32409 -0.0256577 -0.00716872 -0.00714747 0.119863 
25 2.18804e-06 2.18871e-06 0.347294 -1.25283e-05 -0.0181973 0.000157967 0.124104 
25.4341 0.00486882 0.00487367 0.322066 -0.0278876 -0.00621178 0.00745163 0.119487 
25.7687 0.0141296 0.0141515 0.273758 -0.0809539 0.0166574 0.0126942 0.110087 
25.9259 0.019607 0.0196465 0.244853 -0.112362 0.030234 0.0149536 0.104043 
25.9259 0.019607 0.0197137 0.245254 -0.112554 0.0304403 0.0149536 0.104043 
26.0831 0.0254289 0.025468 0.213441 -0.145691 0.0446795 0.0170295 0.0970516 
26.4177 0.0376838 0.0379144 0.144552 -0.216396 0.0757396 0.0207308 0.0793887 
26.8519 0.0470512 0.0477481 0.0674395 -0.271353 0.101821 0.0231646 0.0524801 
27.286 0.0377649 0.0398661 0.022891 -0.222135 0.0868506 0.0207531 0.0249191 
27.6206 0.0116619 0.0145684 0.014537 -0.0746211 0.0328454 0.0115325 0.00834244 
27.7778 0.000753343 0.00222 0.0201488 -0.00740361 0.00968066 0.00293113 0.00431441 
27.7778 0.00079245 0.00101779 0.00219186 -0.00210252 0.00328731 0.00293113 0.00431441 
28.0136 0.000304706 0.000382915 0.000827065 -0.000799683 0.00124773 0.00181757 0.00259135 
28.5155 3.65855e-05 4.30954e-05 9.63267e-05 -9.296e-05 0.000145144 0.000629802 0.000858151 
29.1667 2.17857e-06 2.54085e-06 5.47074e-06 -5.5081e-06 8.47705e-06 0.000153687 0.000198335 
29.8178 1.07085e-07 1.04263e-07 2.87209e-07 -2.47375e-07 4.04766e-07 3.40733e-05 4.45073e-05 
30.3198 1.3486e-08 2.17605e-08 2.67514e-08 -4.01052e-08 5.50185e-08 1.20918e-05 1.42554e-05 
30.5556 3.79842e-09 2.25499e-11 1.83868e-08 6.85173e-10 1.56196e-08 6.41728e-06 8.01074e-06 
30.5556 3.79842e-09 4.07708e-09 9.31119e-09 -9.21302e-09 1.42636e-08 6.41728e-06 8.01074e-06 
30.7914 1.29152e-09 1.40432e-09 3.19825e-09 -3.15289e-09 4.89508e-09 3.74196e-06 4.63e-06 
31.2933 1.2547e-10 1.31788e-10 3.07912e-10 -3.01046e-10 4.68534e-10 1.16632e-06 1.43758e-06 
31.9444 6.36547e-12 7.07414e-12 1.51818e-11 -1.57101e-11 2.39969e-11 2.62703e-07 3.10224e-07 
32.5956 2.44205e-13 1.8859e-13 6.48995e-13 -5.02415e-13 8.63329e-13 5.14549e-08 6.67985e-08 
33.0975 3.74338e-14 8.59767e-14 6.70287e-14 -1.32815e-13 1.78468e-13 2.01457e-08 2.03604e-08 
33.3333 7.11759e-15 2.39391e-14 4.6621e-14 3.05595e-14 6.46871e-14 8.78448e-09 1.07018e-08 
33.3333 7.47764e-15 7.88984e-15 1.80696e-14 -1.84748e-14 2.80242e-14 8.78448e-09 1.07018e-08 
33.5691 2.49019e-15 2.67067e-15 6.0973e-15 -6.20284e-15 9.43984e-15 5.06932e-09 6.13105e-09 
34.071 2.3197e-16 2.40546e-16 5.63654e-16 -5.68171e-16 8.67003e-16 1.54721e-09 1.87162e-09 
34.7222 1.13011e-17 1.25382e-17 2.67392e-17 -2.86313e-17 4.28226e-17 3.41502e-10 3.95513e-10 
35.3734 4.02152e-19 2.90919e-19 1.083e-18 -8.22709e-19 1.41988e-18 6.44213e-11 8.41003e-11 
35.8753 6.54804e-20 1.59853e-19 1.13534e-19 -2.46082e-19 3.22868e-19 2.5995e-11 2.59081e-11 
36.1111 1.27207e-20 6.40352e-20 7.8055e-20 6.86482e-20 1.37268e-19 1.14575e-11 1.38266e-11 
36.1111 1.27207e-20 1.32909e-20 3.05433e-20 -3.1275e-20 4.74242e-20 1.14575e-11 1.38266e-11 
36.3469 4.20822e-21 4.47506e-21 1.02504e-20 -1.04379e-20 1.58825e-20 6.58997e-12 7.9012e-12 
36.8488 3.87094e-22 3.98318e-22 9.36182e-22 -9.4447e-22 1.44101e-21 1.99868e-12 2.40105e-12 
37.5 1.86632e-23 2.06293e-23 4.39581e-23 -4.71954e-23 7.05298e-23 4.38861e-13 5.04579e-13 
38.1512 6.53792e-25 4.63573e-25 1.74534e-24 -1.32417e-24 2.28849e-24 8.21398e-14 1.06626e-13 
38.6531 1.0676e-25 2.72672e-25 1.83562e-25 -4.10383e-25 5.39833e-25 3.31924e-14 3.19845e-14 
38.8889 1.85459e-26 1.1986e-25 1.27464e-25 1.13403e-25 2.39699e-25 1.38343e-14 1.65228e-14 
38.8889 1.94607e-26 2.05038e-26 4.94189e-26 -4.93277e-26 7.51336e-26 1.38343e-14 1.65228e-14 
39.1247 5.95806e-27 6.68469e-27 1.55811e-26 -1.55843e-26 2.37348e-26 7.65475e-15 9.38907e-15 
39.6266 5.26515e-28 5.67346e-28 1.34367e-27 -1.34966e-27 2.04252e-27 2.27554e-15 2.91077e-15 
40.2778 4.24584e-29 3.66435e-29 5.64453e-29 -9.74033e-29 1.21959e-28 6.4619e-16 6.36306e-16 
40.929 2.65485e-30 1.40505e-31 1.29274e-29 -1.50821e-30 1.14682e-29 1.61584e-16 1.34535e-16 
41.4309 3.90627e-30 6.31808e-31 1.7271e-31 3.87943e-30 4.91597e-30 -1.96002e-16 1.14862e-16 
41.6667 1.34921e-29 5.64776e-30 1.88279e-28 -2.15562e-29 1.4646e-28 3.64265e-16 1.30145e-17 
41.6667 1.34921e-29 8.73939e-30 6.22399e-30 -2.68147e-29 2.86854e-29 3.64265e-16 1.30145e-17 
41.9025 4.26367e-30 8.36759e-32 1.02585e-30 1.47498e-30 5.32099e-30 2.04772e-16 -5.48869e-17 
42.4044 1.66347e-31 2.9215e-31 9.20878e-31 5.44383e-31 1.1018e-30 4.0447e-17 5.68179e-17 
43.0556 1.39846e-32 1.79585e-31 5.98823e-32 1.23753e-31 2.51716e-31 -1.17275e-17 3.51585e-17 
43.7067 1.75287e-32 5.13039e-34 7.03453e-33 -7.40532e-33 2.40535e-32 1.31297e-17 0 
44.2087 2.94909e-32 4.15375e-31 1.03114e-31 -2.73312e-31 5.68602e-31 1.70303e-17 -3.63708e-17 
44.4445 1.19026e-31 6.65264e-31 1.23504e-30 -6.94882e-31 1.65474e-30 3.42136e-17 -8.67756e-17 
44.4445 1.24754e-31 8.42704e-30 3.81827e-30 2.59774e-30 1.23967e-29 3.42136e-17 -8.67756e-17 
44.6803 2.22447e-31 1.86846e-30 4.81398e-33 -1.63337e-30 2.38712e-30 -4.56861e-17 5.1507e-17 
45.1822 1.92641e-30 1.26996e-30 1.82956e-31 -3.96277e-30 3.66535e-30 1.34445e-16 3.34318e-17 
45.8333 2.5607e-32 2.84452e-32 4.62882e-31 -6.83777e-32 2.8731e-31 -1.55007e-17 -9.89911e-17 
46.4845 2.68834e-31 4.17888e-31 2.70589e-30 -8.49184e-31 2.57595e-30 -5.02241e-17 3.44604e-17 
46.9864 1.30927e-29 4.07902e-31 5.2477e-32 -5.85495e-30 1.46423e-29 3.50498e-16 1.712e-17 
47.2222 6.74311e-31 7.04584e-31 6.81294e-29 1.74633e-30 4.71489e-29 7.95428e-17 8.30283e-18 
47.2222 6.74311e-31 7.50266e-30 4.47067e-33 -5.6986e-30 9.42882e-30 7.95428e-17 8.30283e-18 
47.458 1.61733e-31 1.1385e-30 2.19764e-32 -1.08717e-30 1.40238e-30 3.89556e-17 -1.12235e-16 
47.9599 4.98365e-30 1.00703e-30 4.705e-31 -5.67576e-30 6.8054e-30 -2.16244e-16 -8.27344e-17 
48.6111 1.24117e-29 8.04475e-34 1.14916e-31 -2.53165e-31 1.34657e-29 -3.41261e-16 3.99712e-17 
49.2623 3.37225e-29 1.9657e-32 5.50421e-30 2.06276e-30 4.01169e-29 -5.6251e-16 -1.43371e-17 
49.7642 1.0701e-28 1.48552e-31 5.07234e-31 -1.01014e-29 1.16048e-28 -1.00204e-15 2.737e-17 
50 6.15319e-29 1.99651e-30 5.57087e-29 2.80812e-29 1.06043e-28 -7.59838e-16 8.36253e-18 
50 6.44233e-29 2.05721e-29 3.91294e-28 9.45691e-29 3.5704e-28 -7.59838e-16 8.36253e-18 
50.0726 3.01351e-29 6.38746e-31 7.33642e-30 -1.13969e-29 3.8462e-29 -5.1968e-16 -1.17562e-17 
50.2439 2.97343e-29 2.53395e-31 1.98108e-30 7.13043e-30 3.39788e-29 -5.16212e-16 5.80464e-18 
50.5144 2.11799e-30 4.93228e-32 1.98963e-29 8.39603e-31 1.57262e-29 -1.37772e-16 -3.15581e-17 
50.8858 5.32147e-33 1.22178e-31 4.82553e-31 -6.62371e-32 4.39366e-31 6.90582e-18 -6.23447e-17 
51.3605 1.28027e-30 9.72552e-31 3.86586e-31 -2.89865e-30 2.78405e-30 -1.07115e-16 -1.05806e-17 
51.9419 5.01965e-31 7.17008e-31 7.20194e-32 -1.55843e-30 1.42831e-30 6.70712e-17 1.05071e-17 
52.6341 2.43977e-32 5.73007e-31 3.92079e-33 -3.07145e-31 6.75565e-31 -1.47868e-17 -4.93394e-17 
53.4425 5.42657e-34 1.50143e-33 3.7875e-31 2.34479e-33 1.38252e-31 -2.20527e-18 1.18242e-16 
54.374 5.43913e-32 1.68464e-31 8.60618e-33 -2.4866e-31 2.50782e-31 2.20782e-17 -3.48278e-17 
55.437 5.08702e-32 3.87071e-32 1.21286e-35 -1.1527e-31 1.00199e-31 -2.13516e-17 5.06758e-18 
56.6426 4.78785e-34 1.18368e-32 5.49745e-32 -6.18408e-33 4.38431e-32 2.07143e-18 -2.95421e-17 
58.0049 1.29742e-33 2.13078e-32 2.02966e-32 -1.36584e-32 3.60842e-32 -3.40989e-18 2.10877e-17 
59.5425 8.58867e-33 1.9225e-32 1.16522e-32 -3.33799e-32 3.74054e-32 8.77329e-18 -1.59214e-17 
61.281 4.92163e-33 1.10839e-32 2.31149e-33 -1.91862e-32 1.93765e-32 -6.64132e-18 7.15936e-18 
63.2565 1.32856e-32 8.19332e-33 1.40468e-32 -2.71025e-32 3.16699e-32 1.09116e-17 -1.44197e-17 
65.5234 2.47048e-33 7.20959e-33 2.67312e-33 -1.09631e-32 1.26412e-32 -4.70533e-18 5.27652e-18 
68.1715 6.446e-33 4.06182e-33 1.78616e-33 -1.32921e-32 1.28137e-32 7.60055e-18 -3.89655e-18 
71.3723 7.54098e-34 1.96996e-33 2.90891e-34 -3.16615e-33 3.30586e-33 -2.59964e-18 6.33734e-19 
75.5649 5.84201e-34 8.96174e-34 1.14274e-33 -1.8796e-33 2.359e-33 2.28813e-18 -3.21919e-18 
