0 1.6368e-05 1.8143e-06 4.43036e-12 -1.10102e-05 7.04868e-06 0.00360084 -0.00495644 
0.4716 7.5441e-06 3.75485e-07 1.86961e-06 -3.4005e-06 -1.5416e-06 0.00244461 -0.00518851 
1.47542 1.23222e-06 3.75675e-08 9.70034e-06 4.34703e-07 -2.4153e-06 0.000987982 -0.00525974 
2.77778 1.6598e-07 8.86401e-08 1.71444e-05 2.45068e-07 2.2868e-06 0.000362604 -0.00505197 
4.08014 3.60791e-07 3.31052e-08 2.27707e-05 -2.2081e-07 6.22639e-06 0.000534606 -0.0049884 
5.08396 1.32728e-06 6.83543e-07 2.91649e-05 -1.92446e-06 1.09637e-05 0.00102538 -0.0052392 
5.55556 2.31165e-06 1.45666e-06 3.37693e-05 -3.70753e-06 1.4678e-05 0.00135322 -0.00548489 
5.55556 2.44572e-06 1.39697e-06 2.99841e-05 -3.85312e-06 1.24737e-05 0.00135322 -0.00548489 
6.02716 3.40254e-06 2.38537e-06 3.60104e-05 -5.93877e-06 1.70255e-05 0.00159612 -0.00580511 
7.03098 7.42483e-06 6.47635e-06 5.46304e-05 -1.44552e-05 3.25951e-05 0.0023578 -0.00681819 
8.33333 1.99776e-05 1.91726e-05 0.00010172 -4.07971e-05 7.56495e-05 0.00386755 -0.00903609 
9.63569 5.01438e-05 4.95314e-05 0.000205595 -0.000103888 0.000174648 0.00612735 -0.0127002 
10.6395 9.84332e-05 9.80322e-05 0.000367346 -0.000204773 0.000331004 0.00858489 -0.0169167 
11.1111 0.000134186 0.000133903 0.000486155 -0.000279425 0.000446305 0.0100235 -0.0194444 
11.1111 0.000141746 0.000126519 0.000433252 -0.000287748 0.000415681 0.0100235 -0.0194444 
11.5827 0.000176144 0.000166746 0.000595015 -0.000368247 0.000555861 0.0111736 -0.0222098 
12.5865 0.00030519 0.000313361 0.00111514 -0.000664486 0.0010375 0.0147078 -0.0296159 
13.8889 0.000659841 0.000718358 0.00243124 -0.00147934 0.00230289 0.0216262 -0.0435275 
15.1912 0.00141031 0.00160508 0.00521755 -0.00323284 0.00497705 0.0316169 -0.064464 
16.1951 0.00246043 0.00290744 0.00927524 -0.00574697 0.00878711 0.0417606 -0.0872741 
16.6667 0.00315775 0.00380985 0.0120849 -0.00745281 0.0113674 0.0473097 -0.100527 
16.6667 0.00333073 0.00359417 0.010809 -0.00765634 0.0105715 0.0473097 -0.100527 
17.1383 0.0038634 0.00452687 0.0144475 -0.00925414 0.0134112 0.0509524 -0.114713 
18.1421 0.00553548 0.00760049 0.0248419 -0.0143533 0.0217723 0.0609899 -0.151246 
19.4444 0.00817001 0.0140617 0.0446748 -0.0237182 0.0362862 0.0740954 -0.214518 
20.7468 0.00849317 0.0221967 0.0683594 -0.030383 0.0463515 0.0755466 -0.297476 
21.7506 0.00405597 0.0254358 0.0771157 -0.0224762 0.0343398 0.0522068 -0.371626 
22.2222 0.00107425 0.0240721 0.0726159 -0.0112528 0.0175274 0.0268679 -0.406928 
22.2222 0.00113152 0.0270779 0.540409 -0.031689 0.148757 0.0268679 -0.406928 
22.6938 0.0463431 0.098988 0.310134 -0.387752 0.180862 0.171947 -0.460968 
23.6976 0.0708229 0.0996304 0.0816671 -0.480898 0.0685938 0.212564 -0.622246 
25 0.00846592 0.00773896 0.0259492 -0.0463392 -0.148554 -0.0734919 -0.702827 
26.3024 0.16444 0.19831 0.0779625 -1.03382 0.304099 -0.323896 -0.526021 
27.3062 0.0810624 0.13657 0.277431 -0.602362 0.283088 -0.227411 -0.321607 
27.7778 0.00553862 0.0353559 0.467334 -0.0801128 0.173103 -0.0594433 -0.259186 
27.7778 0.00582613 0.0208502 0.0507224 -0.025803 0.0391746 -0.0594433 -0.259186 
28.2494 0.0068742 0.0185367 0.0456611 -0.0264273 0.0392787 -0.064569 -0.229365 
29.2532 0.0066661 0.0128582 0.0320224 -0.0216746 0.0315688 -0.0635842 -0.172832 
30.5556 0.00442342 0.00688761 0.0170626 -0.0129223 0.0185844 -0.0517955 -0.115428 
31.8579 0.00235625 0.003331 0.008158 -0.00655879 0.00944246 -0.0378028 -0.0744836 
32.8617 0.00126821 0.0017804 0.00449174 -0.00351788 0.00523253 -0.0277338 -0.0520308 
33.3333 0.00089142 0.00129294 0.00343164 -0.00251337 0.00390279 -0.0232517 -0.0437474 
33.3333 0.000936514 0.00121502 0.00309321 -0.00256575 0.00366299 -0.0232517 -0.0437474 
33.8049 0.000705756 0.000893699 0.00227504 -0.00191024 0.00272238 -0.0201848 -0.0370538 
34.8088 0.00037609 0.000457234 0.00115918 -0.000997424 0.00141596 -0.0147348 -0.0258462 
36.1111 0.000158989 0.000186752 0.00046668 -0.000414458 0.000585099 -0.00958033 -0.0159774 
37.4135 6.38641e-05 7.44659e-05 0.000183075 -0.000165871 0.000234423 -0.00607191 -0.0097046 
38.4173 2.95274e-05 3.55577e-05 8.95867e-05 -7.7937e-05 0.000113331 -0.00412867 -0.00651861 
38.8889 1.95967e-05 2.45968e-05 6.5221e-05 -5.28075e-05 7.98886e-05 -0.00336348 -0.00538981 
38.8889 2.05634e-05 2.32592e-05 5.89581e-05 -5.40056e-05 7.5709e-05 -0.00336348 -0.00538981 
39.3605 1.4596e-05 1.6371e-05 4.14514e-05 -3.81723e-05 5.3458e-05 -0.00283373 -0.00449548 
40.3643 6.97328e-06 7.70655e-06 1.94098e-05 -1.81026e-05 2.52811e-05 -0.00195867 -0.00304422 
41.6667 2.63007e-06 2.87513e-06 7.13544e-06 -6.79057e-06 9.43933e-06 -0.00120289 -0.00182015 
42.969 9.64504e-07 1.06219e-06 2.59348e-06 -2.49947e-06 3.47675e-06 -0.00072844 -0.00107397 
43.9728 4.21365e-07 4.82551e-07 1.20522e-06 -1.11351e-06 1.58984e-06 -0.000481472 -0.000706933 
44.4445 2.73385e-07 3.26406e-07 8.57694e-07 -7.37666e-07 1.0934e-06 -0.000387819 -0.000579249 
44.4445 2.86543e-07 3.09632e-07 7.77342e-07 -7.54654e-07 1.04084e-06 -0.000387819 -0.000579249 
44.9161 1.98276e-07 2.13322e-07 5.34878e-07 -5.21055e-07 7.18088e-07 -0.000322604 -0.000478984 
45.9199 9.0129e-08 9.62209e-08 2.40028e-07 -2.35938e-07 3.24401e-07 -0.000217504 -0.000318803 
47.2222 3.21068e-08 3.41385e-08 8.40005e-08 -8.38786e-08 1.1486e-07 -0.000129817 -0.000186761 
48.5246 1.1201e-08 1.2047e-08 2.92121e-08 -2.94305e-08 4.03308e-08 -7.66766e-05 -0.000108184 
49.5284 4.73362e-09 5.30082e-09 1.31565e-08 -1.26911e-08 1.78321e-08 -4.98461e-05 -7.0292e-05 
50 3.02935e-09 3.53276e-09 9.23145e-09 -8.28823e-09 1.20768e-08 -3.98758e-05 -5.72665e-05 
50 3.1717e-09 3.35897e-09 8.38742e-09 -8.47885e-09 1.15293e-08 -3.98758e-05 -5.72665e-05 
50.2292 2.63158e-09 2.7825e-09 6.95026e-09 -7.02933e-09 9.55795e-09 -3.63221e-05 -5.20777e-05 
50.7698 1.69267e-09 1.78335e-09 4.45783e-09 -4.51328e-09 6.13632e-09 -2.91306e-05 -4.16137e-05 
51.6235 8.40982e-10 8.81501e-10 2.20583e-09 -2.23662e-09 3.04061e-09 -2.05332e-05 -2.9178e-05 
52.7956 3.20343e-10 3.3372e-10 8.36152e-10 -8.4935e-10 1.15451e-09 -1.26728e-05 -1.78945e-05 
54.2939 9.26462e-11 9.58801e-11 2.40563e-10 -2.44831e-10 3.32749e-10 -6.81517e-06 -9.55795e-06 
56.1288 2.0105e-11 2.06711e-11 5.19346e-11 -5.29569e-11 7.19641e-11 -3.17479e-06 -4.42239e-06 
58.3136 3.22865e-12 3.29943e-12 8.30013e-12 -8.47848e-12 1.15202e-11 -1.27225e-06 -1.76103e-06 
60.8652 3.77493e-13 3.83704e-13 9.66343e-13 -9.88647e-13 1.3432e-12 -4.35028e-07 -5.98794e-07 
63.805 3.15178e-14 3.18925e-14 8.03959e-14 -8.23588e-14 1.11885e-13 -1.25702e-07 -1.72208e-07 
67.1602 1.83542e-15 1.85055e-15 4.66849e-15 -4.78747e-15 6.50342e-15 -3.03341e-08 -4.14001e-08 
70.9652 7.23927e-17 7.27887e-17 1.83735e-16 -1.88568e-16 2.56143e-16 -6.02435e-09 -8.19829e-09 
75.2647 1.86249e-18 1.86893e-18 4.71958e-18 -4.84654e-18 6.58311e-18 -9.66296e-10 -1.31222e-09 
80.1178 2.97421e-20 2.98035e-20 7.52845e-20 -7.73407e-20 1.0505e-19 -1.22109e-10 -1.65581e-10 
85.6048 2.75481e-22 2.75796e-22 6.96809e-22 -7.16025e-22 9.72547e-22 -1.17519e-11 -1.59205e-11 
91.8397 1.34355e-24 1.34461e-24 3.39697e-24 -3.49151e-24 4.74228e-24 -8.20709e-13 -1.11107e-12 
98.9945 2.98341e-27 2.9736e-27 7.55371e-27 -7.73724e-27 1.05182e-26 -3.8674e-14 -5.24968e-14 
107.352 2.32898e-30 2.65493e-30 5.57503e-30 -6.45948e-30 8.51448e-30 -1.08055e-15 -1.33319e-15 
117.454 4.08225e-35 4.88633e-33 1.94574e-32 1.16019e-33 9.14655e-33 -4.5239e-18 -1.65833e-16 
130.687 1.07659e-33 7.70804e-33 1.17222e-32 -7.48317e-33 1.21235e-32 -2.32321e-17 1.28411e-16 
