0 0.000207024 2.29652e-05 2.21265e-11 -0.000139312 7.41675e-05 -0.0145397 0.0204892 
0.4716 9.79837e-05 4.70284e-06 1.99816e-05 -4.33711e-05 -3.31395e-05 -0.0100028 0.0213647 
1.47542 1.46538e-05 1.17029e-06 0.000105355 8.36691e-06 -5.26039e-05 -0.00386829 0.0215395 
2.77778 2.33644e-07 5.31071e-06 0.000180533 2.2506e-06 4.69266e-06 -0.000488451 0.0201916 
4.08014 1.77384e-09 2.78621e-06 0.000214806 1.42039e-07 4.03891e-05 -4.256e-05 0.0187025 
5.08396 8.59449e-07 1.58407e-07 0.00023937 7.45488e-07 6.02147e-05 -0.000936815 0.0181114 
5.55556 2.68369e-06 1.48965e-07 0.000256517 -1.27747e-06 7.27548e-05 -0.00165543 0.0181075 
5.55556 2.83932e-06 1.70764e-07 0.000227758 -1.45152e-06 5.53961e-05 -0.00165543 0.0181075 
6.02716 4.57827e-06 1.24914e-06 0.00024873 -4.98509e-06 6.96466e-05 -0.0021021 0.018296 
7.03098 1.33064e-05 9.0076e-06 0.000308764 -2.28219e-05 0.000112862 -0.00358371 0.0193678 
8.33333 4.34472e-05 3.87573e-05 0.000449371 -8.55409e-05 0.000224732 -0.00647564 0.0224951 
9.63569 0.000115525 0.000110722 0.000733304 -0.000235762 0.000466283 -0.0105594 0.0281966 
10.6395 0.000225367 0.000220073 0.00113977 -0.000464242 0.000822344 -0.0147485 0.0348885 
11.1111 0.000303453 0.000297569 0.0014227 -0.000626406 0.00107276 -0.0171139 0.0388877 
11.1111 0.00032055 0.000281292 0.00126777 -0.000645215 0.000982217 -0.0171139 0.0388877 
11.5827 0.000388622 0.000363412 0.0016388 -0.000807497 0.00127197 -0.0188436 0.0432311 
12.5865 0.00062993 0.000645176 0.00274859 -0.00136982 0.00219757 -0.0239909 0.0546391 
13.8889 0.00123323 0.00135335 0.00526689 -0.0027759 0.00438066 -0.0335677 0.075284 
15.1912 0.00236734 0.00274022 0.00999992 -0.00547269 0.00846034 -0.0465082 0.104925 
16.1951 0.0037796 0.00457649 0.0162109 -0.00893649 0.0136439 -0.0587655 0.135814 
16.6667 0.00464269 0.00576358 0.0202313 -0.011115 0.0168894 -0.0651305 0.153236 
16.6667 0.00489703 0.0054291 0.0180914 -0.0114099 0.0155367 -0.0651305 0.153236 
17.1383 0.00541318 0.00656285 0.0230843 -0.0131894 0.0188322 -0.068477 0.171504 
18.1421 0.00685838 0.00998436 0.0361072 -0.0183115 0.0274187 -0.0770778 0.216901 
19.4444 0.00825176 0.0160679 0.0570798 -0.0254803 0.0384173 -0.0845457 0.290966 
20.7468 0.00596281 0.0213941 0.0750396 -0.0249933 0.0367519 -0.0718694 0.380983 
21.7506 0.000906308 0.0202446 0.0723493 -0.00947861 0.011489 -0.0280192 0.454701 
22.2222 0.000137062 0.0166499 0.0612678 0.00334285 -0.00925486 0.0108962 0.486972 
22.2222 0.000144368 0.0133572 0.456534 0.00794993 0.094947 0.0108962 0.486972 
22.6938 0.0165919 0.0516485 0.264715 -0.16759 0.0792025 -0.116812 0.528076 
23.6976 0.0261804 0.0452854 0.0709732 -0.197123 -0.0229942 -0.146733 0.648598 
25 0.0144028 0.0128924 0.0230512 -0.0780118 -0.101701 0.108834 0.689342 
26.3024 0.122352 0.148659 0.0679789 -0.772096 0.224865 0.317209 0.51595 
27.3062 0.0549818 0.0969048 0.229796 -0.417881 0.202578 0.212643 0.331926 
27.7778 0.0035052 0.0260278 0.376308 -0.0546822 0.13275 0.0536905 0.276043 
27.7778 0.00368716 0.015862 0.0408017 -0.017904 0.0265369 0.0536905 0.276043 
28.2494 0.00482423 0.0147478 0.0381597 -0.0197471 0.028765 0.0614137 0.248201 
29.2532 0.00540201 0.0111843 0.0289684 -0.0181973 0.0260905 0.0649874 0.193645 
30.5556 0.00410823 0.00668627 0.0170976 -0.01227 0.0174305 0.0566733 0.135462 
31.8579 0.00245537 0.00358883 0.00905999 -0.00694961 0.00992362 0.0438137 0.0916908 
32.8617 0.0014372 0.00207597 0.00539787 -0.00404384 0.00598443 0.0335204 0.0665556 
33.3333 0.0010539 0.00156442 0.00426727 -0.00300609 0.00464036 0.0287046 0.057002 
33.3333 0.00110721 0.00147068 0.00384712 -0.00306929 0.00434255 0.0287046 0.057002 
33.8049 0.000868767 0.00112367 0.00293514 -0.00237649 0.00335611 0.0254265 0.0491346 
34.8088 0.000503623 0.000623143 0.0016163 -0.00134745 0.00189507 0.0193592 0.0355762 
36.1111 0.000236688 0.000282286 0.000719796 -0.000621723 0.000869902 0.0132716 0.0230836 
37.4135 0.00010525 0.000124549 0.000312703 -0.000275388 0.000386597 0.00885008 0.0147258 
38.4173 5.26024e-05 6.42261e-05 0.000165506 -0.000139805 0.000202356 0.0062566 0.010285 
38.8889 3.634e-05 4.61168e-05 0.000124704 -9.84661e-05 0.000148106 0.00520029 0.00866472 
38.8889 3.81325e-05 4.36054e-05 0.000112738 -0.000100696 0.000140098 0.00520029 0.00866472 
39.3605 2.81133e-05 3.18556e-05 8.22008e-05 -7.38998e-05 0.000102693 0.00446515 0.00735682 
40.3643 1.45533e-05 1.62334e-05 4.15868e-05 -3.79559e-05 5.25803e-05 0.00321263 0.00517371 
41.6667 6.08141e-06 6.70826e-06 1.69043e-05 -1.57725e-05 2.17517e-05 0.00207674 0.00324834 
42.969 2.46374e-06 2.74029e-06 6.80186e-06 -6.41638e-06 8.87072e-06 0.00132184 0.00201356 
43.9728 1.16211e-06 1.34349e-06 3.41811e-06 -3.08556e-06 4.38644e-06 0.000907827 0.00137832 
44.4445 7.8438e-07 9.43467e-07 2.51778e-06 -2.12432e-06 3.13133e-06 0.000745836 0.00115079 
44.4445 8.22132e-07 8.94705e-07 2.28199e-06 -2.17291e-06 2.97647e-06 0.000745836 0.00115079 
44.9161 5.90476e-07 6.39571e-07 1.62824e-06 -1.55696e-06 2.13072e-06 0.000632083 0.000968766 
45.9199 2.90473e-07 3.121e-07 7.89342e-07 -7.62834e-07 1.04123e-06 0.000443328 0.000669735 
47.2222 1.145e-07 1.22557e-07 3.05403e-07 -3.00126e-07 4.08065e-07 0.00027834 0.000412082 
48.5246 4.40884e-08 4.77916e-08 1.17578e-07 -1.16297e-07 1.58522e-07 0.000172717 0.000250828 
49.5284 2.01023e-08 2.26783e-08 5.72738e-08 -5.40952e-08 7.57454e-08 0.000116626 0.000169522 
50 1.33774e-08 1.56895e-08 4.16063e-08 -3.67047e-08 5.32392e-08 9.51391e-05 0.00014075 
50 1.40061e-08 1.49101e-08 3.78015e-08 -3.75393e-08 5.07583e-08 9.51391e-05 0.00014075 
50.2392 1.17443e-08 1.24795e-08 3.16498e-08 -3.14486e-08 4.25211e-08 8.71194e-05 0.000128645 
50.8033 7.74364e-09 8.19502e-09 2.0799e-08 -2.06936e-08 2.7977e-08 7.07414e-05 0.000104025 
51.6941 3.9996e-09 4.20822e-09 1.06918e-08 -1.06573e-08 1.44065e-08 5.08405e-05 7.43152e-05 
52.9172 1.60603e-09 1.67816e-09 4.26906e-09 -4.26464e-09 5.76414e-09 3.22165e-05 4.6757e-05 
54.4807 4.9652e-10 5.15014e-10 1.3119e-09 -1.31361e-09 1.77523e-09 1.7913e-05 2.58003e-05 
56.3953 1.16824e-10 1.20302e-10 3.06853e-10 -3.07957e-10 4.16121e-10 8.68895e-06 1.24209e-05 
58.6751 2.06396e-11 2.1113e-11 5.39185e-11 -5.42268e-11 7.32639e-11 3.65218e-06 5.18462e-06 
61.3377 2.6957e-12 2.74156e-12 7.00891e-12 -7.06192e-12 9.54012e-12 1.31989e-06 1.86234e-06 
64.4054 2.55532e-13 2.58632e-13 6.61791e-13 -6.67809e-13 9.02085e-13 4.06372e-07 5.70492e-07 
67.9064 1.71928e-14 1.73353e-14 4.43891e-14 -4.48464e-14 6.05752e-14 1.05408e-07 1.47387e-07 
71.8769 7.98585e-16 8.02904e-16 2.05701e-15 -2.08008e-15 2.80949e-15 2.27176e-08 3.16691e-08 
76.3634 2.47126e-17 2.47954e-17 6.35491e-17 -6.43032e-17 8.6849e-17 3.99632e-09 5.55897e-09 
81.4276 4.861e-19 4.87052e-19 1.24861e-18 -1.26397e-18 1.70711e-18 5.60485e-10 7.78501e-10 
87.1532 5.69956e-21 5.70564e-21 1.46294e-20 -1.48136e-20 2.00067e-20 6.06907e-11 8.42189e-11 
93.6592 3.63452e-23 3.63663e-23 9.32513e-23 -9.44412e-23 1.27549e-22 4.84646e-12 6.72138e-12 
101.125 1.09778e-25 1.09697e-25 2.81576e-25 -2.85064e-25 3.85001e-25 2.66353e-13 3.69524e-13 
109.846 1.24192e-28 1.27662e-28 3.14587e-28 -3.27089e-28 4.39233e-28 8.95877e-15 1.21182e-14 
120.388 3.1812e-32 1.04744e-33 2.36052e-31 -1.49951e-32 1.08455e-31 1.43383e-16 5.3538e-16 
134.196 2.60952e-33 2.66301e-32 4.56643e-32 -2.16548e-32 3.68622e-32 4.10659e-17 -3.08379e-16 
