0 0.00201317 0.000223421 9.44476e-11 -0.00135502 0.00060234 -0.0508081 0.072921 
0.4716 0.000979417 4.65471e-05 0.000167896 -0.000431393 -0.000422949 -0.0354387 0.0758101 
1.47542 0.000144034 1.63918e-05 0.000903147 9.81725e-05 -0.000673836 -0.0135902 0.0762496 
2.77778 2.84461e-08 9.3309e-05 0.00153769 -3.29167e-06 -0.0001015 0.000190987 0.0706863 
4.08014 1.47267e-05 9.69258e-05 0.00172304 -7.63337e-05 0.000273948 0.00434557 0.0631626 
5.08396 9.57347e-06 6.03197e-05 0.00175304 -4.85521e-05 0.000397079 0.00350371 0.0580231 
5.55556 3.7109e-06 3.9677e-05 0.00177631 -2.45162e-05 0.0004363 0.00218139 0.0561165 
5.55556 3.92611e-06 3.58268e-05 0.00157715 -2.4723e-05 0.000310808 0.00218139 0.0561165 
6.02716 2.16663e-06 2.25253e-05 0.00159826 -1.45628e-05 0.000345539 0.00162048 0.0547018 
7.03098 5.28605e-07 2.04056e-06 0.00166312 2.16499e-06 0.000408548 -0.000800419 0.0529365 
8.33333 2.81284e-05 1.59891e-05 0.00188223 -4.4208e-05 0.000566785 -0.00583881 0.0537967 
9.63569 0.000133976 0.000114218 0.00240154 -0.000257868 0.000959019 -0.0127428 0.05904 
10.6395 0.000313294 0.000286691 0.00315701 -0.00062474 0.00155896 -0.0194862 0.0667105 
11.1111 0.000443072 0.000411415 0.00367495 -0.000890008 0.00197989 -0.0231734 0.0715923 
11.1111 0.000468036 0.00038954 0.00327458 -0.000917473 0.00174244 -0.0231734 0.0715923 
11.5827 0.000572218 0.000517481 0.00393547 -0.00116925 0.00221263 -0.025623 0.077012 
12.5865 0.000925343 0.000940147 0.00579784 -0.00200414 0.0036195 -0.0325837 0.0914492 
13.8889 0.00174815 0.00193603 0.00967236 -0.00395296 0.00665611 -0.0447856 0.11759 
15.1912 0.00315628 0.00372815 0.0162923 -0.00737076 0.0117841 -0.0601779 0.154441 
16.1951 0.00474286 0.00591001 0.0242722 -0.0113761 0.0176867 -0.0737683 0.191858 
16.6667 0.00564123 0.00724034 0.0291564 -0.0137323 0.0211277 -0.0804519 0.212547 
16.6667 0.00595027 0.00681152 0.0260692 -0.0140878 0.0191581 -0.0804519 0.212547 
17.1383 0.00632147 0.00798464 0.0319226 -0.0157213 0.0223585 -0.0829234 0.233916 
18.1421 0.00719933 0.0112485 0.0459895 -0.0199134 0.0296043 -0.088494 0.285597 
19.4444 0.00709443 0.0161112 0.0651372 -0.0236578 0.0350354 -0.087847 0.365941 
20.7468 0.0032016 0.018367 0.0751384 -0.0169689 0.0227587 -0.0590135 0.457351 
21.7506 2.67823e-05 0.0142194 0.0627746 0.00136558 -0.00894237 0.00539749 0.526121 
22.2222 0.00298663 0.00983496 0.047842 0.011993 -0.0281476 0.0569979 0.553508 
22.2222 0.00314584 0.0040832 0.356913 0.0205182 0.0499091 0.0569979 0.553508 
22.6938 0.00215704 0.0197201 0.209802 -0.0373383 0.0121116 -0.0471976 0.579588 
23.6976 0.00388293 0.0127483 0.0597748 -0.0402788 -0.0650452 -0.0633243 0.654757 
25 0.0222943 0.0196455 0.0217363 -0.119812 -0.0521468 0.151736 0.651694 
26.3024 0.0913658 0.110017 0.0579013 -0.573973 0.170148 0.307172 0.481162 
27.3062 0.0368721 0.066088 0.177146 -0.282605 0.141231 0.195137 0.318672 
27.7778 0.00235585 0.0181991 0.279805 -0.037486 0.096046 0.0493246 0.270022 
27.7778 0.00247814 0.0111739 0.0303085 -0.0123194 0.0176389 0.0493246 0.270022 
28.2494 0.00333563 0.0106153 0.028762 -0.013931 0.0198007 0.0572256 0.245302 
29.2532 0.00397137 0.0084757 0.0227603 -0.0135826 0.0191644 0.0624411 0.195992 
30.5556 0.00326846 0.00544919 0.014346 -0.00988015 0.0138804 0.0566464 0.141763 
31.8579 0.00210975 0.00314983 0.00817413 -0.0060351 0.00855827 0.045511 0.0994436 
32.8617 0.00131189 0.0019317 0.00515892 -0.00372687 0.00549065 0.035888 0.0743184 
33.3333 0.000993077 0.00149732 0.00418276 -0.00285479 0.00438302 0.0312243 0.0645539 
33.3333 0.00104331 0.00140784 0.0037713 -0.00291507 0.00409138 0.0312243 0.0645539 
33.8049 0.000843542 0.00110714 0.00295743 -0.00232444 0.00325638 0.0280762 0.0563966 
34.8088 0.000520972 0.000652978 0.00172743 -0.00140288 0.00195734 0.0220644 0.0420255 
36.1111 0.000265418 0.000320383 0.000831455 -0.000701397 0.000974247 0.0157489 0.0283143 
37.4135 0.000127645 0.000152905 0.000391068 -0.000336029 0.000469284 0.0109216 0.0187705 
38.4173 6.78095e-05 8.37482e-05 0.000220026 -0.000181258 0.000261397 0.00796032 0.0135187 
38.8889 4.836e-05 6.19322e-05 0.000170281 -0.000131633 0.000197048 0.00672246 0.0115579 
38.8889 5.07454e-05 5.85553e-05 0.000153947 -0.000134609 0.000186094 0.00672246 0.0115579 
39.3605 3.8543e-05 4.40511e-05 0.000115499 -0.000101753 0.000140483 0.00585872 0.00995159 
40.3643 2.12512e-05 2.38969e-05 6.20985e-05 -5.56488e-05 7.65761e-05 0.00435032 0.00720988 
41.6667 9.62575e-06 1.07052e-05 2.7329e-05 -2.50673e-05 3.43519e-05 0.00292784 0.00470506 
42.969 4.2182e-06 4.73405e-06 1.19203e-05 -1.1035e-05 1.51857e-05 0.00193818 0.00303303 
43.9728 2.11496e-06 2.46596e-06 6.37274e-06 -5.63946e-06 7.99053e-06 0.0013724 0.00214183 
44.4445 1.47353e-06 1.7841e-06 4.82363e-06 -4.00389e-06 5.87553e-06 0.00114554 0.00181512 
44.4445 1.54445e-06 1.6916e-06 4.37197e-06 -4.09511e-06 5.57808e-06 0.00114554 0.00181512 
44.9161 1.14261e-06 1.24528e-06 3.21071e-06 -3.02213e-06 4.11213e-06 0.000985304 0.00154987 
45.9199 5.98499e-07 6.46946e-07 1.65509e-06 -1.57651e-06 2.13917e-06 0.000713106 0.00110426 
47.2222 2.55659e-07 2.75401e-07 6.93766e-07 -6.7227e-07 9.08997e-07 0.000466071 0.000706536 
48.5246 1.06465e-07 1.16256e-07 2.89727e-07 -2.81865e-07 3.82737e-07 0.000300763 0.000447445 
49.5284 5.15881e-08 5.85973e-08 1.50233e-07 -1.39298e-07 1.94579e-07 0.000209362 0.000312101 
50 3.54287e-08 4.17632e-08 1.1219e-07 -9.74552e-08 1.40873e-07 0.0001735 0.000263087 
50 3.70935e-08 3.96781e-08 1.01929e-07 -9.96582e-08 1.34161e-07 0.0001735 0.000263087 
50.2496 3.1351e-08 3.34673e-08 8.60022e-08 -8.41442e-08 1.13271e-07 0.000159506 0.000241362 
50.8382 2.10588e-08 2.23788e-08 5.75495e-08 -5.63928e-08 7.59066e-08 0.000130728 0.000196898 
51.7678 1.11971e-08 1.18226e-08 3.04346e-08 -2.98881e-08 4.02253e-08 9.53245e-05 0.000142625 
53.0441 4.67655e-09 4.90029e-09 1.26302e-08 -1.24355e-08 1.6734e-08 6.16047e-05 9.14493e-05 
54.6755 1.51931e-09 1.57921e-09 4.07562e-09 -4.02376e-09 5.41382e-09 3.51135e-05 5.16895e-05 
56.6735 3.79563e-10 3.91435e-10 1.01151e-09 -1.00129e-09 1.34701e-09 1.75506e-05 2.56246e-05 
59.0524 7.19651e-11 7.36846e-11 1.90631e-10 -1.89164e-10 2.54445e-10 7.64209e-06 1.10741e-05 
61.8307 1.02e-11 1.03791e-11 2.68792e-11 -2.67282e-11 3.59485e-11 2.87708e-06 4.14202e-06 
65.0318 1.06178e-12 1.07494e-12 2.78613e-12 -2.77522e-12 3.73227e-12 9.28259e-07 1.32922e-06 
68.6851 7.94614e-14 8.01262e-14 2.07815e-13 -2.07278e-13 2.78741e-13 2.53939e-07 3.62101e-07 
72.8283 4.16323e-15 4.18566e-15 1.08612e-14 -1.08439e-14 1.45819e-14 5.81254e-08 8.26239e-08 
77.5099 1.47594e-16 1.4808e-16 3.84377e-16 -3.84035e-16 5.16398e-16 1.09442e-08 1.55225e-08 
82.7943 3.38465e-18 3.39104e-18 8.80429e-18 -8.80058e-18 1.18336e-17 1.65732e-09 2.34715e-09 
88.7689 4.72055e-20 4.72533e-20 1.22703e-19 -1.22688e-19 1.64968e-19 1.95725e-10 2.76935e-10 
95.5579 3.66678e-22 3.66869e-22 9.52714e-22 -9.52765e-22 1.28109e-21 1.72502e-11 2.43939e-11 
103.348 1.38856e-24 1.3883e-24 3.6074e-24 -3.60673e-24 4.84989e-24 1.06153e-12 1.50119e-12 
112.449 2.05767e-27 2.07819e-27 5.29621e-27 -5.37179e-27 7.19658e-27 4.08638e-14 5.71106e-14 
123.449 6.73358e-31 3.54459e-31 3.34842e-30 -1.2691e-30 2.53314e-30 7.3922e-16 1.81117e-15 
137.858 1.68332e-32 1.03071e-31 1.9557e-31 -1.08203e-31 1.65827e-31 1.16879e-16 -6.53341e-16 
