0 0.0144644 0.00160568 3.32819e-10 -0.00973695 0.00372026 0.148725 -0.216104 
0.4716 0.00724153 0.000348894 0.00106625 -0.00321148 -0.00348825 0.105233 -0.22417 
1.47542 0.00110933 0.000130305 0.00586553 0.000768166 -0.0056584 0.0411876 -0.225428 
2.77778 4.49995e-06 0.000868415 0.010096 -0.000126302 -0.00149039 -0.00262325 -0.208512 
4.08014 0.000251086 0.0011308 0.0110839 -0.00107658 0.00164718 -0.019595 -0.183546 
5.08396 0.000293352 0.000964818 0.0107792 -0.00107488 0.00268882 -0.0211802 -0.164141 
5.55556 0.000243998 0.000818002 0.0105835 -0.000902639 0.00290926 -0.0193165 -0.155803 
5.55556 0.000258149 0.000750173 0.00939691 -0.000917344 0.00213123 -0.0193165 -0.155803 
6.02716 0.000258079 0.000647791 0.0090963 -0.000852334 0.0022718 -0.0193139 -0.148626 
7.03098 0.000185238 0.000399366 0.00838935 -0.00056698 0.00224779 -0.0163628 -0.135437 
8.33333 4.94513e-05 0.000122589 0.00773961 -0.000162305 0.00203194 -0.00845439 -0.123704 
9.63569 4.92731e-06 4.46148e-07 0.00776036 3.09073e-06 0.00209627 0.00266869 -0.119217 
10.6395 0.000121543 7.13098e-05 0.00845043 -0.000194069 0.002609 0.0132543 -0.121409 
11.1111 0.000247471 0.000172615 0.00904795 -0.000430842 0.00306453 0.0189128 -0.124329 
11.1111 0.000261414 0.000164979 0.00806195 -0.000446229 0.00246732 0.0189128 -0.124329 
11.5827 0.000365079 0.000283239 0.0088423 -0.000690952 0.00299237 0.0223504 -0.128236 
12.5865 0.000722489 0.000706983 0.0110063 -0.00153567 0.00450875 0.0314417 -0.140351 
13.8889 0.00155488 0.00173823 0.0153638 -0.00353248 0.00765291 0.0461253 -0.165065 
15.1912 0.00291915 0.00354202 0.0224202 -0.00690926 0.0126528 0.0632003 -0.201777 
16.1951 0.00435334 0.00562531 0.0304438 -0.0106332 0.0180022 0.0771796 -0.23949 
16.6667 0.00511691 0.00684226 0.0351541 -0.012714 0.0209404 0.0836748 -0.260294 
16.6667 0.00539722 0.00642905 0.0314295 -0.013035 0.0185551 0.0836748 -0.260294 
17.1383 0.00557523 0.00742597 0.036907 -0.0142384 0.021037 0.0850434 -0.281652 
18.1421 0.00583048 0.00998693 0.049085 -0.0168858 0.0256881 0.0869684 -0.332535 
19.4444 0.00471473 0.0131181 0.0628864 -0.0174027 0.0256093 0.0782056 -0.409081 
20.7468 0.00102474 0.0130331 0.0646057 -0.00808693 0.00814767 0.03646 -0.491612 
21.7506 0.0013091 0.00812297 0.0473216 0.007216 -0.0207085 -0.0412094 -0.548799 
22.2222 0.00766614 0.00445431 0.0324752 0.012931 -0.0337503 -0.0997236 -0.569156 
22.2222 0.00807481 0.000233759 0.242515 0.0078654 0.0193156 -0.0997236 -0.569156 
22.6938 0.000506858 0.00371678 0.144908 0.00785773 -0.0175219 -0.0249848 -0.579671 
23.6976 0.000446463 0.000651893 0.0449215 0.00308853 -0.0607665 -0.023449 -0.609551 
25 0.0284793 0.024847 0.0189694 -0.15229 -0.0065352 -0.187282 -0.567021 
26.3024 0.0653076 0.0766291 0.0443995 -0.404994 0.125345 -0.283605 -0.406727 
27.3062 0.023795 0.0416619 0.120008 -0.180253 0.0922622 -0.171188 -0.270778 
27.7778 0.00173941 0.0117061 0.181782 -0.0258332 0.0627833 -0.0462842 -0.230874 
27.7778 0.0018297 0.00697061 0.0196727 -0.00836088 0.0116494 -0.0462842 -0.230874 
28.2494 0.00227999 0.00658415 0.0184678 -0.00907073 0.0126467 -0.0516665 -0.210753 
29.2532 0.00257695 0.00529903 0.0146243 -0.00865122 0.0120562 -0.0549282 -0.170617 
30.5556 0.00213265 0.00351713 0.00946904 -0.0064118 0.00893345 -0.0499692 -0.126038 
31.8579 0.00142143 0.00212139 0.00562447 -0.00406536 0.0057359 -0.0407948 -0.0905886 
32.8617 0.000914942 0.00135093 0.00368249 -0.00260279 0.00382054 -0.0327295 -0.0691117 
33.3333 0.000706996 0.00106747 0.0030357 -0.00203382 0.00310752 -0.0287707 -0.0606419 
33.3333 0.00074276 0.00100396 0.00273724 -0.00207705 0.00289663 -0.0287707 -0.0606419 
33.8049 0.000611989 0.000805268 0.00218683 -0.00168852 0.00235061 -0.0261155 -0.0534958 
34.8088 0.000394092 0.000495905 0.00133091 -0.00106332 0.00147452 -0.0209568 -0.0407115 
36.1111 0.00021229 0.000257702 0.000677528 -0.000562586 0.000777294 -0.0153813 -0.0282078 
37.4135 0.00010799 0.000130289 0.000337919 -0.000285306 0.000397046 -0.0109703 -0.0192503 
38.4173 6.0024e-05 7.46553e-05 0.000198978 -0.000161012 0.000231602 -0.00817879 -0.0141917 
38.8889 4.38546e-05 5.64563e-05 0.000157099 -0.000119682 0.000178487 -0.00699091 -0.0122701 
38.8889 4.60178e-05 5.33769e-05 0.000142033 -0.000122386 0.000168374 -0.00699091 -0.0122701 
39.3605 3.57363e-05 4.10567e-05 0.000108877 -9.4589e-05 0.000129948 -0.00616065 -0.0106782 
40.3643 2.06579e-05 2.33557e-05 6.13035e-05 -5.42417e-05 7.4266e-05 -0.00468397 -0.00791454 
41.6667 9.94447e-06 1.11272e-05 2.86711e-05 -2.59763e-05 3.54364e-05 -0.00324984 -0.00532088 
42.969 4.62654e-06 5.22904e-06 1.33079e-05 -1.2146e-05 1.6664e-05 -0.00221666 -0.00353573 
43.9728 2.43199e-06 2.85454e-06 7.46228e-06 -6.50644e-06 9.19871e-06 -0.00160714 -0.00255801 
44.4445 1.73705e-06 2.11366e-06 5.76785e-06 -4.7317e-06 6.92044e-06 -0.00135824 -0.00219308 
44.4445 1.82065e-06 2.00387e-06 5.22783e-06 -4.83925e-06 6.56413e-06 -0.00135824 -0.00219308 
44.9161 1.37809e-06 1.50919e-06 3.92597e-06 -3.65377e-06 4.95039e-06 -0.00118169 -0.00189335 
45.9199 7.57728e-07 8.23118e-07 2.12275e-06 -2.00087e-06 2.70326e-06 -0.000876234 -0.00138104 
47.2222 3.44438e-07 3.73075e-07 9.47239e-07 -9.08204e-07 1.22331e-06 -0.000590771 -0.000911052 
48.5246 1.52433e-07 1.67503e-07 4.21612e-07 -4.04838e-07 5.48458e-07 -0.000393009 -0.000595211 
49.5284 7.74779e-08 8.85134e-08 2.29573e-07 -2.09809e-07 2.92687e-07 -0.00028019 -0.000425612 
50 5.45543e-08 6.45751e-08 1.75168e-07 -1.50376e-07 2.16869e-07 -0.000235114 -0.000363071 
50 5.71179e-08 6.13421e-08 1.59147e-07 -1.53764e-07 2.06367e-07 -0.000235114 -0.000363071 
50.2605 4.85376e-08 5.20122e-08 1.34985e-07 -1.30521e-07 1.75165e-07 -0.000216736 -0.000333933 
50.8747 3.30193e-08 3.52097e-08 9.14435e-08 -8.85734e-08 1.18858e-07 -0.000178763 -0.000274039 
51.8446 1.79071e-08 1.89625e-08 4.92976e-08 -4.78683e-08 6.42269e-08 -0.000131645 -0.000200365 
53.1764 7.68143e-09 8.06766e-09 2.0999e-08 -2.04495e-08 2.74338e-08 -8.62211e-05 -0.000130119 
54.8789 2.58074e-09 2.68716e-09 7.0032e-09 -6.84081e-09 9.17583e-09 -4.99764e-05 -7.47455e-05 
56.9637 6.71361e-10 6.93208e-10 1.80885e-09 -1.77214e-09 2.3767e-09 -2.549e-05 -3.77907e-05 
59.446 1.33487e-10 1.36785e-10 3.57327e-10 -3.51016e-10 4.70704e-10 -1.13661e-05 -1.67169e-05 
62.3452 1.99881e-11 2.03486e-11 5.32086e-11 -5.23891e-11 7.02454e-11 -4.39823e-06 -6.4244e-06 
65.6855 2.21553e-12 2.24351e-12 5.87109e-12 -5.7915e-12 7.76483e-12 -1.4643e-06 -2.12687e-06 
69.4977 1.78059e-13 1.79565e-13 4.70196e-13 -4.64494e-13 6.22722e-13 -4.1512e-07 -6.00323e-07 
73.821 1.01123e-14 1.01669e-14 2.66344e-14 -2.63395e-14 3.53104e-14 -9.89277e-08 -1.42602e-07 
78.7063 3.92645e-16 3.93925e-16 1.0323e-15 -1.02163e-15 1.36954e-15 -1.94936e-08 -2.80362e-08 
84.2204 9.97753e-18 9.99601e-18 2.62005e-17 -2.59426e-17 3.47765e-17 -3.10745e-09 -4.46252e-09 
90.4548 1.56283e-19 1.56437e-19 4.10089e-19 -4.06175e-19 5.44479e-19 -3.8891e-10 -5.57984e-10 
97.5391 1.3852e-21 1.38587e-21 3.63321e-21 -3.59919e-21 4.82468e-21 -3.66141e-11 -5.25033e-11 
105.668 6.10312e-24 6.10326e-24 1.60047e-23 -1.58542e-23 2.12528e-23 -2.43035e-12 -3.48448e-12 
115.165 1.07867e-26 1.08396e-26 2.81854e-26 -2.80891e-26 3.75985e-26 -1.02173e-13 -1.45773e-13 
126.643 4.79464e-30 3.79745e-30 1.63433e-29 -1.10844e-29 1.68505e-29 -2.15412e-15 -3.93205e-15 
141.678 1.99151e-32 1.28941e-31 2.24221e-31 -1.31636e-31 1.95077e-31 -1.3883e-16 7.79227e-16 
