0 0.0473333 0.00525531 6.00287e-10 -0.0318659 0.0111413 -0.282347 0.412641 
0.4716 0.0244117 0.00121657 0.00315687 -0.0110106 -0.0118618 -0.202768 0.427389 
1.47542 0.00406627 0.000388683 0.0177823 0.00254003 -0.0200204 -0.0827557 0.430392 
2.77778 7.13197e-06 0.00303916 0.0313145 -0.000297458 -0.00675521 0.00346581 0.399601 
4.08014 0.000988796 0.00439919 0.034685 -0.00421389 0.00452123 0.0408087 0.35171 
5.08396 0.00137595 0.00417845 0.0334846 -0.00484455 0.00874436 0.0481395 0.312523 
5.55556 0.00129413 0.00379261 0.0325785 -0.00447612 0.00969528 0.0466862 0.294911 
5.55556 0.00136918 0.00348703 0.0289261 -0.00455486 0.00723977 0.0466862 0.294911 
6.02716 0.00146983 0.00322817 0.0275625 -0.00454076 0.00786002 0.0483717 0.279202 
7.03098 0.00136591 0.00248043 0.0242255 -0.003837 0.00786558 0.0466304 0.248346 
8.33333 0.000868785 0.00143448 0.0202419 -0.00232713 0.00660751 0.037189 0.215411 
9.63569 0.000321296 0.000580093 0.0175863 -0.000899949 0.00528362 0.0226157 0.192144 
10.6395 4.65698e-05 0.00015306 0.0167531 -0.000175995 0.00478999 0.00861014 0.181586 
11.1111 8.44936e-07 4.20072e-05 0.0167904 -1.24191e-05 0.00482729 0.00115977 0.179027 
11.1111 8.92542e-07 3.76983e-05 0.0149604 -1.24639e-05 0.00369608 0.00115977 0.179027 
11.5827 6.36473e-06 1.79846e-06 0.0151779 7.26973e-06 0.00386876 -0.00309703 0.178035 
12.5865 0.000123238 9.37184e-05 0.0161253 -0.000230921 0.00453086 -0.0136279 0.180327 
13.8889 0.000570808 0.000643027 0.0186795 -0.00130178 0.00629052 -0.0293292 0.192988 
15.1912 0.00141705 0.00179698 0.0232435 -0.0034288 0.00935653 -0.0462113 0.217563 
16.1951 0.0023198 0.00316429 0.0284709 -0.00582159 0.0126296 -0.0591264 0.245204 
16.6667 0.0027908 0.00395494 0.0314966 -0.00713858 0.0143775 -0.0648515 0.260901 
16.6667 0.00294368 0.0037106 0.0281581 -0.0073134 0.0122461 -0.0648515 0.260901 
17.1383 0.00300142 0.00432823 0.0315981 -0.00797573 0.0135872 -0.0654843 0.27715 
18.1421 0.00295387 0.00580327 0.0386419 -0.00916187 0.015459 -0.0649636 0.31596 
19.4444 0.00192471 0.00727076 0.0448626 -0.00827798 0.0127611 -0.0524393 0.373652 
20.7468 6.07792e-05 0.00641704 0.0413851 -0.00138196 -0.0012379 -0.00931863 0.433492 
21.7506 0.00283757 0.00310512 0.0267825 0.00656847 -0.0186936 0.0636719 0.471685 
22.2222 0.0095129 0.00117881 0.0165258 0.00741021 -0.0239501 0.116582 0.483404 
22.2222 0.01002 0.00043161 0.123507 -0.0119056 0.00504674 0.116582 0.483404 
22.6938 0.00403656 3.91017e-08 0.0752465 7.1924e-05 -0.0159902 0.073995 0.481431 
23.6976 0.00501844 0.00115211 0.0257053 -0.0137658 -0.02894 0.0825052 0.476347 
25 0.0253975 0.0220546 0.012626 -0.135492 0.0190536 0.185606 0.414237 
26.3024 0.03796 0.042943 0.0259902 -0.231142 0.0754117 0.226913 0.284456 
27.3062 0.0127831 0.021068 0.061661 -0.0939505 0.0486765 0.131678 0.185802 
27.7778 0.00119019 0.00604576 0.0893054 -0.0153569 0.032163 0.0401795 0.157446 
27.7778 0.00125197 0.00335718 0.00965685 -0.00479966 0.00664608 0.0401795 0.157446 
28.2494 0.00134736 0.00307044 0.0087611 -0.00476176 0.00660115 0.041682 0.14362 
29.2532 0.00130698 0.00238077 0.00666468 -0.0041297 0.00572666 0.0410526 0.116537 
30.5556 0.0010055 0.00156079 0.00425432 -0.00293284 0.00407087 0.0360079 0.0868222 
31.8579 0.000657694 0.000949214 0.00254853 -0.00184978 0.00260332 0.0291219 0.0632082 
32.8617 0.000425506 0.000613829 0.00169343 -0.00119647 0.0017517 0.023424 0.0488131 
33.3333 0.00033148 0.000489678 0.00140657 -0.000943214 0.0014352 0.0206746 0.0430988 
33.3333 0.000348249 0.000460851 0.00126832 -0.000963583 0.00133843 0.0206746 0.0430988 
33.8049 0.000288781 0.000373413 0.00102283 -0.000789848 0.00109525 0.0188268 0.038252 
34.8088 0.000189342 0.000235556 0.000636816 -0.000507966 0.000701804 0.0152445 0.0295092 
36.1111 0.000105011 0.000126735 0.000335448 -0.000277479 0.000382238 0.0113529 0.0208337 
37.4135 5.52179e-05 6.64873e-05 0.000173809 -0.000145738 0.000202477 0.0082325 0.0145062 
38.4173 3.1602e-05 3.92682e-05 0.000105513 -8.47309e-05 0.00012171 0.006228 0.0108718 
38.8889 2.34745e-05 3.01581e-05 8.44354e-05 -6.39977e-05 9.51907e-05 0.00536772 0.00947488 
38.8889 2.46324e-05 2.85165e-05 7.63391e-05 -6.54478e-05 8.97649e-05 0.00536772 0.00947488 
39.3605 1.94098e-05 2.2272e-05 5.93891e-05 -5.13433e-05 7.03178e-05 0.00476482 0.0083086 
40.3643 1.15817e-05 1.30958e-05 3.45329e-05 -3.0412e-05 4.15117e-05 0.00368063 0.0062599 
41.6667 5.81347e-06 6.51669e-06 1.68654e-05 -1.51993e-05 2.06818e-05 0.00260768 0.00430054 
42.969 2.82094e-06 3.19875e-06 8.18839e-06 -7.4179e-06 1.01633e-05 0.00181649 0.00292228 
43.9728 1.53456e-06 1.8069e-06 4.75375e-06 -4.112e-06 5.80777e-06 0.00133976 0.00215246 
44.4445 1.11647e-06 1.36102e-06 3.73071e-06 -3.04403e-06 4.44263e-06 0.00114277 0.00186132 
44.4445 1.1702e-06 1.2903e-06 3.38144e-06 -3.11319e-06 4.21205e-06 0.00114277 0.00186132 
44.9161 9.00508e-07 9.8818e-07 2.58138e-06 -2.38997e-06 3.22971e-06 0.00100247 0.00162017 
45.9199 5.1291e-07 5.58606e-07 1.44584e-06 -1.35614e-06 1.82752e-06 0.00075657 0.00120265 
47.2222 2.44008e-07 2.65209e-07 6.75978e-07 -6.44504e-07 8.66363e-07 0.000521831 0.000811791 
48.5246 1.12954e-07 1.24659e-07 3.15615e-07 -3.00637e-07 4.06984e-07 0.000355042 0.000542993 
49.5284 5.95147e-08 6.82542e-08 1.7828e-07 -1.61476e-07 2.25215e-07 0.000257716 0.00039566 
50 4.27137e-08 5.06831e-08 1.3824e-07 -1.17881e-07 1.69801e-07 0.000218329 0.000340583 
50 4.47208e-08 4.81421e-08 1.25597e-07 -1.20533e-07 1.61503e-07 0.000218329 0.000340583 
50.2718 3.81122e-08 4.0933e-08 1.06823e-07 -1.02602e-07 1.37472e-07 0.000201553 0.000313666 
50.9127 2.61018e-08 2.78901e-08 7.28359e-08 -7.00887e-08 9.38992e-08 0.000166799 0.000258213 
51.9249 1.43043e-08 1.51735e-08 3.96658e-08 -3.82705e-08 5.12649e-08 0.000123478 0.000189722 
53.3146 6.22306e-09 6.54496e-09 1.71297e-08 -1.65784e-08 2.22042e-08 8.14441e-05 0.000124032 
55.091 2.12806e-09 2.2181e-09 5.81253e-09 -5.64379e-09 7.55779e-09 4.76265e-05 7.18557e-05 
57.2665 5.65495e-10 5.84322e-10 1.53306e-09 -1.49324e-09 1.99936e-09 2.45511e-05 3.67059e-05 
59.8568 1.15276e-10 1.1818e-10 3.10406e-10 -3.03201e-10 4.05918e-10 1.10848e-05 1.64362e-05 
62.8821 1.7765e-11 1.80905e-11 4.75602e-11 -4.65689e-11 6.23389e-11 4.35151e-06 6.40669e-06 
66.3676 2.03488e-12 2.06088e-12 5.42225e-12 -5.31966e-12 7.12053e-12 1.47274e-06 2.15582e-06 
70.3456 1.69751e-13 1.71198e-13 4.50694e-13 -4.42837e-13 5.92715e-13 4.25367e-07 6.1988e-07 
74.857 1.00554e-14 1.01098e-14 2.66265e-14 -2.61914e-14 3.50543e-14 1.03528e-07 1.50374e-07 
79.9546 4.09437e-16 4.10768e-16 1.08218e-15 -1.06532e-15 1.42577e-15 2.08906e-08 3.02742e-08 
85.7086 1.09773e-17 1.09974e-17 2.89789e-17 -2.85419e-17 3.81982e-17 3.42062e-09 4.94963e-09 
92.2141 1.82689e-19 1.82866e-19 4.81921e-19 -4.748e-19 6.35429e-19 4.4128e-10 6.37939e-10 
99.6065 1.73477e-21 1.73558e-21 4.5742e-21 -4.50745e-21 6.0323e-21 4.30009e-11 6.21313e-11 
108.089 8.27236e-24 8.27278e-24 2.18082e-23 -2.14896e-23 2.87601e-23 2.96942e-12 4.28959e-12 
117.999 1.60376e-26 1.60977e-26 4.21724e-26 -4.17387e-26 5.57974e-26 1.30745e-13 1.88266e-13 
129.976 8.11496e-30 6.90219e-30 2.5463e-29 -1.94413e-29 2.82556e-29 2.94104e-15 4.98063e-15 
145.665 1.86297e-32 1.06391e-31 1.39875e-31 -1.1565e-31 1.54859e-31 1.40916e-16 -6.53488e-16 
