0 0.0687816 0.0076375 5.19782e-10 -0.0463079 0.0156738 0.3493 -0.511137 
0.4716 0.0365463 0.00190306 0.00421498 -0.0168497 -0.0168459 0.254615 -0.528808 
1.47542 0.00674127 0.000451102 0.0243137 0.00352332 -0.0300828 0.109354 -0.533679 
2.77778 1.32751e-06 0.00426322 0.0440457 0.000151996 -0.0119798 0.00153455 -0.498782 
4.08014 0.00130609 0.00658862 0.0499475 -0.00592691 0.00507203 -0.0481337 -0.442173 
5.08396 0.00205048 0.00657717 0.0488301 -0.00741978 0.012139 -0.0603101 -0.39457 
5.55556 0.00203022 0.00613476 0.0476668 -0.0071304 0.0139122 -0.0600114 -0.372758 
5.55556 0.00214796 0.00563817 0.0423231 -0.00725436 0.010278 -0.0600114 -0.372758 
6.02716 0.00239153 0.00535885 0.0404022 -0.0074626 0.011512 -0.0633225 -0.353042 
7.03098 0.00242006 0.00440933 0.0354562 -0.00680951 0.0120529 -0.0636991 -0.313428 
8.33333 0.00180953 0.00292049 0.0291243 -0.00479212 0.0104701 -0.0550813 -0.269078 
9.63569 0.000953862 0.00155471 0.0243242 -0.00253854 0.00827477 -0.0399911 -0.23469 
10.6395 0.000373765 0.000729184 0.0221003 -0.00108826 0.00697466 -0.0250334 -0.215862 
11.1111 0.000172755 0.000431937 0.0215622 -0.000569432 0.00661893 -0.0170191 -0.20951 
11.1111 0.000182488 0.000399265 0.0192119 -0.000579998 0.00515004 -0.0170191 -0.20951 
11.5827 0.000100273 0.000225356 0.0188311 -0.000323001 0.00497713 -0.0126157 -0.204985 
12.5865 2.52853e-06 1.53685e-05 0.0184999 -1.33945e-05 0.00482671 -0.00200333 -0.19975 
13.8889 0.000110311 0.000125105 0.0192355 -0.000252421 0.00533314 0.0132321 -0.202304 
15.1912 0.000526383 0.000718452 0.0215003 -0.00132138 0.00679878 0.0289047 -0.215837 
16.1951 0.00102796 0.00151852 0.024385 -0.00268457 0.00852351 0.0403929 -0.233928 
16.6667 0.00129461 0.0019918 0.0260835 -0.00345041 0.00944862 0.0453301 -0.244732 
16.6667 0.00136553 0.00186513 0.0233181 -0.00353148 0.0076914 0.0453301 -0.244732 
17.1383 0.00138032 0.00222667 0.0252219 -0.00387945 0.00832771 0.045575 -0.256101 
18.1421 0.00127903 0.00304455 0.0287595 -0.00436671 0.00879566 0.0438709 -0.283579 
19.4444 0.000619457 0.00371342 0.0307076 -0.00335618 0.0057702 0.0305311 -0.324381 
20.7468 5.66379e-05 0.00293131 0.0258471 0.000901647 -0.00389751 -0.00923188 -0.365402 
21.7506 0.00351297 0.00103296 0.0150253 0.00421532 -0.013424 -0.0727066 -0.389377 
22.2222 0.00917618 0.000193482 0.00840615 0.00294852 -0.0146724 -0.117508 -0.395298 
22.2222 0.00966534 0.00153005 0.0628595 -0.0220157 0.00232912 -0.117508 -0.395298 
22.6938 0.00632162 0.00099027 0.0391751 -0.0143239 -0.00772512 -0.0950328 -0.387004 
23.6976 0.00808343 0.00375258 0.0147862 -0.0315307 -0.00792905 -0.107462 -0.364935 
25 0.0203402 0.0176613 0.00830964 -0.108507 0.0245088 -0.170465 -0.298992 
26.3024 0.0228182 0.0249533 0.0154002 -0.136608 0.0465306 -0.180551 -0.195727 
27.3062 0.00730224 0.0112333 0.0324916 -0.0518503 0.0269623 -0.102138 -0.123781 
27.7778 0.000863059 0.00330214 0.0451084 -0.0096647 0.0171942 -0.0351139 -0.103445 
27.7778 0.000907861 0.00168653 0.00487411 -0.00289689 0.00402693 -0.0351139 -0.103445 
28.2494 0.000857414 0.00147778 0.0042368 -0.00263527 0.00366145 -0.0341244 -0.0939405 
29.2532 0.000701712 0.00107747 0.00303082 -0.00203567 0.00282409 -0.0308709 -0.075815 
30.5556 0.000482837 0.000677371 0.00185597 -0.00133887 0.00185782 -0.0256077 -0.0564338 
31.8579 0.00029951 0.000404885 0.00109399 -0.000815263 0.00114664 -0.0201686 -0.041253 
32.8617 0.000190474 0.000261293 0.000725343 -0.000522286 0.000763188 -0.0160838 -0.032041 
33.3333 0.000148147 0.000208833 0.000602715 -0.000411786 0.000624177 -0.0141846 -0.0283833 
33.3333 0.000155641 0.000196765 0.000543491 -0.000420921 0.00058343 -0.0141846 -0.0283833 
33.8049 0.000128604 0.000159836 0.000439197 -0.000344849 0.000477215 -0.0128938 -0.0252758 
34.8088 8.42148e-05 0.000101728 0.000275697 -0.000222628 0.000307016 -0.0104339 -0.0196554 
36.1111 4.70574e-05 5.56645e-05 0.000147702 -0.000123103 0.000169363 -0.00779952 -0.014043 
37.4135 2.51078e-05 2.982e-05 7.82476e-05 -6.58147e-05 9.13972e-05 -0.00569716 -0.00991077 
38.4173 1.4608e-05 1.79478e-05 4.84132e-05 -3.89462e-05 5.59059e-05 -0.0043456 -0.0075133 
38.8889 1.09669e-05 1.39252e-05 3.90739e-05 -2.9724e-05 4.41218e-05 -0.00376526 -0.00658488 
38.8889 1.15078e-05 1.31714e-05 3.53275e-05 -3.04023e-05 4.16242e-05 -0.00376526 -0.00658488 
39.3605 9.14597e-06 1.03908e-05 2.77504e-05 -2.40732e-05 3.29112e-05 -0.00335671 -0.00580566 
40.3643 5.56522e-06 6.24739e-06 1.64902e-05 -1.45608e-05 1.98419e-05 -0.00261842 -0.0044261 
41.6667 2.87073e-06 3.20425e-06 8.30187e-06 -7.4895e-06 1.01791e-05 -0.00188059 -0.00308951 
42.969 1.43376e-06 1.62249e-06 4.1638e-06 -3.76637e-06 5.15908e-06 -0.00132904 -0.00213479 
43.9728 7.99442e-07 9.39758e-07 2.47953e-06 -2.1404e-06 3.02242e-06 -0.000992412 -0.00159394 
44.4445 5.89717e-07 7.16973e-07 1.96777e-06 -1.60571e-06 2.34021e-06 -0.000852354 -0.00138741 
44.4445 6.181e-07 6.79767e-07 1.78355e-06 -1.64225e-06 2.21876e-06 -0.000852354 -0.00138741 
44.9161 4.8134e-07 5.27116e-07 1.37825e-06 -1.27617e-06 1.72211e-06 -0.000752171 -0.00121523 
45.9199 2.81295e-07 3.06063e-07 7.92674e-07 -7.43389e-07 1.00046e-06 -0.000575005 -0.000914274 
47.2222 1.384e-07 1.50489e-07 3.84001e-07 -3.65638e-07 4.91115e-07 -0.000403329 -0.000628205 
48.5246 6.62729e-08 7.32527e-08 1.86018e-07 -1.76527e-07 2.39031e-07 -0.000279099 -0.000428 
49.5284 3.59016e-08 4.1225e-08 1.08096e-07 -9.74691e-08 1.36008e-07 -0.000205422 -0.000316523 
50 2.61568e-08 3.10383e-08 8.48665e-08 -7.21891e-08 1.03928e-07 -0.000175341 -0.000274405 
50 2.73859e-08 2.9482e-08 7.71046e-08 -7.38126e-08 9.88337e-08 -0.000175341 -0.000274405 
50.2836 2.33628e-08 2.50926e-08 6.56452e-08 -6.2896e-08 8.42129e-08 -0.00016195 -0.000252845 
50.9524 1.60389e-08 1.71378e-08 4.48654e-08 -4.30677e-08 5.7659e-08 -0.000134186 -0.000208389 
52.0086 8.8229e-09 9.35884e-09 2.45247e-08 -2.3605e-08 3.15982e-08 -9.95234e-05 -0.000153399 
53.4587 3.85832e-09 4.05771e-09 1.06455e-08 -1.02785e-08 1.37569e-08 -6.58141e-05 -0.000100543 
55.3124 1.32815e-09 1.38425e-09 3.63603e-09 -3.52223e-09 4.71353e-09 -3.86138e-05 -5.84385e-05 
57.5825 3.55795e-10 3.6761e-10 9.66747e-10 -9.39468e-10 1.25704e-09 -1.99857e-05 -2.99723e-05 
60.2855 7.32297e-11 7.5068e-11 1.97627e-10 -1.92601e-10 2.57675e-10 -9.06699e-06 -1.34855e-05 
63.4423 1.14129e-11 1.1621e-11 3.06221e-11 -2.99164e-11 4.00202e-11 -3.57947e-06 -5.28617e-06 
67.0794 1.32437e-12 1.34119e-12 3.53674e-12 -3.46208e-12 4.63098e-12 -1.21934e-06 -1.79036e-06 
71.2304 1.12133e-13 1.13081e-13 2.98369e-13 -2.92517e-13 3.91255e-13 -3.54803e-07 -5.1864e-07 
75.9379 6.75548e-15 6.79166e-15 1.79276e-14 -1.75956e-14 2.35339e-14 -8.70858e-08 -1.26883e-07 
81.2573 2.80386e-16 2.81287e-16 7.42718e-16 -7.29526e-16 9.75706e-16 -1.77418e-08 -2.57909e-08 
87.2615 7.68191e-18 7.6958e-18 2.03241e-17 -1.99733e-17 2.67128e-17 -2.93666e-09 -4.2626e-09 
94.0499 1.31021e-19 1.31145e-19 3.46387e-19 -3.40513e-19 4.55405e-19 -3.83521e-10 -5.56175e-10 
101.764 1.27935e-21 1.27993e-21 3.38085e-21 -3.32412e-21 4.44567e-21 -3.78978e-11 -5.49298e-11 
110.616 6.29927e-24 6.3001e-24 1.66435e-23 -1.63647e-23 2.18863e-23 -2.65928e-12 -3.85359e-12 
120.956 1.26816e-26 1.27091e-26 3.34392e-26 -3.29786e-26 4.40735e-26 -1.19318e-13 -1.72466e-13 
133.454 6.76829e-30 6.09254e-30 2.05975e-29 -1.66812e-29 2.36915e-29 -2.75651e-15 -4.5514e-15 
149.825 1.10426e-32 5.3387e-32 7.87313e-32 -6.30729e-32 7.87379e-32 -1.11341e-16 5.09289e-16 
