0 0.074862 0.00831335 3.46891e-10 -0.0504037 0.0169254 0.374293 -0.547408 
0.4716 0.0409448 0.00223007 0.00423912 -0.0193064 -0.0174625 0.276809 -0.56578 
1.47542 0.00836094 0.000361482 0.0250248 0.00351249 -0.0332306 0.125086 -0.57228 
2.77778 4.79092e-05 0.0043009 0.0466765 0.000917134 -0.015097 0.0094687 -0.538707 
4.08014 0.00114365 0.00702333 0.0543968 -0.00572614 0.00372217 -0.0462624 -0.481945 
5.08396 0.00203893 0.00725617 0.0541651 -0.00777139 0.0122104 -0.0617706 -0.433211 
5.55556 0.00209831 0.00688359 0.053252 -0.00767867 0.0145381 -0.0626637 -0.410595 
5.55556 0.00222 0.0063181 0.0472824 -0.00780704 0.0104543 -0.0626637 -0.410595 
6.02716 0.00255385 0.00610249 0.0454717 -0.00822939 0.0121509 -0.0672104 -0.389995 
7.03098 0.00273663 0.0052074 0.0404579 -0.00786929 0.0133782 -0.0695741 -0.348072 
8.33333 0.00220442 0.00365533 0.0336292 -0.00591735 0.0121444 -0.0624434 -0.300056 
9.63569 0.00129845 0.00212968 0.0281318 -0.00346646 0.00986774 -0.0479239 -0.261498 
10.6395 0.000614873 0.00114352 0.025349 -0.00174796 0.00832537 -0.0329786 -0.239226 
11.1111 0.000350046 0.00076303 0.0245537 -0.00107733 0.0078187 -0.0248829 -0.231199 
11.1111 0.000369768 0.00070724 0.0218773 -0.00109882 0.00613753 -0.0248829 -0.231199 
11.5827 0.000253109 0.000470678 0.0212137 -0.000741642 0.00582349 -0.0205869 -0.225062 
12.5865 6.27993e-05 0.00011778 0.0202551 -0.000184795 0.00531279 -0.0102545 -0.216241 
13.8889 1.16952e-05 1.35019e-05 0.0200762 -2.70009e-05 0.00522377 0.00442527 -0.213704 
15.1912 0.000220414 0.000336376 0.0211967 -0.000585073 0.0059127 0.0192113 -0.22143 
16.1951 0.000528575 0.000868524 0.0229402 -0.00145587 0.00688943 0.0297502 -0.23437 
16.6667 0.000697168 0.00119393 0.0240007 -0.00196036 0.00741947 0.0341669 -0.242505 
16.6667 0.00073536 0.00111531 0.0214556 -0.00200401 0.00580757 0.0341669 -0.242505 
17.1383 0.000730763 0.0013596 0.0226295 -0.00220569 0.00610964 0.0340599 -0.251198 
18.1421 0.000619776 0.00188841 0.0245316 -0.00239396 0.00594521 0.031367 -0.272422 
19.4444 0.000182725 0.00223654 0.0245628 -0.00141462 0.00286927 0.0170315 -0.303854 
20.7468 0.000292932 0.00156511 0.0192195 0.00149833 -0.00464615 -0.0215645 -0.334433 
21.7506 0.00407238 0.000358228 0.0102423 0.00267274 -0.0105344 -0.0804044 -0.350565 
22.2222 0.00922895 6.26885e-06 0.00527601 0.000532258 -0.0100823 -0.121041 -0.353322 
22.2222 0.00972093 0.00250345 0.0394675 -0.0282419 0.00271109 -0.121041 -0.353322 
22.6938 0.00785867 0.00239254 0.0252223 -0.0248242 -0.00227012 -0.108831 -0.341635 
23.6976 0.0100545 0.00577864 0.010484 -0.0436378 0.00219422 -0.1231 -0.310848 
25 0.0182208 0.0158708 0.00662239 -0.0973538 0.0260771 -0.165715 -0.242925 
26.3024 0.016953 0.0180883 0.0114001 -0.100252 0.0351818 -0.159845 -0.152534 
27.3062 0.00526205 0.00765056 0.0218876 -0.036324 0.0189235 -0.0890543 -0.0934017 
27.7778 0.000748313 0.00230995 0.0293139 -0.00752685 0.0117673 -0.033583 -0.0768612 
27.7778 0.000787158 0.00109538 0.00316543 -0.0021739 0.00303394 -0.033583 -0.0768612 
28.2494 0.000682744 0.000924004 0.00265042 -0.00185948 0.00259167 -0.0312764 -0.0694038 
29.2532 0.00049042 0.000633973 0.001786 -0.0013054 0.00181443 -0.0265077 -0.0555344 
30.5556 0.000303899 0.000379154 0.0010418 -0.00079469 0.00110382 -0.0208666 -0.0411092 
31.8579 0.000177321 0.000220264 0.000597769 -0.000462676 0.000650802 -0.0159393 -0.0300278 
32.8617 0.000109831 0.000140565 0.00039197 -0.000290889 0.000424304 -0.0125444 -0.0233687 
33.3333 8.48836e-05 0.000112068 0.000324535 -0.000228338 0.000344772 -0.0110281 -0.0207332 
33.3333 8.91775e-05 0.000105756 0.000292651 -0.000233585 0.000323372 -0.0110281 -0.0207332 
33.8049 7.30434e-05 8.57467e-05 0.000235978 -0.000190355 0.000263115 -0.00998075 -0.0184947 
34.8088 4.7257e-05 5.45649e-05 0.000148051 -0.000122139 0.00016827 -0.00802797 -0.0144488 
36.1111 2.62575e-05 3.00335e-05 7.98093e-05 -6.75451e-05 9.28779e-05 -0.00598411 -0.0104034 
37.4135 1.40497e-05 1.62653e-05 4.27971e-05 -3.63605e-05 5.04931e-05 -0.0043773 -0.00741238 
38.4173 8.24205e-06 9.90492e-06 2.67931e-05 -2.17324e-05 3.11775e-05 -0.00335267 -0.00566709 
38.8889 6.22994e-06 7.7381e-06 2.17417e-05 -1.67003e-05 2.47395e-05 -0.00291484 -0.00498795 
38.8889 6.53724e-06 7.32314e-06 1.96573e-05 -1.7086e-05 2.33629e-05 -0.00291484 -0.00498795 
39.3605 5.2198e-06 5.81631e-06 1.5541e-05 -1.36064e-05 1.85786e-05 -0.00260462 -0.00441583 
40.3643 3.21358e-06 3.55192e-06 9.37612e-06 -8.34295e-06 1.13563e-05 -0.00204367 -0.00339744 
41.6667 1.68766e-06 1.86246e-06 4.82712e-06 -4.37804e-06 5.94663e-06 -0.00148102 -0.00240158 
42.969 8.60325e-07 9.65575e-07 2.48216e-06 -2.2507e-06 3.08339e-06 -0.00105742 -0.00168209 
43.9728 4.88789e-07 5.70363e-07 1.50779e-06 -1.30386e-06 1.84105e-06 -0.000797036 -0.00127003 
44.4445 3.64542e-07 4.39632e-07 1.20712e-06 -9.8858e-07 1.439e-06 -0.00068832 -0.00111146 
44.4445 3.82087e-07 4.16901e-07 1.09412e-06 -1.01118e-06 1.36477e-06 -0.00068832 -0.00111146 
44.9161 3.00253e-07 3.26501e-07 8.53737e-07 -7.93261e-07 1.0694e-06 -0.000610174 -0.000978583 
45.9199 1.78991e-07 1.93711e-07 5.01616e-07 -4.71762e-07 6.34369e-07 -0.000471113 -0.000744538 
47.2222 9.04391e-08 9.80071e-08 2.50193e-07 -2.38527e-07 3.20289e-07 -0.000334879 -0.000519301 
48.5246 4.45095e-08 4.91047e-08 1.24972e-07 -1.18445e-07 1.60483e-07 -0.000234929 -0.000359391 
49.5284 2.46753e-08 2.82794e-08 7.43647e-08 -6.69263e-08 9.34497e-08 -0.000174921 -0.000269176 
50 1.82086e-08 2.15425e-08 5.89942e-08 -5.01784e-08 7.22126e-08 -0.000150261 -0.000234787 
50 1.90642e-08 2.04638e-08 5.35987e-08 -5.13086e-08 6.86765e-08 -0.000150261 -0.000234787 
50.2959 1.62634e-08 1.74186e-08 4.56362e-08 -4.37221e-08 5.85196e-08 -0.000138785 -0.00021636 
50.9939 1.11655e-08 1.18997e-08 3.11974e-08 -2.99431e-08 4.00736e-08 -0.000114995 -0.000178363 
52.0959 6.14353e-09 6.50191e-09 1.70618e-08 -1.64179e-08 2.19698e-08 -8.52996e-05 -0.000131352 
53.6091 2.68823e-09 2.82172e-09 7.41266e-09 -7.15449e-09 9.57252e-09 -5.6425e-05 -8.61489e-05 
55.5435 9.26433e-10 9.64064e-10 2.53552e-09 -2.45498e-09 3.28423e-09 -3.31242e-05 -5.01195e-05 
57.9123 2.48645e-10 2.56589e-10 6.75595e-10 -6.5614e-10 8.77657e-10 -1.71604e-05 -2.57385e-05 
60.7328 5.13152e-11 5.25549e-11 1.38518e-10 -1.34902e-10 1.80424e-10 -7.79581e-06 -1.15999e-05 
64.0269 8.02684e-12 8.16771e-12 2.15463e-11 -2.10335e-11 2.81285e-11 -3.08326e-06 -4.55653e-06 
67.8222 9.35804e-13 9.47241e-13 2.50058e-12 -2.44574e-12 3.2705e-12 -1.05276e-06 -1.54717e-06 
72.1537 7.96897e-14 8.03379e-14 2.12197e-13 -2.0785e-13 2.77925e-13 -3.07213e-07 -4.49552e-07 
77.0659 4.83392e-15 4.85882e-15 1.28388e-14 -1.25894e-14 1.68331e-14 -7.56638e-08 -1.10372e-07 
82.6166 2.02249e-16 2.02873e-16 5.36215e-16 -5.2619e-16 7.03543e-16 -1.54768e-08 -2.25268e-08 
88.8819 5.59275e-18 5.60245e-18 1.48106e-17 -1.45409e-17 1.94415e-17 -2.57366e-09 -3.74063e-09 
95.9656 9.6409e-20 9.64967e-20 2.55127e-19 -2.50555e-19 3.34995e-19 -3.37907e-10 -4.90691e-10 
104.015 9.52945e-22 9.53357e-22 2.52074e-21 -2.476e-21 3.31041e-21 -3.35948e-11 -4.87601e-11 
113.252 4.75866e-24 4.75932e-24 1.2585e-23 -1.23624e-23 1.65285e-23 -2.374e-12 -3.44486e-12 
124.042 9.73883e-27 9.7552e-27 2.57167e-26 -2.53198e-26 3.38349e-26 -1.07397e-13 -1.55519e-13 
137.083 5.28864e-30 4.89501e-30 1.57982e-29 -1.32171e-29 1.85572e-29 -2.50271e-15 -4.06289e-15 
154.167 6.28199e-33 3.10813e-32 4.41333e-32 -3.62983e-32 4.46963e-32 -8.62555e-17 3.97565e-16 
