0 0.0748106 0.00830817 2.14853e-10 -0.0503707 0.0169661 -0.38498 0.562268 
0.4716 0.0420693 0.00239221 0.00392275 -0.0202687 -0.0163884 -0.288695 0.580608 
1.47542 0.00945711 0.000246104 0.0236783 0.00308235 -0.0333713 -0.136879 0.588531 
2.77778 0.00017209 0.00390124 0.0454471 0.00165548 -0.0169486 -0.0184644 0.557907 
4.08014 0.000841903 0.00671776 0.0544496 -0.00480493 0.00183843 0.0408402 0.503819 
5.08396 0.00175332 0.00714783 0.0552878 -0.00715255 0.010967 0.0589369 0.456497 
5.55556 0.0018748 0.00687361 0.0547957 -0.00725293 0.0136573 0.0609445 0.434302 
5.55556 0.00198353 0.00629799 0.0486532 -0.00736778 0.00944041 0.0609445 0.434302 
6.02716 0.00236299 0.0061619 0.047209 -0.00795435 0.0114689 0.0665191 0.41397 
7.03098 0.00266937 0.00540076 0.0427706 -0.00791494 0.0133407 0.0707 0.37218 
8.33333 0.00226878 0.00393352 0.036289 -0.00622735 0.0126825 0.0651795 0.323569 
9.63569 0.00141884 0.00240385 0.0308066 -0.00384979 0.0106682 0.0515444 0.283731 
10.6395 0.000727657 0.00137132 0.0278995 -0.00208233 0.009159 0.0369129 0.260109 
11.1111 0.000445715 0.000959287 0.0270198 -0.00136307 0.00862755 0.0288898 0.251355 
11.1111 0.000470828 0.000889418 0.0240746 -0.00139047 0.00677295 0.0288898 0.251355 
11.5827 0.000346675 0.000628199 0.0232998 -0.00100274 0.00642539 0.0247899 0.244481 
12.5865 0.000124339 0.000211289 0.0220569 -0.000348273 0.00578389 0.0148462 0.233911 
13.8889 2.78236e-07 2.5243e-07 0.0214058 -5.6945e-07 0.00541095 0.000702295 0.228702 
15.1912 0.000100978 0.000181956 0.0218965 -0.000291256 0.00568054 -0.0133791 0.233207 
16.1951 0.000303238 0.000572413 0.0229987 -0.00089521 0.00623227 -0.0231849 0.243197 
16.6667 0.000417063 0.000819188 0.0236981 -0.00125595 0.00653261 -0.0271903 0.249778 
16.6667 0.000439911 0.000763037 0.0211848 -0.00128206 0.00494439 -0.0271903 0.249778 
17.1383 0.000423872 0.000944534 0.0219455 -0.00140016 0.00504709 -0.02669 0.256893 
18.1421 0.000313001 0.00132076 0.0229088 -0.00142278 0.00449665 -0.0229353 0.274379 
19.4444 3.06917e-05 0.00150627 0.0218048 -0.000475789 0.00133948 -0.00718194 0.300098 
20.7468 0.000603088 0.000915984 0.0160773 0.0016447 -0.00502746 0.0318362 0.324187 
21.7506 0.00471217 0.000105165 0.00797946 0.00155775 -0.00890754 0.0889902 0.335352 
22.2222 0.00970481 2.66624e-05 0.00383631 -0.00112563 -0.0074944 0.12771 0.336065 
22.2222 0.0102221 0.00343458 0.0287046 -0.0339217 0.00382188 0.12771 0.336065 
22.6938 0.00926594 0.00375116 0.0188455 -0.0337519 0.00165357 0.12159 0.321999 
23.6976 0.0117783 0.00752927 0.00859352 -0.0539124 0.00845991 0.137087 0.285356 
25 0.0176684 0.0154725 0.00601826 -0.0946562 0.0275573 0.167901 0.21515 
26.3024 0.0144884 0.0152152 0.00986712 -0.0849999 0.0304631 0.152042 0.130794 
27.3062 0.00441881 0.00616832 0.017617 -0.0298887 0.0156204 0.0839666 0.0780311 
27.7778 0.000721672 0.00191663 0.022918 -0.00673302 0.00958742 0.0339331 0.0633448 
27.7778 0.000759134 0.000857154 0.00247346 -0.00188849 0.00264245 0.0339331 0.0633448 
28.2494 0.000626248 0.000702935 0.00201459 -0.0015533 0.00217 0.0308204 0.0568899 
29.2532 0.000412734 0.000459293 0.00129436 -0.00101931 0.00141943 0.0250207 0.0451159 
30.5556 0.000236058 0.000262505 0.000722749 -0.000582778 0.000810579 0.0189223 0.0331556 
31.8579 0.00013049 0.000147965 0.000403111 -0.000325306 0.000457771 0.0140687 0.0241394 
32.8617 7.87013e-05 9.30458e-05 0.000260553 -0.000200339 0.000291743 0.0109259 0.0187816 
33.3333 6.03665e-05 7.38492e-05 0.00021456 -0.000156314 0.00023513 0.00956891 0.0166711 
33.3333 6.34202e-05 6.98163e-05 0.000193483 -0.00016005 0.000221412 0.00956891 0.0166711 
33.8049 5.14067e-05 5.63725e-05 0.00015534 -0.000129481 0.000178855 0.00861506 0.0148807 
34.8088 3.27054e-05 3.56806e-05 9.69237e-05 -8.21656e-05 0.000113142 0.00687161 0.0116527 
36.1111 1.79404e-05 1.96163e-05 5.22141e-05 -4.51221e-05 6.2036e-05 0.00508937 0.00843061 
37.4135 9.55538e-06 1.06657e-05 2.81454e-05 -2.42819e-05 3.37243e-05 0.00371426 0.00604678 
38.4173 5.62027e-06 6.53738e-06 1.77362e-05 -1.45796e-05 2.09013e-05 0.00284857 0.00465208 
38.8889 4.26564e-06 5.13e-06 1.44371e-05 -1.12516e-05 1.66315e-05 0.00248165 0.0041078 
38.8889 4.47605e-06 4.85863e-06 1.30531e-05 -1.15159e-05 1.57303e-05 0.00248165 0.0041078 
39.3605 3.58047e-06 3.87553e-06 1.03615e-05 -9.19876e-06 1.25478e-05 0.00221954 0.00364811 
40.3643 2.2172e-06 2.39175e-06 6.31542e-06 -5.68662e-06 7.73417e-06 0.00174661 0.0028269 
41.6667 1.17702e-06 1.2742e-06 3.30464e-06 -3.02416e-06 4.10623e-06 0.00127258 0.00201864 
42.969 6.08458e-07 6.72478e-07 1.73203e-06 -1.5796e-06 2.16455e-06 0.000914974 0.00142975 
43.9728 3.50612e-07 4.03424e-07 1.06867e-06 -9.28727e-07 1.3112e-06 0.000694555 0.00108965 
44.4445 2.63795e-07 3.13544e-07 8.61495e-07 -7.10194e-07 1.03241e-06 0.000602458 0.000957972 
44.4445 2.76492e-07 2.97434e-07 7.80849e-07 -7.26553e-07 9.79789e-07 0.000602458 0.000957972 
44.9161 2.18759e-07 2.34804e-07 6.14063e-07 -5.74204e-07 7.7346e-07 0.000535881 0.000847157 
45.9199 1.3242e-07 1.41778e-07 3.67142e-07 -3.47145e-07 4.66507e-07 0.000416929 0.00065075 
47.2222 6.83325e-08 7.34491e-08 1.87628e-07 -1.79489e-07 2.40997e-07 0.000299502 0.000459805 
48.5246 3.43913e-08 3.7707e-08 9.61884e-08 -9.12358e-08 1.23706e-07 0.000212476 0.000322605 
49.5284 1.9442e-08 2.21486e-08 5.84079e-08 -5.25745e-08 7.34553e-08 0.000159756 0.000244338 
50 1.45061e-08 1.70445e-08 4.67491e-08 -3.9838e-08 5.73073e-08 0.000137994 0.000214274 
50 1.51877e-08 1.61935e-08 4.24735e-08 -4.07385e-08 5.45141e-08 0.000137994 0.000214274 
50.3088 1.29455e-08 1.37754e-08 3.61407e-08 -3.46897e-08 4.64183e-08 0.000127402 0.000197421 
51.0371 8.87132e-09 9.39848e-09 2.46719e-08 -2.37198e-08 3.1737e-08 0.000105465 0.000162684 
52.1871 4.8689e-09 5.12601e-09 1.34674e-08 -1.29776e-08 1.73621e-08 7.81321e-05 0.000119742 
53.7661 2.1245e-09 2.2202e-09 5.83879e-09 -5.64173e-09 7.54687e-09 5.1611e-05 7.84901e-05 
55.7845 7.30176e-10 7.57136e-10 1.99322e-09 -1.93147e-09 2.58338e-09 3.02572e-05 4.56414e-05 
58.2564 1.95528e-10 2.01218e-10 5.30259e-10 -5.1526e-10 6.89088e-10 1.56574e-05 2.34314e-05 
61.1995 4.02898e-11 4.11779e-11 1.08614e-10 -1.05808e-10 1.41488e-10 7.10742e-06 1.05595e-05 
64.6369 6.29775e-12 6.39873e-12 1.68912e-11 -1.64903e-11 2.20492e-11 2.81e-06 4.14887e-06 
68.5972 7.34382e-13 7.4259e-13 1.96154e-12 -1.91833e-12 2.56484e-12 9.59567e-07 1.40959e-06 
73.1171 6.26106e-14 6.30766e-14 1.66699e-13 -1.63247e-13 2.18253e-13 2.80181e-07 4.09965e-07 
78.243 3.80588e-15 3.82383e-15 1.01093e-14 -9.9098e-15 1.32484e-14 6.90783e-08 1.00785e-07 
84.035 1.59711e-16 1.60162e-16 4.23539e-16 -4.15466e-16 5.5542e-16 1.41508e-08 2.06046e-08 
90.5728 4.4334e-18 4.44044e-18 1.17444e-17 -1.15258e-17 1.54081e-17 2.35767e-09 3.42841e-09 
97.9645 7.67808e-20 7.68447e-20 2.03266e-19 -1.99536e-19 2.66745e-19 3.10271e-10 4.50816e-10 
106.364 7.63133e-22 7.63433e-22 2.01952e-21 -1.98278e-21 2.65061e-21 3.09325e-11 4.49234e-11 
116.002 3.83542e-24 3.836e-24 1.01486e-23 -9.964e-24 1.33203e-23 2.19291e-12 3.18423e-12 
127.261 7.91165e-27 7.92593e-27 2.08891e-26 -2.05706e-26 2.74778e-26 9.95974e-14 1.44277e-13 
140.87 4.38974e-30 3.96006e-30 1.31042e-29 -1.08307e-29 1.52694e-29 2.34603e-15 3.81183e-15 
158.697 7.57585e-33 2.85862e-32 3.72753e-32 -3.82281e-32 4.30847e-32 9.74608e-17 -3.72113e-16 
