0 0.0725156 0.00805371 1.29799e-10 -0.0488267 0.0166049 -0.390069 0.568631 
0.4716 0.0418766 0.00248002 0.00352488 -0.02059 -0.0147503 -0.296423 0.586666 
1.47542 0.0102964 0.00014675 0.0217357 0.00248356 -0.0322733 -0.146983 0.595834 
2.77778 0.000371315 0.00337939 0.0428874 0.00226326 -0.0180628 -0.0279124 0.568614 
4.08014 0.000543843 0.00614054 0.0527891 -0.00369219 -7.42536e-05 0.0337802 0.518193 
5.08396 0.00139224 0.00671568 0.0546517 -0.00617797 0.00927614 0.0540485 0.473264 
5.55556 0.00155361 0.00653696 0.05461 -0.00643876 0.0122024 0.0570948 0.451986 
5.55556 0.00164371 0.0059773 0.0484885 -0.00653404 0.00799079 0.0570948 0.451986 
6.02716 0.00203809 0.00591585 0.0474847 -0.0072383 0.0102559 0.0635764 0.432397 
7.03098 0.00243247 0.00530452 0.043852 -0.00748796 0.012686 0.0694558 0.391791 
8.33333 0.00216883 0.00397568 0.0380718 -0.00612118 0.0126539 0.0655838 0.343955 
9.63569 0.00141624 0.00251031 0.0329357 -0.00393051 0.0110417 0.0529971 0.304166 
10.6395 0.000761258 0.00148568 0.0301172 -0.00221689 0.00969273 0.0388553 0.280172 
11.1111 0.000484505 0.00106733 0.0292389 -0.00149905 0.00919677 0.030998 0.271132 
11.1111 0.000511804 0.000989176 0.0260517 -0.00152886 0.0071873 0.030998 0.271132 
11.5827 0.000392783 0.000721779 0.0252508 -0.00114408 0.00685769 0.0271555 0.26393 
12.5865 0.000166942 0.000278763 0.0238897 -0.00046353 0.0061941 0.0177037 0.252467 
13.8889 9.2612e-06 9.9114e-06 0.0229672 -2.05863e-05 0.00567769 0.0041698 0.245696 
15.1912 4.50486e-05 0.000105221 0.0230408 -0.000147935 0.0056772 -0.0091965 0.248142 
16.1951 0.000178232 0.000404972 0.0236963 -0.000577275 0.00593211 -0.0182926 0.25615 
16.6667 0.000255492 0.000600635 0.0241402 -0.000841728 0.00606726 -0.0219013 0.261663 
16.6667 0.000269488 0.000557508 0.0215798 -0.000857724 0.00445218 -0.0219013 0.261663 
17.1383 0.000246878 0.000697842 0.0220475 -0.000918484 0.00440816 -0.0209624 0.26768 
18.1421 0.000144936 0.000975348 0.0223343 -0.000831994 0.00356827 -0.0160616 0.282517 
19.4444 1.01423e-06 0.00106112 0.0203859 7.25943e-05 0.000322298 0.00134359 0.304107 
20.7468 0.000967411 0.000542022 0.0142967 0.00160238 -0.00527912 0.041496 0.323431 
21.7506 0.00542233 1.28363e-05 0.00668469 0.000583801 -0.00777898 0.0982411 0.330896 
22.2222 0.0103939 0.000125009 0.00303161 -0.00252239 -0.00568603 0.136016 0.330066 
22.2222 0.0109479 0.004377 0.022687 -0.0396301 0.00521412 0.136016 0.330066 
22.6938 0.010636 0.00507789 0.0153255 -0.0420728 0.00493345 0.134064 0.314095 
23.6976 0.0133954 0.00915286 0.00764081 -0.0633908 0.0132174 0.150453 0.272947 
25 0.017771 0.0156727 0.0058706 -0.0955428 0.0291837 0.173292 0.200416 
26.3024 0.0133326 0.0138783 0.00933203 -0.0778746 0.0283543 0.1501 0.119105 
27.3062 0.00402814 0.00547491 0.0157691 -0.0268851 0.0141295 0.082504 0.0698537 
27.7778 0.000730698 0.00175299 0.0200491 -0.00647931 0.00864778 0.0351392 0.0561542 
27.7778 0.000768629 0.000750955 0.00216288 -0.00177865 0.00249249 0.0351392 0.0561542 
28.2494 0.000617122 0.000604866 0.00173104 -0.00143035 0.0020012 0.0314861 0.0502234 
29.2532 0.000386771 0.000382361 0.00107721 -0.000900304 0.00125554 0.0249264 0.0395423 
30.5556 0.000209978 0.000211315 0.000582653 -0.000493148 0.000686816 0.0183662 0.0288719 
31.8579 0.000111641 0.000116199 0.000317655 -0.000266649 0.000375459 0.013392 0.0209448 
32.8617 6.59612e-05 7.20993e-05 0.000202691 -0.000161449 0.000234793 0.0102938 0.0162791 
33.3333 5.02912e-05 5.69698e-05 0.000166036 -0.000125312 0.00018786 0.00898834 0.0144492 
33.3333 5.28352e-05 5.39594e-05 0.000149727 -0.000128428 0.000177599 0.00898834 0.0144492 
33.8049 4.24359e-05 4.33767e-05 0.000119671 -0.000103195 0.000142498 0.00805535 0.0128989 
34.8088 2.6574e-05 2.7269e-05 7.41673e-05 -6.47482e-05 8.91421e-05 0.0063745 0.0101118 
36.1111 1.43733e-05 1.49286e-05 3.98147e-05 -3.52332e-05 4.84463e-05 0.00468809 0.00733766 
37.4135 7.59876e-06 8.11784e-06 2.14921e-05 -1.88911e-05 2.62435e-05 0.0034087 0.00528739 
38.4173 4.46834e-06 4.99183e-06 1.35882e-05 -1.13597e-05 1.6273e-05 0.00261391 0.00408684 
38.8889 3.39988e-06 3.92818e-06 1.10784e-05 -8.79006e-06 1.29637e-05 0.00228008 0.00361756 
38.8889 3.56759e-06 3.72392e-06 1.00163e-05 -9.0008e-06 1.22845e-05 0.00228008 0.00361756 
39.3605 2.85405e-06 2.97819e-06 7.9701e-06 -7.19947e-06 9.8129e-06 0.00203936 0.00322047 
40.3643 1.77096e-06 1.85065e-06 4.89044e-06 -4.47054e-06 6.07654e-06 0.00160645 0.00250951 
41.6667 9.45571e-07 9.97006e-07 2.58895e-06 -2.39767e-06 3.25504e-06 0.00117384 0.00180666 
42.969 4.93281e-07 5.33209e-07 1.37671e-06 -1.26646e-06 1.73597e-06 0.000847831 0.00129144 
43.9728 2.87242e-07 3.23754e-07 8.59799e-07 -7.53053e-07 1.06295e-06 0.000646973 0.000991992 
44.4445 2.17636e-07 2.53306e-07 6.96846e-07 -5.79805e-07 8.41659e-07 0.000563155 0.000875489 
44.4445 2.28111e-07 2.40408e-07 6.31614e-07 -5.93305e-07 7.99506e-07 0.000563155 0.000875489 
44.9161 1.81381e-07 1.90995e-07 4.99792e-07 -4.71561e-07 6.34762e-07 0.00050217 0.0007771 
45.9199 1.11063e-07 1.16973e-07 3.0307e-07 -2.88774e-07 3.87881e-07 0.000392952 0.000601844 
47.2222 5.82584e-08 6.17892e-08 1.58035e-07 -1.52008e-07 2.04112e-07 0.000284599 0.000430042 
48.5246 2.98558e-08 3.23743e-08 8.28139e-08 -7.87672e-08 1.0688e-07 0.000203737 0.000305364 
49.5284 1.71574e-08 1.93397e-08 5.11597e-08 -4.61511e-08 6.45134e-08 0.000154448 0.000233571 
50 1.29241e-08 1.50142e-08 4.12581e-08 -3.52925e-08 5.07407e-08 0.000134046 0.000205811 
50 1.35314e-08 1.42682e-08 3.74848e-08 -3.60948e-08 4.82886e-08 0.000134046 0.000205811 
50.3222 1.15146e-08 1.21221e-08 3.18534e-08 -3.06904e-08 4.10572e-08 0.000123654 0.000189539 
51.0822 7.86169e-09 8.247e-09 2.1681e-08 -2.09168e-08 2.79805e-08 0.000102174 0.000156034 
52.2822 4.29237e-09 4.47988e-09 1.17854e-08 -1.13912e-08 1.52369e-08 7.54974e-05 0.000114685 
53.9299 1.86155e-09 1.93116e-09 5.08445e-09 -4.92532e-09 6.58745e-09 4.97188e-05 7.50501e-05 
56.0361 6.3575e-10 6.55309e-10 1.7268e-09 -1.6767e-09 2.2423e-09 2.90554e-05 4.35649e-05 
58.6154 1.69216e-10 1.73333e-10 4.57131e-10 -4.44886e-10 5.94904e-10 1.49901e-05 2.23281e-05 
61.6866 3.46822e-11 3.53235e-11 9.32303e-11 -9.09229e-11 1.21572e-10 6.78636e-06 1.00476e-05 
65.2734 5.39756e-12 5.47036e-12 1.44476e-11 -1.41155e-11 1.88723e-11 2.67721e-06 3.94315e-06 
69.406 6.27339e-13 6.33251e-13 1.67337e-12 -1.6373e-12 2.18894e-12 9.12714e-07 1.33857e-06 
74.1224 5.33659e-14 5.37013e-14 1.41965e-13 -1.39063e-13 1.85909e-13 2.66204e-07 3.89121e-07 
79.4712 3.23995e-15 3.25287e-15 8.60197e-15 -8.43316e-15 1.12736e-14 6.55922e-08 9.56452e-08 
85.5152 1.35914e-16 1.36238e-16 3.6035e-16 -3.53484e-16 4.72534e-16 1.34343e-08 1.95564e-08 
92.3372 3.77422e-18 3.7793e-18 9.99764e-18 -9.81087e-18 1.31149e-17 2.23871e-09 3.25527e-09 
100.05 6.54288e-20 6.54749e-20 1.7322e-19 -1.70024e-19 2.27282e-19 2.9476e-10 4.28312e-10 
108.815 6.51272e-22 6.51489e-22 1.72366e-21 -1.69209e-21 2.2619e-21 2.94079e-11 4.27156e-11 
118.873 3.27971e-24 3.27997e-24 8.67898e-24 -8.52002e-24 1.13893e-23 2.0869e-12 3.03079e-12 
130.621 6.77918e-27 6.79385e-27 1.79055e-26 -1.76293e-26 2.35485e-26 9.48794e-14 1.37482e-13 
144.822 3.77374e-30 3.40724e-30 1.12178e-29 -9.31484e-30 1.31114e-29 2.23856e-15 3.62428e-15 
163.424 4.90769e-33 2.43148e-32 3.66236e-32 -2.83767e-32 3.63945e-32 8.07276e-17 -3.71816e-16 
