0 0.0694454 0.00771304 7.77682e-11 -0.0467604 0.0161315 -0.392557 0.570968 
0.4716 0.0411338 0.00253063 0.00313151 -0.0206138 -0.0129682 -0.302121 0.588578 
1.47542 0.0109916 7.3597e-05 0.0197086 0.0018172 -0.0306469 -0.156175 0.598833 
2.77778 0.000635947 0.00285157 0.0399321 0.0027208 -0.0186983 -0.0375657 0.575074 
4.08014 0.000300263 0.0054797 0.0504453 -0.00259163 -0.00184513 0.0258127 0.52866 
5.08396 0.00103686 0.00615511 0.0532146 -0.00510412 0.00747857 0.0479668 0.486535 
5.55556 0.00121776 0.00606012 0.0536004 -0.00548864 0.0105503 0.0519831 0.4664 
5.55556 0.00128838 0.00552839 0.0475922 -0.00556337 0.00641181 0.0519831 0.4664 
6.02716 0.0016758 0.00553122 0.047032 -0.00634655 0.00884064 0.0592858 0.447781 
7.03098 0.00212577 0.00506381 0.0442664 -0.00683932 0.0117364 0.0667725 0.408877 
8.33333 0.00198789 0.00389042 0.039333 -0.0057971 0.0123137 0.0645707 0.362529 
9.63569 0.00134739 0.00252152 0.0347056 -0.00384233 0.0111568 0.0531601 0.323497 
10.6395 0.000749743 0.00153339 0.0320876 -0.00223511 0.0100291 0.0396548 0.299651 
11.1111 0.000489554 0.00112239 0.0312564 -0.00154522 0.00959895 0.0320435 0.29056 
11.1111 0.000517137 0.00103943 0.0278493 -0.00157535 0.00744935 0.0320435 0.29056 
11.5827 0.000409473 0.000775831 0.0270676 -0.00121108 0.00716364 0.0285135 0.283246 
12.5865 0.000194776 0.000327125 0.0256765 -0.000542378 0.00653373 0.0196655 0.27133 
13.8889 2.3762e-05 2.55735e-05 0.0245828 -5.29681e-05 0.00594423 0.00686877 0.263549 
15.1912 1.62678e-05 6.0336e-05 0.0243353 -6.73179e-05 0.00574411 -0.00568332 0.264489 
16.1951 9.88971e-05 0.000292312 0.0246268 -0.000365336 0.0057611 -0.0140129 0.270957 
16.6667 0.000149054 0.000449179 0.0248598 -0.000555981 0.00576113 -0.0172032 0.27562 
16.6667 0.00015722 0.00041512 0.0222229 -0.000565318 0.00410066 -0.0172032 0.27562 
17.1383 0.000132443 0.000524337 0.0224488 -0.00058314 0.00393618 -0.0157896 0.28075 
18.1421 4.98392e-05 0.000729031 0.022176 -0.000421804 0.00286175 -0.00968593 0.293426 
19.4444 4.75539e-05 0.000748414 0.0195264 0.000417461 -0.000448474 0.00946126 0.311612 
20.7468 0.00138153 0.000302618 0.0131123 0.0014308 -0.00542701 0.050996 0.326991 
21.7506 0.00617482 4.36295e-06 0.0058255 -0.000363207 -0.00683253 0.107812 0.331396 
22.2222 0.0111733 0.000266978 0.00251338 -0.00382191 -0.00420497 0.145026 0.329288 
22.2222 0.0117689 0.00533996 0.0188108 -0.0453845 0.00676543 0.145026 0.329288 
22.6938 0.0119559 0.00638109 0.0130919 -0.0500045 0.00789745 0.146174 0.311721 
23.6976 0.0148978 0.0106786 0.00711572 -0.0722085 0.0172003 0.16317 0.26695 
25 0.0181251 0.0161212 0.00594674 -0.097861 0.0308287 0.179978 0.192342 
26.3024 0.0127432 0.0132221 0.00927897 -0.0743121 0.0274058 0.15091 0.11276 
27.3062 0.00383344 0.00513245 0.0150429 -0.0253938 0.0134572 0.0827699 0.0656579 
27.7778 0.000754422 0.00169475 0.0187878 -0.00647336 0.00827754 0.0367185 0.0525241 
27.7778 0.000793584 0.00070503 0.00202612 -0.00175116 0.00245583 0.0367185 0.0525241 
28.2494 0.000629414 0.000562825 0.00160769 -0.00139342 0.00195113 0.0327007 0.0468727 
29.2532 0.000385169 0.000349756 0.000984394 -0.000859279 0.00119948 0.0255808 0.0367602 
30.5556 0.000203626 0.000189768 0.000523597 -0.000460207 0.00064164 0.0185997 0.0267471 
31.8579 0.00010601 0.000102864 0.000281944 -0.000244473 0.000344481 0.0134203 0.0193694 
32.8617 6.19546e-05 6.33239e-05 0.00017859 -0.000146638 0.000213058 0.0102595 0.0150514 
33.3333 4.71164e-05 4.99137e-05 0.00014582 -0.000113533 0.000169735 0.00894695 0.0133622 
33.3333 4.94998e-05 4.73551e-05 0.000131497 -0.000116453 0.000161008 0.00894695 0.0133622 
33.8049 3.95331e-05 3.79647e-05 0.000104816 -9.31825e-05 0.000128654 0.00799564 0.0119318 
34.8088 2.45082e-05 2.37668e-05 6.47039e-05 -5.80505e-05 7.99221e-05 0.00629548 0.00936459 
36.1111 1.31325e-05 1.29782e-05 3.46766e-05 -3.14011e-05 4.31903e-05 0.00460837 0.00681379 
37.4135 6.90809e-06 7.06022e-06 1.8752e-05 -1.67978e-05 2.33442e-05 0.00334235 0.00492965 
38.4173 4.06391e-06 4.3534e-06 1.18897e-05 -1.0117e-05 1.44831e-05 0.00256357 0.00382551 
38.8889 3.09971e-06 3.43396e-06 9.70592e-06 -7.84734e-06 1.15489e-05 0.00223889 0.00339333 
38.8889 3.25261e-06 3.25868e-06 8.77548e-06 -8.03952e-06 1.09656e-05 0.00223889 0.00339333 
39.3605 2.60205e-06 2.61158e-06 6.99642e-06 -6.43729e-06 8.76889e-06 0.00200251 0.00302703 
40.3643 1.61674e-06 1.63181e-06 4.31647e-06 -4.01097e-06 5.44964e-06 0.00157848 0.00237 
41.6667 8.66846e-07 8.87049e-07 2.30708e-06 -2.1654e-06 2.93972e-06 0.00115582 0.00171815 
42.969 4.55409e-07 4.79559e-07 1.24166e-06 -1.15403e-06 1.58244e-06 0.000837758 0.00123797 
43.9728 2.67493e-07 2.94112e-07 7.83305e-07 -6.92638e-07 9.77427e-07 0.000642057 0.000957416 
44.4445 2.03889e-07 2.31414e-07 6.37671e-07 -5.36397e-07 7.77521e-07 0.000560551 0.000847823 
44.4445 2.13702e-07 2.19759e-07 5.77979e-07 -5.49046e-07 7.39405e-07 0.000560551 0.000847823 
44.9161 1.70594e-07 1.75519e-07 4.59731e-07 -4.38404e-07 5.89799e-07 0.000500832 0.000754985 
45.9199 1.05422e-07 1.08784e-07 2.82124e-07 -2.71319e-07 3.64311e-07 0.00039371 0.000588925 
47.2222 5.60423e-08 5.84191e-08 1.49671e-07 -1.44966e-07 1.94691e-07 0.000287057 0.000424994 
48.5246 2.91574e-08 3.11483e-08 7.99302e-08 -7.63523e-08 1.03683e-07 0.000207054 0.000305016 
49.5284 1.6995e-08 1.88823e-08 5.01195e-08 -4.53857e-08 6.34696e-08 0.000158078 0.000235367 
50 1.29096e-08 1.47726e-08 4.0684e-08 -3.49878e-08 5.02702e-08 0.000137774 0.000208281 
50 1.35163e-08 1.40434e-08 3.69632e-08 -3.57893e-08 4.78694e-08 0.000137774 0.000208281 
50.3362 1.1475e-08 1.19092e-08 3.13504e-08 -3.03672e-08 4.06164e-08 0.000126945 0.000191685 
51.1292 7.79408e-09 8.06882e-09 2.12479e-08 -2.06004e-08 2.75522e-08 0.000104622 0.000157565 
52.3814 4.22399e-09 4.35725e-09 1.14796e-08 -1.11444e-08 1.49043e-08 7.70194e-05 0.000115559 
54.1008 1.81575e-09 1.86502e-09 4.9164e-09 -4.78034e-09 6.39272e-09 5.04972e-05 7.54248e-05 
56.2986 6.14283e-10 6.28066e-10 1.65667e-09 -1.61352e-09 2.15761e-09 2.93713e-05 4.36588e-05 
58.9901 1.61989e-10 1.64878e-10 4.35167e-10 -4.24535e-10 5.67651e-10 1.50828e-05 2.23131e-05 
62.1948 3.29174e-11 3.33656e-11 8.81119e-11 -8.60895e-11 1.15105e-10 6.7991e-06 1.00143e-05 
65.9376 5.08457e-12 5.13527e-12 1.35678e-11 -1.32739e-11 1.77467e-11 2.67218e-06 3.92078e-06 
70.2499 5.87264e-13 5.91368e-13 1.56307e-12 -1.53085e-12 2.04661e-12 9.08145e-07 1.3283e-06 
75.1714 4.97053e-14 4.99376e-14 1.32033e-13 -1.29421e-13 1.73018e-13 2.64205e-07 3.85492e-07 
80.7528 3.00586e-15 3.01479e-15 7.97281e-15 -7.8199e-15 1.04539e-14 6.49716e-08 9.46265e-08 
87.0596 1.25714e-16 1.25939e-16 3.33106e-16 -3.26859e-16 4.3695e-16 1.32871e-08 1.93273e-08 
94.1784 3.48293e-18 3.48642e-18 9.22252e-18 -9.05212e-18 1.21009e-17 2.21162e-09 3.21433e-09 
102.227 6.02679e-20 6.02996e-20 1.59519e-19 -1.56599e-19 2.0934e-19 2.90925e-10 4.2261e-10 
111.373 5.98958e-22 5.99112e-22 1.58496e-21 -1.55611e-21 2.08018e-21 2.90026e-11 4.2118e-11 
121.868 3.01175e-24 3.01175e-24 7.96911e-24 -7.82361e-24 1.04588e-23 2.05659e-12 2.98635e-12 
134.127 6.21877e-27 6.2353e-27 1.64164e-26 -1.61759e-26 2.16027e-26 9.34525e-14 1.35353e-13 
148.946 3.38712e-30 3.01088e-30 1.03706e-29 -8.29564e-30 1.1849e-29 2.18099e-15 3.59643e-15 
168.356 4.6417e-33 2.93825e-32 3.27979e-32 -3.03369e-32 4.12913e-32 8.07379e-17 -3.65621e-16 
