0 5.98576e-29 2.45656e-29 4.70063e-29 -7.7476e-29 1.1638e-28 -9.62749e-16 2.60983e-16 
0.2358 4.80847e-30 3.01548e-31 6.55113e-30 2.4329e-30 8.19486e-30 -2.72871e-16 3.78851e-16 
0.73771 6.24148e-31 1.95765e-31 4.69065e-30 7.06245e-31 3.12544e-30 9.83099e-17 3.04911e-16 
1.38889 1.06367e-30 5.6891e-30 1.88073e-31 -4.97014e-30 7.06398e-30 1.28338e-16 2.38178e-16 
2.04007 8.55022e-31 1.0449e-29 8.71361e-31 -6.03906e-30 1.04003e-29 1.15065e-16 -5.81221e-16 
2.54198 3.26269e-29 6.38741e-30 3.63451e-30 -2.91671e-29 3.87981e-29 -7.1079e-16 -6.2118e-16 
2.77778 8.87419e-30 3.38372e-31 1.8421e-28 -3.5011e-30 1.25927e-28 -3.70696e-16 -4.52791e-16 
2.77778 8.87419e-30 6.0027e-32 2.93751e-29 -1.47462e-30 2.6143e-29 -3.70696e-16 -4.52791e-16 
3.01358 3.42009e-30 1.14015e-29 6.0447e-30 -1.26166e-29 1.93305e-29 -2.30129e-16 -2.84768e-16 
3.51549 9.10028e-32 2.02702e-30 4.40486e-31 8.67762e-31 2.29722e-30 3.75388e-17 2.06195e-16 
4.16667 1.28857e-29 7.08419e-30 5.46486e-32 -1.93038e-29 2.06988e-29 4.46692e-16 -1.30698e-17 
4.81785 1.16378e-30 3.3901e-31 1.43628e-30 -1.26907e-30 8.09293e-31 1.34242e-16 -4.59288e-16 
5.31976 2.04855e-30 3.67891e-30 1.86763e-34 -5.5466e-30 5.35401e-30 -1.78105e-16 -3.14598e-16 
5.55556 1.90617e-29 2.16067e-30 2.49662e-29 -1.29664e-29 3.71225e-29 -5.43293e-16 -1.71733e-16 
5.55556 2.01672e-29 1.04969e-30 6.28991e-29 9.59111e-30 6.18802e-29 -5.43293e-16 -1.71733e-16 
5.79136 2.75355e-30 1.22157e-31 4.6636e-30 -1.20899e-30 5.6377e-30 -2.00751e-16 -1.90204e-16 
6.29327 4.67389e-30 3.97912e-31 1.91496e-31 -2.84282e-30 5.2205e-30 -2.61548e-16 -7.84956e-17 
6.94444 5.23579e-32 7.94073e-33 2.6944e-30 4.25048e-32 1.79717e-30 2.76823e-17 -2.7831e-17 
7.59562 1.50718e-30 3.03672e-30 2.18527e-30 4.45965e-30 6.19329e-30 1.48523e-16 1.31313e-16 
8.09753 1.40944e-30 4.03188e-30 1.02709e-30 4.96929e-30 4.75614e-30 1.43627e-16 4.85581e-16 
8.33333 2.27719e-29 2.33557e-32 1.31671e-29 -1.52024e-30 2.88944e-29 5.77313e-16 5.70535e-16 
8.33333 2.27719e-29 6.46457e-30 5.56769e-29 -2.52921e-29 6.35844e-29 5.77313e-16 5.70535e-16 
8.56913 1.23627e-31 2.12932e-29 1.16167e-28 3.38216e-30 9.49761e-29 4.25372e-17 7.23144e-16 
9.07104 1.71204e-28 1.32121e-28 4.8284e-28 -3.13515e-28 6.0541e-28 -1.58296e-15 1.85214e-15 
9.72222 3.53934e-27 3.46364e-27 7.65596e-27 -7.29868e-27 1.18597e-26 -7.19736e-15 8.20898e-15 
10.3734 5.44391e-26 5.33351e-26 1.2893e-25 -1.12326e-25 1.88608e-25 -2.82272e-14 3.43099e-14 
10.8753 4.90873e-25 4.98715e-25 1.18453e-24 -1.0314e-24 1.73509e-24 -8.47611e-14 1.02844e-13 
11.1111 1.37913e-24 1.37992e-24 3.2902e-24 -2.87571e-24 4.82584e-24 -1.42074e-13 1.72663e-13 
11.1111 1.45683e-24 6.1938e-25 4.92616e-24 2.04109e-24 5.15088e-24 -1.42074e-13 1.72663e-13 
11.3469 4.87323e-24 8.51182e-24 9.78377e-24 -1.38388e-23 2.02441e-23 -2.59847e-13 2.91585e-13 
11.8488 3.20922e-23 2.62937e-23 8.28127e-23 -6.2417e-23 1.10412e-22 -6.66821e-13 8.55651e-13 
12.5 6.68251e-22 7.07522e-22 1.5884e-21 -1.47747e-21 2.40861e-21 -3.04284e-12 3.60114e-12 
13.1512 1.15122e-20 1.15815e-20 2.77019e-20 -2.48107e-20 4.09393e-20 -1.26296e-11 1.53308e-11 
13.6531 1.06859e-19 1.09895e-19 2.58364e-19 -2.32848e-19 3.83615e-19 -3.84783e-11 4.6552e-11 
13.8889 3.01654e-19 3.05519e-19 7.20338e-19 -6.52306e-19 1.07143e-18 -6.46493e-11 7.84823e-11 
13.8889 3.01654e-19 1.26967e-19 1.17104e-18 4.20512e-19 1.1634e-18 -6.46493e-11 7.84823e-11 
14.1247 1.11453e-18 1.99186e-18 2.2564e-18 -3.20149e-18 4.69942e-18 -1.24267e-10 1.36463e-10 
14.6266 7.53396e-18 6.2508e-18 1.92054e-17 -1.47454e-17 2.58762e-17 -3.23088e-10 4.11286e-10 
15.2778 1.54578e-16 1.64097e-16 3.67735e-16 -3.42217e-16 5.577e-16 -1.46347e-09 1.73737e-09 
15.929 2.64396e-15 2.67187e-15 6.37985e-15 -5.71101e-15 9.42384e-15 -6.05252e-09 7.37767e-09 
16.4309 2.43676e-14 2.51838e-14 5.91044e-14 -5.32285e-14 8.76998e-14 -1.83745e-08 2.23445e-08 
16.6667 6.8534e-14 6.9804e-14 1.64281e-13 -1.48618e-13 2.44149e-13 -3.0815e-08 3.76171e-08 
16.6667 7.22884e-14 1.25279e-14 2.42144e-13 6.65925e-14 2.35896e-13 -3.0815e-08 3.76171e-08 
16.9025 2.31901e-13 3.8733e-13 4.73656e-13 -6.63199e-13 9.55664e-13 -5.51923e-08 6.34294e-08 
17.4044 1.58781e-12 1.3791e-12 4.13093e-12 -3.27453e-12 5.62694e-12 -1.4442e-07 1.86194e-07 
18.0556 3.1627e-11 3.44122e-11 7.64621e-11 -7.30025e-11 1.16758e-10 -6.4455e-07 7.81567e-07 
18.7067 5.2703e-10 5.53394e-10 1.29826e-09 -1.19505e-09 1.93371e-09 -2.63115e-06 3.28938e-06 
19.2086 4.68382e-09 5.06037e-09 1.16429e-08 -1.07732e-08 1.74059e-08 -7.84383e-06 9.86524e-06 
19.4444 1.29e-08 1.38134e-08 3.18449e-08 -2.95391e-08 4.762e-08 -1.30174e-05 1.65033e-05 
19.4444 1.29e-08 4.07916e-09 4.68381e-08 -1.60521e-08 4.63999e-08 -1.30174e-05 1.65033e-05 
19.6802 3.82026e-08 5.06014e-08 8.47448e-08 -9.72927e-08 1.45964e-07 -2.24014e-05 2.7912e-05 
20.1822 2.95039e-07 3.07219e-07 7.74479e-07 -6.66218e-07 1.10597e-06 -6.22541e-05 8.16943e-05 
20.8333 4.68162e-06 5.42546e-06 1.19661e-05 -1.11524e-05 1.79377e-05 -0.000247985 0.000330056 
21.4845 6.48623e-05 7.74068e-05 0.000173367 -0.000156797 0.000254714 -0.000923048 0.00129449 
21.9864 0.000456964 0.000582933 0.00126645 -0.0011421 0.00185621 -0.00245002 0.00362305 
22.2222 0.00109694 0.00144283 0.00311876 -0.00278389 0.00453837 -0.00379594 0.00581686 
22.2222 0.00115542 0.00294906 0.0231209 -0.0105677 0.0117856 -0.00379594 0.00581686 
22.3794 0.0129901 0.0162258 0.0171921 -0.083115 0.0367543 -0.0127279 0.0101623 
22.714 0.0406139 0.0429984 0.0256246 -0.23924 0.0936487 -0.0225055 0.0274357 
23.1481 0.0507822 0.0516244 0.0703784 -0.293126 0.109907 -0.0251655 0.0560637 
23.5823 0.0406523 0.0409345 0.147038 -0.233538 0.0814714 -0.0225161 0.0840323 
23.9169 0.0272883 0.0273505 0.215131 -0.156402 0.0475167 -0.0184475 0.10236 
24.0741 0.0209237 0.0210382 0.246368 -0.120114 0.0318688 -0.0161536 0.109594 
24.0741 0.0209237 0.0209761 0.246025 -0.119937 0.0316869 -0.0161536 0.109594 
24.2313 0.0149572 0.0149866 0.274342 -0.0857131 0.0168782 -0.0136576 0.115825 
24.5659 0.00496049 0.00496705 0.321167 -0.0284173 -0.0078318 -0.00786526 0.125428 
25 2.67308e-06 2.67416e-06 0.34422 -1.53063e-05 -0.0200518 0.000182581 0.129886 
25.4341 0.00541356 0.00542058 0.31905 -0.0310124 -0.0067181 0.00821659 0.125013 
25.7687 0.0156706 0.0157013 0.270982 -0.0898007 0.0186349 0.0139795 0.115109 
25.9259 0.0217145 0.021769 0.242271 -0.12447 0.0336373 0.016456 0.108747 
25.9259 0.0217145 0.0218334 0.242618 -0.124654 0.0338232 0.016456 0.108747 
26.0831 0.0281203 0.0281847 0.211126 -0.161171 0.0495724 0.0187267 0.101392 
26.4177 0.0414395 0.04173 0.143004 -0.238068 0.0834387 0.022733 0.0828419 
26.8519 0.0511872 0.0520494 0.0672322 -0.295501 0.110986 0.0252657 0.054683 
27.286 0.0402829 0.0427047 0.0238512 -0.237448 0.0929812 0.0224135 0.0260307 
27.6206 0.0122561 0.0154691 0.016184 -0.0788279 0.0349859 0.0123631 0.00893013 
27.7778 0.000835174 0.00246107 0.0224235 -0.00820769 0.0107579 0.0032273 0.00476208 
27.7778 0.000878528 0.00113205 0.00243596 -0.00233473 0.00365049 0.0032273 0.00476208 
28.0136 0.000353152 0.000444671 0.000960675 -0.000927741 0.00144754 0.00204617 0.00292779 
28.5155 4.69588e-05 5.56156e-05 0.000123867 -0.000119642 0.000186676 0.000746139 0.00102021 
29.1667 3.17779e-06 3.69477e-06 8.03912e-06 -8.02199e-06 1.23798e-05 0.000194099 0.000252386 
29.8178 1.85329e-07 1.88723e-07 4.86713e-07 -4.37834e-07 7.03354e-07 4.6874e-05 6.0777e-05 
30.3198 2.39073e-08 3.41812e-08 5.15104e-08 -6.69245e-08 9.50157e-08 1.68355e-05 2.03742e-05 
30.5556 7.64794e-09 9.25502e-10 2.94715e-08 -6.22855e-09 2.74618e-08 9.52211e-06 1.18847e-05 
30.5556 7.64794e-09 8.21736e-09 1.87778e-08 -1.85594e-08 2.87402e-08 9.52211e-06 1.18847e-05 
30.7914 2.72615e-09 2.95923e-09 6.74852e-09 -6.64951e-09 1.03216e-08 5.68507e-06 7.03915e-06 
31.2933 2.94677e-10 3.10434e-10 7.22736e-10 -7.08082e-10 1.1009e-09 1.86911e-06 2.30198e-06 
31.9444 1.68906e-11 1.8546e-11 4.05513e-11 -4.14356e-11 6.35409e-11 4.4749e-07 5.32665e-07 
32.5956 7.97707e-13 6.81091e-13 2.0391e-12 -1.72564e-12 2.84719e-12 9.72485e-08 1.22619e-07 
33.0975 1.13411e-13 2.15846e-13 2.27324e-13 -3.66291e-13 5.04378e-13 3.66681e-08 3.90426e-08 
33.3333 2.69364e-14 1.59025e-14 1.29331e-13 4.84538e-14 1.28299e-13 1.78703e-08 2.15583e-08 
33.3333 2.8299e-14 2.95979e-14 6.8065e-14 -6.96114e-14 1.05587e-13 1.78703e-08 2.15583e-08 
33.5691 9.82442e-15 1.04262e-14 2.39157e-14 -2.43434e-14 3.70334e-14 1.05293e-08 1.26304e-08 
34.071 1.00759e-15 1.03994e-15 2.43509e-15 -2.46212e-15 3.75261e-15 3.37199e-09 4.04519e-09 
34.7222 5.48285e-17 5.97485e-17 1.30172e-16 -1.37667e-16 2.06728e-16 7.8659e-10 9.12872e-10 
35.3734 2.38954e-18 1.91752e-18 6.15549e-18 -5.14864e-18 8.49014e-18 1.64211e-10 2.06913e-10 
35.8753 3.56005e-19 7.20275e-19 6.91497e-19 -1.21798e-18 1.62996e-18 6.33831e-11 6.64758e-11 
36.1111 8.70825e-20 1.13234e-19 3.80635e-19 2.38847e-19 4.6429e-19 3.13481e-11 3.72621e-11 
36.1111 8.70825e-20 8.9704e-20 2.07389e-19 -2.12587e-19 3.22291e-19 3.13481e-11 3.72621e-11 
36.3469 2.99369e-20 3.13479e-20 7.2277e-20 -7.36838e-20 1.12067e-19 1.83801e-11 2.17469e-11 
36.8488 3.01211e-21 3.07126e-21 7.22607e-21 -7.31575e-21 1.1148e-20 5.83017e-12 6.9159e-12 
37.5 1.61132e-22 1.74444e-22 3.79941e-22 -4.03258e-22 6.04911e-22 1.34845e-12 1.54749e-12 
38.1512 6.85798e-24 5.38091e-24 1.74694e-23 -1.46114e-23 2.41129e-23 2.78191e-13 3.47326e-13 
38.6531 1.02474e-24 2.17706e-24 1.97082e-24 -3.59258e-24 4.80518e-24 1.07535e-13 1.08628e-13 
38.8889 2.20911e-25 4.21323e-25 1.1247e-24 7.33805e-25 1.43772e-24 4.99291e-14 5.90726e-14 
38.8889 2.31808e-25 2.38256e-25 5.36333e-25 -5.80336e-25 8.53474e-25 4.99291e-14 5.90726e-14 
39.1247 8.0816e-26 8.36168e-26 1.9211e-25 -2.02997e-25 3.01883e-25 2.94807e-14 3.43639e-14 
39.6266 7.64926e-27 8.12328e-27 1.8806e-26 -1.94657e-26 2.92057e-26 9.06984e-15 1.07157e-14 
40.2778 4.57324e-28 3.9269e-28 8.85618e-28 -1.04648e-27 1.48929e-27 2.2177e-15 2.37286e-15 
40.929 2.6413e-29 1.32592e-29 6.64168e-29 -4.62127e-29 8.4272e-29 5.32965e-16 6.77476e-16 
41.4309 1.29188e-29 1.34153e-29 1.10129e-30 -3.25092e-29 2.97704e-29 3.72736e-16 1.89743e-16 
41.6667 8.6966e-30 1.03818e-30 1.07502e-29 7.42002e-30 1.76481e-29 3.05819e-16 5.74927e-17 
41.6667 8.6966e-30 1.637e-29 1.13816e-28 -2.94641e-29 1.04043e-28 3.05819e-16 5.74927e-17 
41.9025 1.78905e-31 9.0012e-32 7.34489e-32 -3.13369e-31 3.33122e-31 -4.38633e-17 -3.80177e-17 
42.4044 2.08835e-30 6.07297e-31 5.25484e-31 2.78097e-30 3.20635e-30 1.49862e-16 1.01695e-16 
43.0556 5.50631e-31 4.29544e-32 2.29188e-30 3.79776e-31 2.03841e-30 -7.69521e-17 1.28238e-16 
43.7067 1.90493e-32 1.10165e-30 5.89592e-32 3.57729e-31 1.32344e-30 -1.4313e-17 3.20594e-17 
44.2087 3.93249e-30 7.22943e-31 6.35659e-32 -4.1637e-30 5.04514e-30 -2.05648e-16 -7.31524e-17 
44.4445 1.07576e-31 4.85823e-29 2.87386e-29 -5.64535e-30 7.51809e-29 -3.40132e-17 1.49188e-16 
44.4445 1.12754e-31 2.64177e-30 9.53035e-29 -1.38275e-30 6.68052e-29 -3.40132e-17 1.49188e-16 
44.6803 1.73401e-29 5.90527e-30 2.73233e-31 -2.56376e-29 2.56964e-29 4.21802e-16 7.91876e-17 
45.1822 3.80464e-33 9.68692e-31 7.22548e-30 -1.53808e-31 5.94234e-30 -6.24797e-18 -5.24329e-17 
45.8333 6.38149e-31 3.95781e-31 1.54115e-30 1.27326e-30 2.0891e-30 -8.09176e-17 1.07518e-16 
46.4845 1.65251e-30 9.61091e-32 4.80131e-31 -1.00968e-30 2.05971e-30 1.30213e-16 -1.41769e-16 
46.9864 5.37418e-30 4.09414e-30 4.467e-31 -1.18841e-29 1.07785e-29 -2.34822e-16 9.31799e-17 
47.2222 1.57937e-29 4.42111e-29 2.60442e-28 -6.69481e-29 2.42638e-28 4.02554e-16 1.19935e-17 
47.2222 1.57937e-29 1.11162e-31 2.87665e-29 3.357e-30 3.64304e-29 4.02554e-16 1.19935e-17 
47.458 1e-30 1.02108e-32 6.77202e-30 2.56013e-31 5.61976e-30 1.01294e-16 2.39869e-17 
47.9599 2.00819e-30 3.47315e-37 7.11128e-31 2.1159e-33 2.63588e-30 -1.43544e-16 3.13675e-17 
48.6111 5.20425e-32 2.40573e-31 2.48123e-30 2.83487e-31 1.99542e-30 -2.31079e-17 -8.39926e-18 
49.2623 4.66721e-30 3.45404e-32 1.98954e-31 -1.01724e-30 5.1416e-30 2.18832e-16 -9.41794e-17 
49.7642 1.1438e-30 2.15121e-30 1.23105e-30 3.97417e-30 4.54946e-30 1.08332e-16 -2.02197e-17 
50 2.18248e-29 5.94585e-30 7.08369e-29 2.88611e-29 7.77826e-29 4.73214e-16 1.03953e-16 
50 2.28504e-29 1.55443e-32 2.80413e-29 -1.54818e-30 4.36349e-29 4.73214e-16 1.03953e-16 
50.0758 1.7399e-29 5.33931e-32 5.19558e-29 -2.50376e-30 5.38276e-29 4.12927e-16 1.0107e-16 
50.2545 3.19995e-30 2.14205e-30 7.61215e-31 -6.80104e-30 6.45501e-30 1.77085e-16 6.2783e-17 
50.5368 4.68145e-31 1.68208e-30 8.35728e-30 -2.30517e-30 8.05357e-30 6.77331e-17 -6.28888e-17 
50.9243 5.71013e-30 3.09171e-31 2.49781e-30 -3.45152e-30 8.20069e-30 -2.36556e-16 -7.91491e-17 
51.4197 4.38853e-30 7.96181e-32 3.29146e-30 -1.53551e-30 7.05518e-30 2.07382e-16 -5.44126e-17 
52.0263 3.34299e-32 2.15012e-31 1.35564e-30 -2.20235e-31 1.16794e-30 -1.81e-17 -6.18893e-17 
52.7486 3.99563e-33 1.08792e-31 3.6309e-31 -5.41601e-32 3.55974e-31 -6.25754e-18 4.94346e-17 
53.5922 1.53981e-31 1.24403e-32 8.41932e-31 -1.13694e-31 7.30038e-31 3.88458e-17 4.77816e-17 
54.5642 1.2279e-31 3.30938e-32 5.53487e-34 1.65593e-31 1.68023e-31 -3.4689e-17 2.38331e-17 
55.6735 3.64139e-32 1.9613e-32 1.12082e-31 -6.94216e-32 1.20428e-31 1.88906e-17 -4.7157e-17 
56.9315 1.90835e-32 2.87207e-32 3.07253e-32 6.08156e-32 7.17408e-32 1.36754e-17 -1.9941e-17 
58.353 1.2877e-32 3.35393e-33 1.78057e-33 1.70716e-32 1.88612e-32 -1.12336e-17 -5.61713e-18 
59.9575 1.55857e-33 1.30888e-33 2.45479e-32 -3.71023e-33 1.87849e-32 -3.90817e-18 -1.09387e-17 
61.7716 1.75239e-33 4.92959e-35 6.44455e-34 7.635e-34 2.32256e-33 -4.14406e-18 -3.08095e-18 
63.833 9.12326e-34 3.65098e-34 2.17286e-33 1.49923e-33 2.8752e-33 2.9901e-18 5.72404e-19 
66.1985 1.96899e-33 8.01666e-35 3.3012e-33 -1.03206e-33 4.39448e-33 4.39271e-18 2.75691e-18 
68.9618 7.75848e-36 6.10349e-35 2.33291e-35 5.65282e-35 7.37966e-36 2.7574e-19 3.35514e-18 
72.3017 1.01218e-33 8.10052e-35 9.04153e-34 7.4383e-34 1.7871e-33 -3.14949e-18 1.4247e-18 
76.6767 5.12186e-35 1.80468e-35 2.5307e-34 7.89773e-35 2.46803e-34 7.08475e-19 -3.36355e-20 
