0 0.0662119 0.00735416 4.65332e-11 -0.0445839 0.0156592 -0.393699 0.571162 
0.4716 0.0401787 0.00256155 0.0027713 -0.0204971 -0.0112103 -0.306686 0.588295 
1.47542 0.0115983 2.69298e-05 0.0177854 0.00112916 -0.0288127 -0.164776 0.599491 
2.77778 0.000955467 0.00236234 0.0369599 0.00303545 -0.0190022 -0.0472938 0.579086 
4.08014 0.000127711 0.00481732 0.0478638 -0.00158475 -0.00341967 0.0172906 0.536741 
5.08396 0.000721902 0.00555692 0.0514052 -0.00404669 0.00572081 0.0411089 0.497577 
5.55556 0.000905162 0.00553196 0.0521764 -0.00452112 0.00887037 0.046032 0.478687 
5.55556 0.000957656 0.00503341 0.0463279 -0.0045767 0.00484062 0.046032 0.478687 
6.02716 0.00132213 0.00508928 0.0461848 -0.00540731 0.00737558 0.0540868 0.461146 
7.03098 0.00179969 0.00475221 0.0442721 -0.00609625 0.010649 0.0631035 0.424216 
8.33333 0.00177037 0.00373532 0.0402298 -0.00536059 0.011791 0.0625874 0.379755 
9.63569 0.00124403 0.00247772 0.0361879 -0.00365981 0.0111004 0.0524651 0.341889 
10.6395 0.000713414 0.00154186 0.03383 -0.0021863 0.0102213 0.0397306 0.318494 
11.1111 0.000475603 0.00114608 0.0330708 -0.00153902 0.00987176 0.0324397 0.309485 
11.1111 0.000502399 0.00106038 0.0294658 -0.00156831 0.00759648 0.0324397 0.309485 
11.5827 0.000409097 0.000806308 0.0287286 -0.00123407 0.00736761 0.0292729 0.30218 
12.5865 0.000213398 0.000363782 0.0273566 -0.000598678 0.00680097 0.021142 0.290056 
13.8889 4.06608e-05 4.36784e-05 0.0261454 -9.05522e-05 0.00617672 0.00922869 0.281556 
15.1912 2.69887e-06 3.14313e-05 0.0256238 -1.97902e-05 0.00581517 -0.00237762 0.281257 
16.1951 4.63847e-05 0.000207283 0.0255904 -0.000210691 0.00562722 -0.00985688 0.28639 
16.6667 7.57438e-05 0.000331718 0.0256338 -0.000340593 0.00550993 -0.0125958 0.290301 
16.6667 7.98932e-05 0.000304856 0.0229147 -0.000345346 0.00380088 -0.0125958 0.290301 
17.1383 5.74673e-05 0.000388606 0.0229244 -0.000330687 0.00353352 -0.0106827 0.294642 
18.1421 5.65259e-06 0.000535996 0.0221569 -0.000121803 0.00226776 -0.00335038 0.30538 
19.4444 0.000154829 0.000511591 0.0189011 0.000622787 -0.00106343 0.0175346 0.320517 
20.7468 0.0018407 0.000146003 0.0122152 0.00114716 -0.00546639 0.0604593 0.33239 
21.7506 0.00694607 5.16584e-05 0.00519176 -0.00132554 -0.00593614 0.117447 0.334107 
22.2222 0.0119758 0.000439978 0.00214609 -0.00507948 -0.00287224 0.154213 0.33089 
22.2222 0.0126142 0.00631802 0.0160628 -0.0511082 0.00841885 0.154213 0.33089 
22.6938 0.0132007 0.0076551 0.0115315 -0.0575498 0.010661 0.157758 0.311975 
23.6976 0.0162596 0.012103 0.00681409 -0.0803105 0.0206648 0.175085 0.264279 
25 0.0185428 0.0166541 0.00614839 -0.100605 0.0323821 0.186974 0.187995 
26.3024 0.0124141 0.0128971 0.00949595 -0.0724395 0.0270135 0.152986 0.109599 
27.3062 0.00373028 0.00496666 0.0149223 -0.0246419 0.0132026 0.0838617 0.0639673 
27.7778 0.000783246 0.00169205 0.0183821 -0.00659061 0.0082088 0.0384275 0.0511826 
27.7778 0.000823905 0.000691416 0.00198184 -0.00176699 0.00247864 0.0384275 0.0511826 
28.2494 0.000651798 0.000551068 0.00157032 -0.00140309 0.0019653 0.0341791 0.0456741 
29.2532 0.000396816 0.000341414 0.000959223 -0.00086171 0.00120349 0.0266685 0.0358288 
30.5556 0.000208552 0.000184676 0.000509374 -0.000459449 0.000641101 0.0193335 0.0260951 
31.8579 0.000108129 9.9921e-05 0.000274282 -0.000243346 0.000343152 0.0139211 0.0189323 
32.8617 6.31753e-05 6.15181e-05 0.000173825 -0.000145949 0.000211956 0.0106409 0.0147421 
33.3333 4.8127e-05 4.8534e-05 0.00014193 -0.000113147 0.000168817 0.00928749 0.0131024 
33.3333 5.05616e-05 4.61039e-05 0.000127988 -0.00011613 0.000160536 0.00928749 0.0131024 
33.8049 4.03386e-05 3.69775e-05 0.000102067 -9.28953e-05 0.000128243 0.00829561 0.0117124 
34.8088 2.497e-05 2.3186e-05 6.31264e-05 -5.78745e-05 7.9684e-05 0.00652676 0.00921688 
36.1111 1.33742e-05 1.2704e-05 3.39786e-05 -3.13523e-05 4.31393e-05 0.00477664 0.00673424 
37.4135 7.04806e-06 6.94491e-06 1.84904e-05 -1.6828e-05 2.3398e-05 0.00346755 0.00489672 
38.4173 4.1645e-06 4.30524e-06 1.1788e-05 -1.01846e-05 1.45739e-05 0.00266544 0.00381715 
38.8889 3.18879e-06 3.40747e-06 9.64497e-06 -7.92855e-06 1.16479e-05 0.00233239 0.00339362 
38.8889 3.34609e-06 3.23637e-06 8.72038e-06 -8.12627e-06 1.10786e-05 0.00233239 0.00339362 
39.3605 2.68099e-06 2.60147e-06 6.97277e-06 -6.52155e-06 8.87983e-06 0.00208776 0.00303392 
40.3643 1.67258e-06 1.63692e-06 4.33238e-06 -4.08601e-06 5.55018e-06 0.00164902 0.00238715 
41.6667 9.02813e-07 8.98949e-07 2.34099e-06 -2.22464e-06 3.02057e-06 0.00121152 0.00174278 
42.969 4.7843e-07 4.9157e-07 1.27595e-06 -1.19756e-06 1.64291e-06 0.000881945 0.00126554 
43.9728 2.83647e-07 3.04548e-07 8.13173e-07 -7.25789e-07 1.02406e-06 0.000679081 0.000985194 
44.4445 2.17519e-07 2.40963e-07 6.64926e-07 -5.65351e-07 8.1844e-07 0.000594677 0.000875238 
44.4445 2.27988e-07 2.28957e-07 6.02683e-07 -5.78847e-07 7.79162e-07 0.000594677 0.000875238 
44.9161 1.8274e-07 1.83818e-07 4.81846e-07 -4.64345e-07 6.24435e-07 0.000532405 0.000781814 
45.9199 1.13976e-07 1.15247e-07 2.99154e-07 -2.90369e-07 3.89815e-07 0.000420466 0.000614021 
47.2222 6.13828e-08 6.28684e-08 1.6135e-07 -1.57387e-07 2.11439e-07 0.000308566 0.000447266 
48.5246 3.24018e-08 3.40777e-08 8.77234e-08 -8.41881e-08 1.14418e-07 0.000224187 0.000324238 
49.5284 1.91423e-08 2.09448e-08 5.57782e-08 -5.07301e-08 7.0973e-08 0.000172315 0.000252273 
50 1.46565e-08 1.65052e-08 4.55539e-08 -3.94055e-08 5.65826e-08 0.000150779 0.000224135 
50 1.53452e-08 1.56962e-08 4.13877e-08 -4.03155e-08 5.39149e-08 0.000150779 0.000224135 
50.3509 1.29947e-08 1.32834e-08 3.50287e-08 -3.41291e-08 4.56413e-08 0.000138751 0.000206117 
51.1783 8.77617e-09 8.95836e-09 2.3628e-08 -2.30332e-08 3.0802e-08 0.000114027 0.000169133 
52.485 4.71728e-09 4.8053e-09 1.26777e-08 -1.23678e-08 1.65388e-08 8.35987e-05 0.00012373 
54.2791 2.00774e-09 2.04013e-09 5.3842e-09 -5.25739e-09 7.03015e-09 5.4539e-05 8.05085e-05 
56.5725 6.7194e-10 6.80953e-10 1.79779e-09 -1.75716e-09 2.34958e-09 3.15514e-05 4.64431e-05 
59.381 1.75281e-10 1.7716e-10 4.67889e-10 -4.5776e-10 6.12067e-10 1.61146e-05 2.36535e-05 
62.7251 3.52536e-11 3.55437e-11 9.39042e-11 -9.19541e-11 1.22947e-10 7.22696e-06 1.05801e-05 
66.6307 5.39498e-12 5.42762e-12 1.43437e-11 -1.40568e-11 1.87941e-11 2.82715e-06 4.12938e-06 
71.1305 6.18071e-13 6.20702e-13 1.64074e-12 -1.60897e-12 2.15116e-12 9.56914e-07 1.39503e-06 
76.2661 5.19515e-14 5.20998e-14 1.37744e-13 -1.35147e-13 1.80684e-13 2.7743e-07 4.03847e-07 
82.0902 3.12334e-15 3.12902e-15 8.27382e-15 -8.12085e-15 1.0857e-14 6.80241e-08 9.89116e-08 
88.6713 1.29974e-16 1.30117e-16 3.44091e-16 -3.37818e-16 4.51635e-16 1.38766e-08 2.01619e-08 
96.0996 3.58502e-18 3.58723e-18 9.48699e-18 -9.31567e-18 1.24542e-17 2.30462e-09 3.34678e-09 
104.498 6.17788e-20 6.17989e-20 1.63443e-19 -1.60509e-19 2.14584e-19 3.02533e-10 4.39202e-10 
114.042 6.11462e-22 6.11555e-22 1.61746e-21 -1.58851e-21 2.12368e-21 3.00981e-11 4.36869e-11 
124.993 3.0614e-24 3.06147e-24 8.09759e-24 -7.95267e-24 1.06319e-23 2.12968e-12 3.09107e-12 
137.786 6.28825e-27 6.29935e-27 1.66092e-26 -1.63494e-26 2.18471e-26 9.65202e-14 1.39788e-13 
153.249 3.45016e-30 3.15809e-30 1.02865e-29 -8.57472e-30 1.20291e-29 2.26086e-15 3.69111e-15 
173.503 4.9612e-33 2.13782e-32 2.63902e-32 -2.67526e-32 2.94258e-32 8.57328e-17 -3.61349e-16 
