0 0.0630858 0.00700712 2.79012e-11 -0.0424795 0.0152333 -0.394099 0.570138 
0.4716 0.0391741 0.00258207 0.00245198 -0.0203202 -0.00954498 -0.310556 0.586769 
1.47542 0.012148 3.93681e-06 0.0160321 0.000441844 -0.0269283 -0.172939 0.598774 
2.77778 0.00132029 0.00192759 0.0341303 0.00322319 -0.0190691 -0.0570131 0.581545 
4.08014 2.87994e-05 0.0041908 0.0452545 -0.000701914 -0.00478921 0.00842038 0.543188 
5.08396 0.000461813 0.00496635 0.049437 -0.00305982 0.0040674 0.0337189 0.50701 
5.55556 0.000633424 0.00499833 0.0505457 -0.00359504 0.00724347 0.03949 0.489401 
5.55556 0.000670159 0.00453467 0.0448801 -0.00363394 0.00334138 0.03949 0.489401 
6.02716 0.000999938 0.00463306 0.0451154 -0.00448681 0.00593666 0.0482375 0.472985 
7.03098 0.00148149 0.00441054 0.0440057 -0.00532858 0.00950806 0.0587148 0.438165 
8.33333 0.00154164 0.0035437 0.0408454 -0.00487233 0.0111584 0.0598949 0.395814 
9.63569 0.00112485 0.00240283 0.0374172 -0.00342708 0.0109222 0.0511617 0.359357 
10.6395 0.000664468 0.00152777 0.0353486 -0.00210031 0.0102999 0.039322 0.336591 
11.1111 0.000451691 0.00115174 0.0346739 -0.00150354 0.0100372 0.0324204 0.327744 
11.1111 0.00047714 0.00106452 0.0308942 -0.00153136 0.00765094 0.0324204 0.327744 
11.5827 0.000399431 0.000823309 0.0302148 -0.0012322 0.00748457 0.0296631 0.320517 
12.5865 0.000226908 0.000394118 0.0288892 -0.000642563 0.00699647 0.0223574 0.308325 
13.8889 5.97633e-05 6.40233e-05 0.0275904 -0.000132912 0.00635982 0.011474 0.299259 
15.1912 4.0962e-07 1.27316e-05 0.0268202 4.90694e-06 0.00586131 0.000949919 0.297853 
16.1951 1.41948e-05 0.000139419 0.0264836 -9.55881e-05 0.00549197 -0.00559192 0.301742 
16.6667 2.7949e-05 0.000235393 0.0263505 -0.000174284 0.00527112 -0.00784655 0.304945 
16.6667 2.94801e-05 0.000214695 0.0235551 -0.000176046 0.00351798 -0.00784655 0.304945 
17.1383 1.40663e-05 0.000276908 0.023365 -0.000138105 0.00316275 -0.00542006 0.30854 
18.1421 4.71866e-06 0.000378339 0.0221488 9.3498e-05 0.00174594 0.00313924 0.317448 
19.4444 0.000316159 0.000328024 0.0183657 0.00071262 -0.00155481 0.0256961 0.329727 
20.7468 0.00233888 5.04348e-05 0.01147 0.000760013 -0.00539295 0.0698905 0.338367 
21.7506 0.00771863 0.00014192 0.00469022 -0.00231603 -0.00503509 0.126965 0.337654 
22.2222 0.0127641 0.000637554 0.00186913 -0.00631258 -0.00161363 0.163271 0.333453 
22.2222 0.0134446 0.00730255 0.0139904 -0.0567259 0.0101365 0.163271 0.333453 
22.6938 0.0143517 0.0088907 0.0103704 -0.0646681 0.0132631 0.16869 0.313407 
23.6976 0.0174631 0.0134186 0.006644 -0.0876363 0.0237147 0.186079 0.263383 
25 0.0189334 0.0171908 0.00642924 -0.103284 0.03378 0.193754 0.18589 
26.3024 0.0122038 0.0127419 0.00988319 -0.0713896 0.0268952 0.155555 0.108511 
27.3062 0.00367043 0.00489762 0.0151695 -0.0242729 0.0131802 0.0853091 0.0640103 
27.7778 0.000812387 0.00172175 0.0184886 -0.00677076 0.00831735 0.0401345 0.0514612 
27.7778 0.000854558 0.000697459 0.00199292 -0.00180741 0.002535 0.0401345 0.0514612 
28.2494 0.000678607 0.000558064 0.0015854 -0.00144071 0.00201784 0.0357649 0.0460155 
29.2532 0.000416348 0.000348578 0.000976742 -0.000891876 0.00124577 0.0280141 0.0362536 
30.5556 0.000220924 0.000190491 0.000524609 -0.000480269 0.0006705 0.0204065 0.0265584 
31.8579 0.00011567 0.000104116 0.000285801 -0.000256918 0.000362556 0.0147658 0.0193876 
32.8617 6.82075e-05 6.46435e-05 0.000182691 -0.000155455 0.000225738 0.0113387 0.0151732 
33.3333 5.22596e-05 5.12352e-05 0.000149695 -0.000121142 0.000180498 0.009925 0.0135186 
33.3333 5.49032e-05 4.87051e-05 0.000134991 -0.00012438 0.000171897 0.009925 0.0135186 
33.8049 4.39541e-05 3.92221e-05 0.000108089 -9.98687e-05 0.000137841 0.00888038 0.0121123 
34.8088 2.74105e-05 2.48088e-05 6.7454e-05 -6.27229e-05 8.63565e-05 0.00701278 0.00957965 
36.1111 1.48261e-05 1.37505e-05 3.67625e-05 -3.43428e-05 4.72706e-05 0.00515757 0.00704746 
37.4135 7.89658e-06 7.60689e-06 2.02717e-05 -1.86418e-05 2.59356e-05 0.00376401 0.00516231 
38.4173 4.71351e-06 4.76324e-06 1.30545e-05 -1.13969e-05 1.63069e-05 0.00290806 0.00404864 
38.8889 3.63174e-06 3.79042e-06 1.07271e-05 -8.92412e-06 1.30938e-05 0.00255264 0.00361 
38.8889 3.81088e-06 3.60216e-06 9.6988e-06 -9.1493e-06 1.24683e-05 0.00255264 0.00361 
39.3605 3.06614e-06 2.90983e-06 7.7932e-06 -7.37605e-06 1.00397e-05 0.00228967 0.00323638 
40.3643 1.93033e-06 1.85072e-06 4.89515e-06 -4.66746e-06 6.33885e-06 0.00181674 0.00256201 
41.6667 1.05481e-06 1.03102e-06 2.68535e-06 -2.57522e-06 3.49742e-06 0.00134296 0.00188596 
42.969 5.6644e-07 5.72193e-07 1.48734e-06 -1.40586e-06 1.92987e-06 0.000984132 0.00138162 
43.9728 3.3995e-07 3.58888e-07 9.59666e-07 -8.62542e-07 1.21712e-06 0.000762401 0.00108332 
44.4445 2.62571e-07 2.858e-07 7.88921e-07 -6.76469e-07 9.78369e-07 0.000670039 0.000965765 
44.4445 2.75209e-07 2.71671e-07 7.1507e-07 -6.9276e-07 9.32173e-07 0.000670039 0.000965765 
44.9161 2.21762e-07 2.19431e-07 5.75157e-07 -5.58886e-07 7.51359e-07 0.000601468 0.000865545 
45.9199 1.39921e-07 1.39385e-07 3.61864e-07 -3.53817e-07 4.74969e-07 0.00047776 0.000684703 
47.2222 7.65297e-08 7.73608e-08 1.98759e-07 -1.94942e-07 2.62012e-07 0.000353333 0.000503628 
48.5246 4.10651e-08 4.26813e-08 1.10146e-07 -1.06068e-07 1.44294e-07 0.000258824 0.000368864 
49.5284 2.46165e-08 2.66152e-08 7.10649e-08 -6.48497e-08 9.07772e-08 0.000200393 0.000289395 
50 1.90043e-08 2.11311e-08 5.84084e-08 -5.07712e-08 7.2872e-08 0.000176074 0.000258147 
50 1.98974e-08 2.0101e-08 5.30665e-08 -5.19511e-08 6.94725e-08 0.000176074 0.000258147 
50.3661 1.68139e-08 1.69813e-08 4.48322e-08 -4.38943e-08 5.86982e-08 0.000161857 0.000237233 
51.2296 1.13016e-08 1.14069e-08 3.01179e-08 -2.94946e-08 3.94416e-08 0.000132699 0.000194367 
52.593 6.03261e-09 6.08334e-09 1.60639e-08 -1.57366e-08 2.10436e-08 9.69505e-05 0.000141869 
54.4652 2.54576e-09 2.56434e-09 6.77253e-09 -6.6372e-09 8.87534e-09 6.29805e-05 9.20524e-05 
56.8583 8.44002e-10 8.49149e-10 2.243e-09 -2.19914e-09 2.94066e-09 3.62635e-05 5.29354e-05 
59.789 2.18037e-10 2.19104e-10 5.78852e-10 -5.67778e-10 7.59215e-10 1.84316e-05 2.68712e-05 
63.2785 4.34397e-11 4.36037e-11 1.15214e-10 -1.13056e-10 1.51172e-10 8.22699e-06 1.19798e-05 
67.3539 6.58896e-12 6.60732e-12 1.74609e-11 -1.71399e-11 2.29183e-11 3.2041e-06 4.66076e-06 
72.0495 7.48766e-13 7.50238e-13 1.98284e-12 -1.94698e-12 2.60333e-12 1.08012e-06 1.56979e-06 
77.4083 6.24785e-14 6.25612e-14 1.65361e-13 -1.62407e-13 2.17156e-13 3.12006e-07 4.53145e-07 
83.4857 3.73143e-15 3.73458e-15 9.87183e-15 -9.69722e-15 1.29661e-14 7.62492e-08 1.10685e-07 
90.353 1.54331e-16 1.5441e-16 4.08179e-16 -4.01007e-16 5.36182e-16 1.55069e-08 2.2502e-08 
98.1044 4.23189e-18 4.23311e-18 1.11905e-17 -1.09947e-17 1.47009e-17 2.56782e-09 3.72528e-09 
106.868 7.2497e-20 7.25081e-20 1.91683e-19 -1.8834e-19 2.51826e-19 3.36092e-10 4.87515e-10 
116.827 7.13113e-22 7.13164e-22 1.88534e-21 -1.85252e-21 2.47696e-21 3.33332e-11 4.83471e-11 
128.254 3.54609e-24 3.5461e-24 9.37511e-24 -9.21168e-24 1.23168e-23 2.35057e-12 3.40933e-12 
141.604 7.22968e-27 7.23928e-27 1.90705e-26 -1.8793e-26 2.51095e-26 1.06135e-13 1.53536e-13 
157.739 3.88005e-30 3.57396e-30 1.19877e-29 -9.67346e-30 1.37558e-29 2.45876e-15 4.09305e-15 
178.874 7.69165e-33 2.85396e-32 4.78158e-32 -3.84877e-32 4.50794e-32 1.09473e-16 -4.602e-16 
