0 0.060184 0.00668495 1.67934e-11 -0.040526 0.01487 -0.394073 0.568387 
0.4716 0.038201 0.00259746 0.00217307 -0.0201259 -0.0079968 -0.313959 0.584508 
1.47542 0.0126604 1.05659e-06 0.0144631 -0.00023368 -0.0250744 -0.180743 0.597201 
2.77778 0.00172222 0.00155069 0.0315055 0.0033018 -0.0189644 -0.0666624 0.582937 
4.08014 1.68833e-07 0.00361633 0.0427184 4.99236e-05 -0.00596438 -0.000660032 0.548416 
5.08396 0.00026118 0.0044062 0.0474226 -0.00216743 0.00254399 0.0259601 0.515173 
5.55556 0.000409961 0.00448347 0.048821 -0.00273919 0.00570725 0.0325243 0.498842 
5.55556 0.000433737 0.00405448 0.0433487 -0.00276438 0.00194259 0.0325243 0.498842 
6.02716 0.000720234 0.00418618 0.04392 -0.00361962 0.00456164 0.0419113 0.48356 
7.03098 0.00118611 0.00406252 0.0435469 -0.00457589 0.00836057 0.0537844 0.450901 
8.33333 0.00131664 0.00333576 0.0412304 -0.00436865 0.0104593 0.0566666 0.410776 
9.63569 0.00100109 0.00231171 0.0384144 -0.00317116 0.010653 0.0494118 0.375865 
10.6395 0.000610279 0.00150156 0.0366451 -0.0019955 0.0102843 0.0385797 0.353834 
11.1111 0.000423306 0.00114779 0.0360603 -0.00145303 0.0101093 0.0321308 0.345194 
11.1111 0.000447156 0.00105972 0.0321294 -0.00147912 0.00762699 0.0321308 0.345194 
11.5827 0.000385258 0.000833253 0.0315142 -0.00121743 0.00752448 0.0298241 0.338087 
12.5865 0.000238017 0.000421782 0.0302492 -0.00068081 0.00712198 0.0234421 0.325904 
13.8889 8.15966e-05 8.72686e-05 0.0288799 -0.000181319 0.00648707 0.0137255 0.316357 
15.1912 8.42948e-06 2.39541e-06 0.0278774 9.65536e-06 0.00587067 0.00441156 0.313904 
16.1951 5.37223e-07 8.5043e-05 0.0272538 -1.45236e-05 0.00534082 -0.0011137 0.316591 
16.6667 3.53237e-06 0.000155626 0.0269544 -5.03794e-05 0.00502919 -0.00285579 0.319106 
16.6667 3.72588e-06 0.000140378 0.0240949 -5.06077e-05 0.00324028 -0.00285579 0.319106 
17.1383 3.57959e-09 0.000184332 0.0237183 1.7975e-06 0.00281172 8.85172e-05 0.321975 
18.1421 4.43307e-05 0.00024936 0.0220939 0.000232658 0.00128327 0.00985061 0.329111 
19.4444 0.000527291 0.000188305 0.0178559 0.000697282 -0.00193446 0.0339732 0.338656 
20.7468 0.0028694 5.4599e-06 0.0108142 0.000276974 -0.00520761 0.0792512 0.344263 
21.7506 0.00848033 0.000267885 0.00427564 -0.00333528 -0.00410956 0.136244 0.341322 
22.2222 0.0135186 0.000855466 0.00165219 -0.00752523 -0.000398658 0.172019 0.336242 
22.2222 0.0142393 0.00828578 0.0123669 -0.0621843 0.01189 0.172019 0.336242 
22.6938 0.0153995 0.0100802 0.00947257 -0.0713278 0.0157165 0.17889 0.315262 
23.6976 0.0185023 0.0146218 0.00656066 -0.0941639 0.0264041 0.196086 0.263441 
25 0.0192546 0.0176922 0.00676604 -0.105664 0.0349952 0.200032 0.185213 
26.3024 0.0120425 0.0126754 0.0103889 -0.0707308 0.0269097 0.158194 0.108865 
27.3062 0.0036299 0.0048849 0.0156619 -0.0241071 0.0132952 0.0868522 0.0653331 
27.7778 0.000839448 0.00177201 0.0189309 -0.00698233 0.00853888 0.0417667 0.0529618 
27.7778 0.000883024 0.000716764 0.00204028 -0.00186252 0.00261115 0.0417667 0.0529618 
28.2494 0.000706776 0.000578018 0.00163579 -0.00149636 0.00209496 0.0373667 0.0475309 
29.2532 0.000440796 0.000366977 0.00102454 -0.000941594 0.00131497 0.0295095 0.0377376 
30.5556 0.000238725 0.000204674 0.000562098 -0.000517495 0.000722669 0.0217167 0.0279225 
31.8579 0.000127522 0.000114097 0.000312723 -0.000282394 0.000398786 0.0158722 0.02059 
32.8617 7.64518e-05 7.19467e-05 0.000202994 -0.00017363 0.000252176 0.0122896 0.0162422 
33.3333 5.91017e-05 5.74714e-05 0.000167426 -0.000136443 0.000203124 0.0108055 0.014525 
33.3333 6.20914e-05 5.46446e-05 0.00015098 -0.000140105 0.00019355 0.0108055 0.014525 
33.8049 5.00639e-05 4.43247e-05 0.000121767 -0.000113305 0.000156328 0.00970265 0.0130599 
34.8088 3.16886e-05 2.84661e-05 7.71691e-05 -7.22404e-05 9.94426e-05 0.00771933 0.0104066 
36.1111 1.74657e-05 1.60849e-05 4.29127e-05 -4.0315e-05 5.55058e-05 0.00573087 0.00773103 
37.4135 9.47905e-06 9.06902e-06 2.41463e-05 -2.23011e-05 3.10477e-05 0.00422192 0.00572003 
38.4173 5.74823e-06 5.76518e-06 1.57845e-05 -1.38464e-05 1.98153e-05 0.00328772 0.00452178 
38.8889 4.46731e-06 4.62302e-06 1.30543e-05 -1.09308e-05 1.60251e-05 0.00289835 0.00404708 
38.8889 4.68766e-06 4.3943e-06 1.18029e-05 -1.12077e-05 1.52672e-05 0.00289835 0.00404708 
39.3605 3.79755e-06 3.57518e-06 9.55167e-06 -9.09902e-06 1.23805e-05 0.0026087 0.00364119 
40.3643 2.4257e-06 2.30858e-06 6.09233e-06 -5.84365e-06 7.93498e-06 0.00208493 0.00290456 
41.6667 1.35036e-06 1.31131e-06 3.41054e-06 -3.28603e-06 4.46415e-06 0.0015556 0.00215976 
42.969 7.38925e-07 7.41965e-07 1.9283e-06 -1.82846e-06 2.51191e-06 0.00115073 0.00159872 
43.9728 4.50582e-07 4.72614e-07 1.26353e-06 -1.13955e-06 1.60859e-06 0.000898586 0.00126397 
44.4445 3.51056e-07 3.79323e-07 1.04571e-06 -9.01128e-07 1.30257e-06 0.00079316 0.00113126 
44.4445 3.67952e-07 3.60631e-07 9.47818e-07 -9.22907e-07 1.24157e-06 0.00079316 0.00113126 
44.9161 2.98585e-07 2.93437e-07 7.68025e-07 -7.49931e-07 1.00803e-06 0.000714494 0.00101768 
45.9199 1.91223e-07 1.89334e-07 4.90991e-07 -4.82075e-07 6.47197e-07 0.000571788 0.000811575 
47.2222 1.06628e-07 1.07227e-07 2.75474e-07 -2.70906e-07 3.64334e-07 0.000426973 0.000603362 
48.5246 5.83536e-08 6.03666e-08 1.55999e-07 -1.50371e-07 2.04796e-07 0.000315863 0.000446832 
49.5284 3.55695e-08 3.82569e-08 1.02297e-07 -9.34597e-08 1.3093e-07 0.000246606 0.000353678 
50 2.7711e-08 3.06237e-08 8.4675e-08 -7.38049e-08 1.05921e-07 0.000217666 0.000316821 
50 2.90131e-08 2.91348e-08 7.69308e-08 -7.55252e-08 1.01008e-07 0.000217666 0.000316821 
50.3821 2.44877e-08 2.45877e-08 6.4925e-08 -6.37414e-08 8.52478e-08 0.000199972 0.000291031 
51.2831 1.64148e-08 1.64776e-08 4.35115e-08 -4.27221e-08 5.71364e-08 0.000163724 0.000238213 
52.7058 8.72666e-09 8.75684e-09 2.31248e-08 -2.27084e-08 3.03699e-08 0.000119376 0.000173621 
54.6594 3.66402e-09 3.67504e-09 9.70556e-09 -9.53231e-09 1.27483e-08 7.73522e-05 0.000112447 
57.1566 1.20773e-09 1.21077e-09 3.19779e-09 -3.14126e-09 4.20104e-09 4.44098e-05 6.4525e-05 
60.2147 3.10068e-10 3.10697e-10 8.20642e-10 -8.0628e-10 1.07829e-09 2.25021e-05 3.26772e-05 
63.856 6.13817e-11 6.14778e-11 1.62391e-10 -1.59576e-10 2.13409e-10 1.00118e-05 1.45319e-05 
68.1086 9.25099e-12 9.26171e-12 2.44658e-11 -2.40452e-11 3.21568e-11 3.88676e-06 5.63908e-06 
73.0083 1.04464e-12 1.0455e-12 2.76192e-12 -2.71477e-12 3.63057e-12 1.3061e-06 1.89426e-06 
78.6003 8.66225e-14 8.66704e-14 2.28968e-13 -2.25081e-13 3.01009e-13 3.76105e-07 5.45316e-07 
84.942 5.14105e-15 5.14287e-15 1.35869e-14 -1.33572e-14 1.78631e-14 9.16262e-08 1.32821e-07 
92.1079 2.11275e-16 2.1132e-16 5.58296e-16 -5.48886e-16 7.34042e-16 1.85745e-08 2.69215e-08 
100.196 5.75459e-18 5.75528e-18 1.52054e-17 -1.49496e-17 1.99925e-17 3.0655e-09 4.44263e-09 
109.341 9.78744e-20 9.78808e-20 2.58601e-19 -2.54256e-19 3.40024e-19 3.99787e-10 5.7935e-10 
119.733 9.55126e-22 9.55154e-22 2.52353e-21 -2.48116e-21 3.31812e-21 3.94934e-11 5.72296e-11 
131.657 4.70737e-24 4.70706e-24 1.24378e-23 -1.22279e-23 1.6353e-23 2.77257e-12 4.01798e-12 
145.587 9.49504e-27 9.52077e-27 2.50275e-26 -2.46986e-26 3.29989e-26 1.24521e-13 1.79924e-13 
162.424 5.06897e-30 4.45879e-30 1.574e-29 -1.23497e-29 1.77363e-29 2.87709e-15 4.83031e-15 
184.479 1.03944e-32 5.11444e-32 7.80725e-32 -5.98944e-32 7.71409e-32 1.30285e-16 -6.00349e-16 
