0 0.0575492 0.0063924 1.01552e-11 -0.0387521 0.0145718 0.393787 -0.566183 
0.4716 0.0372987 0.0026108 0.00193102 -0.0199378 -0.00657009 0.317021 -0.581795 
1.47542 0.0131481 1.48316e-05 0.0130715 -0.000892213 -0.0232914 0.188223 -0.595064 
2.77778 0.00215445 0.00122938 0.0291017 0.00328818 -0.0187349 0.0761919 -0.583541 
4.08014 3.60009e-05 0.0030994 0.0403016 0.0006749 -0.00696345 0.00984913 -0.552663 
5.08396 0.000119607 0.00388727 0.0454217 -0.00137767 0.00115655 -0.0179523 -0.522259 
5.55556 0.000236758 0.00399985 0.0470649 -0.00196616 0.00427681 -0.0252577 -0.507179 
5.55556 0.000250489 0.00360426 0.0417895 -0.0019807 0.000654142 -0.0252577 -0.507179 
6.02716 0.000487492 0.00376142 0.0426543 -0.00282277 0.0032677 -0.0352357 -0.493017 
7.03098 0.000921424 0.00372204 0.0429453 -0.00386044 0.00723269 -0.0484428 -0.462518 
8.33333 0.00110408 0.00312402 0.0414181 -0.00387145 0.00972025 -0.0530273 -0.424662 
9.63569 0.000879522 0.00221372 0.039195 -0.00290871 0.0103124 -0.0473285 -0.391369 
10.6395 0.000555256 0.00146982 0.0377229 -0.0018832 0.0101871 -0.0376051 -0.37013 
11.1111 0.000393709 0.00113958 0.0372284 -0.00139629 0.0100976 -0.0316656 -0.361723 
11.1111 0.000415892 0.00105095 0.0331701 -0.00142056 0.00753422 -0.0316656 -0.361723 
11.5827 0.000369452 0.000840233 0.0326208 -0.00119717 0.00749445 -0.0298453 -0.354758 
12.5865 0.000248436 0.000449198 0.0314228 -0.000717801 0.00717991 -0.0244739 -0.342627 
13.8889 0.000106795 0.000114247 0.0299936 -0.000237343 0.00655683 -0.0160462 -0.332641 
15.1912 2.69107e-05 2.57555e-07 0.0287719 -5.65687e-06 0.00584008 -0.00805489 -0.329174 
16.1951 5.41306e-06 4.34416e-05 0.0278768 3.29498e-05 0.00517061 -0.00361259 -0.330678 
16.6667 2.39871e-06 9.14414e-05 0.0274214 3.18228e-05 0.00478114 -0.00240484 -0.332515 
16.6667 2.53011e-06 8.10139e-05 0.0245122 3.16812e-05 0.00296644 -0.00240484 -0.332515 
17.1383 1.50406e-05 0.000109757 0.0239624 8.99087e-05 0.00247918 -0.00586339 -0.334671 
18.1421 0.00012328 0.000147042 0.0219693 0.000297933 0.000877591 -0.0167866 -0.340077 
19.4444 0.000784415 8.83799e-05 0.0173455 0.000582642 -0.00220766 -0.0423437 -0.346989 
20.7468 0.00342564 5.14423e-06 0.0102188 -0.000293754 -0.00491594 -0.0884884 -0.349734 
21.7506 0.00922324 0.000424605 0.00392423 -0.00437911 -0.00315583 -0.145197 -0.344746 
22.2222 0.0142298 0.00109056 0.00147851 -0.00871718 0.000784196 -0.180349 -0.338877 
22.2222 0.0149883 0.009262 0.011067 -0.0674527 0.0136576 -0.180349 -0.338877 
22.6938 0.0163421 0.0112194 0.00876427 -0.077519 0.0180268 -0.188318 -0.317145 
23.6976 0.0193813 0.0157147 0.0065412 -0.0999113 0.0287719 -0.205083 -0.263997 
25 0.0194905 0.018142 0.00714698 -0.107653 0.0360248 -0.20566 -0.185486 
26.3024 0.0118952 0.0126554 0.0109842 -0.0702417 0.0269849 -0.160666 -0.110271 
27.3062 0.00359646 0.00490671 0.0163308 -0.0240493 0.0134961 -0.0883437 -0.0676403 
27.7778 0.000863355 0.00183635 0.0196102 -0.00720846 0.00883736 -0.0432845 -0.0554197 
27.7778 0.000908172 0.00074584 0.00211324 -0.00192678 0.00269937 -0.0432845 -0.0554197 
28.2494 0.000734616 0.000607763 0.00171185 -0.00156431 0.00218866 -0.0389295 -0.0499752 
29.2532 0.000468346 0.000394342 0.00109578 -0.00100611 0.00140445 -0.0310837 -0.0400794 
30.5556 0.000260738 0.000226014 0.000618214 -0.000568324 0.000793724 -0.0231927 -0.0300403 
31.8579 0.000143085 0.000129366 0.000353503 -0.000318518 0.000450097 -0.0171809 -0.0224393 
32.8617 8.76527e-05 8.32629e-05 0.00023412 -0.000200002 0.000290587 -0.0134472 -0.0178788 
33.3333 6.85182e-05 6.71871e-05 0.000194789 -0.000158844 0.000236362 -0.0118892 -0.0160635 
33.3333 7.19843e-05 6.3868e-05 0.000175655 -0.000163089 0.000225174 -0.0118892 -0.0160635 
33.8049 5.86043e-05 5.23026e-05 0.000143017 -0.000133165 0.000183634 -0.0107275 -0.0145072 
34.8088 3.78496e-05 3.4266e-05 9.24731e-05 -8.66218e-05 0.000119203 -0.00862112 -0.0116682 
36.1111 2.13962e-05 1.98542e-05 5.27696e-05 -4.95745e-05 6.82681e-05 -0.00648188 -0.00877329 
37.4135 1.19043e-05 1.1471e-05 3.04596e-05 -2.81073e-05 3.91596e-05 -0.00483488 -0.00657034 
38.4173 7.3652e-06 7.43232e-06 2.02888e-05 -1.77959e-05 2.54778e-05 -0.00380299 -0.00524329 
38.8889 5.78394e-06 6.01637e-06 1.6917e-05 -1.41887e-05 2.07926e-05 -0.00337012 -0.00471374 
38.8889 6.06925e-06 5.71797e-06 1.52952e-05 -1.45473e-05 1.98079e-05 -0.00337012 -0.00471374 
39.3605 4.96098e-06 4.69368e-06 1.24884e-05 -1.19161e-05 1.62074e-05 -0.00304692 -0.00425888 
40.3643 3.22869e-06 3.08796e-06 8.11739e-06 -7.79727e-06 1.05861e-05 -0.00245805 -0.00342776 
41.6667 1.84036e-06 1.796e-06 4.65701e-06 -4.48951e-06 6.1013e-06 -0.00185579 -0.00257857 
42.969 1.03088e-06 1.04005e-06 2.6981e-06 -2.55696e-06 3.51587e-06 -0.00138893 -0.00193137 
43.9728 6.40691e-07 6.74635e-07 1.80022e-06 -1.6235e-06 2.29316e-06 -0.00109497 -0.00154117 
44.4445 5.04171e-07 5.46375e-07 1.50169e-06 -1.29607e-06 1.87314e-06 -0.000971329 -0.0013854 
44.4445 5.28437e-07 5.19413e-07 1.36111e-06 -1.32734e-06 1.7854e-06 -0.000971329 -0.0013854 
44.9161 4.32477e-07 4.26256e-07 1.11246e-06 -1.08779e-06 1.46208e-06 -0.000878722 -0.0012515 
45.9199 2.81967e-07 2.80022e-07 7.24391e-07 -7.11911e-07 9.55952e-07 -0.000709527 -0.00100693 
47.2222 1.60846e-07 1.62263e-07 4.16314e-07 -4.09304e-07 5.50885e-07 -0.00053589 -0.000757352 
48.5246 9.00515e-08 9.34405e-08 2.41496e-07 -2.32404e-07 3.16942e-07 -0.000400973 -0.000567577 
49.5284 5.59296e-08 6.02835e-08 1.61219e-07 -1.47113e-07 2.06309e-07 -0.000316003 -0.000453484 
50 4.4006e-08 4.86868e-08 1.34493e-07 -1.17271e-07 1.68341e-07 -0.000280302 -0.000408033 
50 4.60738e-08 4.63184e-08 1.22192e-07 -1.20003e-07 1.60532e-07 -0.000280302 -0.000408033 
50.3987 3.88804e-08 3.90812e-08 1.03102e-07 -1.0126e-07 1.35458e-07 -0.000257492 -0.000374772 
51.3389 2.6051e-08 2.61772e-08 6.90621e-08 -6.78363e-08 9.0746e-08 -0.000210771 -0.000306666 
52.8235 1.38393e-08 1.38998e-08 3.66737e-08 -3.60288e-08 4.81962e-08 -0.000153623 -0.000223406 
54.862 5.80418e-09 5.82627e-09 1.53734e-08 -1.51062e-08 2.02075e-08 -9.94877e-05 -0.000144593 
57.4678 1.91021e-09 1.9163e-09 5.05684e-09 -4.97005e-09 6.64839e-09 -5.70742e-05 -8.28956e-05 
60.6589 4.89415e-10 4.9067e-10 1.29492e-09 -1.27298e-09 1.70284e-09 -2.88893e-05 -4.19317e-05 
64.4585 9.66309e-11 9.68223e-11 2.55543e-10 -2.51266e-10 3.36111e-10 -1.28368e-05 -1.86205e-05 
68.8961 1.45159e-11 1.45372e-11 3.83708e-11 -3.77356e-11 5.04774e-11 -4.97532e-06 -7.21303e-06 
74.0089 1.63269e-12 1.63438e-12 4.31418e-12 -4.24342e-12 5.67621e-12 -1.66859e-06 -2.41795e-06 
79.844 1.34748e-13 1.34843e-13 3.55953e-13 -3.50158e-13 4.68387e-13 -4.79359e-07 -6.94388e-07 
86.4615 7.95353e-15 7.95709e-15 2.10056e-14 -2.06655e-14 2.7643e-14 -1.16461e-07 -1.68657e-07 
93.9391 3.24792e-16 3.24879e-16 8.57656e-16 -8.43823e-16 1.12873e-15 -2.35343e-08 -3.40756e-08 
102.379 8.78261e-18 8.78394e-18 2.31893e-17 -2.28163e-17 3.05198e-17 -3.86999e-09 -5.60272e-09 
111.922 1.48145e-19 1.48157e-19 3.91134e-19 -3.84852e-19 5.14791e-19 -5.02623e-10 -7.27607e-10 
122.765 1.43211e-21 1.43217e-21 3.78092e-21 -3.72026e-21 4.97634e-21 -4.94182e-11 -7.15355e-11 
135.209 6.982e-24 6.98141e-24 1.84333e-23 -1.81363e-23 2.426e-23 -3.45055e-12 -4.9951e-12 
149.744 1.3904e-26 1.3943e-26 3.66303e-26 -3.6169e-26 4.834e-26 -1.53982e-13 -2.22266e-13 
167.313 7.37022e-30 6.40737e-30 2.27006e-29 -1.78512e-29 2.55926e-29 -3.54518e-15 -5.94803e-15 
190.327 1.60654e-32 7.70546e-32 1.11378e-31 -9.13972e-32 1.13199e-31 -1.65518e-16 7.49396e-16 
