0 0.0551869 0.00613009 6.17207e-12 -0.0371617 0.0143348 0.393324 -0.56368 
0.4716 0.036484 0.00262389 0.00172132 -0.0197682 -0.00525999 0.319804 -0.578787 
1.47542 0.0136193 4.21981e-05 0.0118412 -0.00153168 -0.0215977 0.195393 -0.592528 
2.77778 0.0026113 0.000959022 0.0269135 0.00319732 -0.0184147 0.0855579 -0.583522 
4.08014 0.000129683 0.00263995 0.0380216 0.00118218 -0.00780693 0.0190666 -0.556071 
5.08396 3.41869e-05 0.0034137 0.0434653 -0.000690217 -9.90192e-05 -0.00978952 -0.528383 
5.55556 0.000112861 0.0035532 0.0453121 -0.00127946 0.00295506 -0.017787 -0.514515 
5.55556 0.000119406 0.0031892 0.0402332 -0.00128639 -0.000524103 -0.017787 -0.514515 
6.02716 0.000302496 0.00336525 0.0413512 -0.00210322 0.00206053 -0.0283107 -0.501441 
7.03098 0.000691093 0.00339707 0.0422329 -0.00319401 0.00613823 -0.0427916 -0.473065 
8.33333 0.000908861 0.00291616 0.0414327 -0.00339368 0.00895746 -0.0490726 -0.437474 
9.63569 0.000764101 0.00211477 0.0397719 -0.00264986 0.0099132 -0.0449951 -0.405823 
10.6395 0.000501945 0.00143674 0.0385871 -0.00177024 0.0100172 -0.0364685 -0.385402 
11.1111 0.000364766 0.00113046 0.0381803 -0.0013386 0.0100093 -0.0310883 -0.37724 
11.1111 0.000385318 0.00104135 0.0340183 -0.00136109 0.00737937 -0.0310883 -0.37724 
11.5827 0.000353677 0.000846843 0.0335339 -0.00117593 0.00739986 -0.0297845 -0.370428 
12.5865 0.000259205 0.00047797 0.0324044 -0.000756311 0.00717309 -0.0254982 -0.358372 
13.8889 0.000135916 0.000145765 0.0309226 -0.000302441 0.00657018 -0.0184639 -0.347971 
15.1912 5.63574e-05 6.87106e-06 0.0294949 -4.22829e-05 0.00577081 -0.0118895 -0.343507 
16.1951 2.93632e-05 1.5178e-05 0.0283452 4.53615e-05 0.00498356 -0.00858201 -0.343844 
16.6667 2.50296e-05 4.3396e-05 0.0277449 7.08157e-05 0.00452958 -0.00792346 -0.345013 
16.6667 2.64008e-05 3.71344e-05 0.0248014 6.92865e-05 0.00269952 -0.00792346 -0.345013 
17.1383 5.94119e-05 5.36395e-05 0.0240923 0.00012492 0.00216823 -0.0118862 -0.346468 
18.1421 0.000240521 7.1241e-05 0.02177 0.000289663 0.000530466 -0.0239157 -0.350186 
19.4444 0.00108359 2.6295e-05 0.0168266 0.000373526 -0.00237834 -0.050762 -0.354565 
20.7468 0.00400143 4.54308e-05 0.00967026 -0.000943485 -0.00452663 -0.097547 -0.354612 
21.7506 0.00994253 0.000608291 0.00362244 -0.00544197 -0.00217741 -0.153764 -0.347744 
22.2222 0.0148944 0.0013404 0.00133796 -0.0098874 0.00193834 -0.1882 -0.341171 
22.2222 0.0156884 0.0102276 0.010015 -0.0725182 0.0154232 -0.1882 -0.341171 
22.6938 0.017183 0.0123069 0.00820214 -0.083252 0.0201994 -0.19696 -0.318852 
23.6976 0.0201105 0.0167036 0.00657364 -0.104927 0.0308534 -0.213079 -0.264795 
25 0.0196397 0.0185363 0.00756635 -0.109232 0.0368808 -0.21057 -0.186414 
26.3024 0.0117455 0.0126597 0.0116529 -0.0698101 0.0270851 -0.162841 -0.112467 
27.3062 0.00356398 0.00495093 0.0171352 -0.0240481 0.0137542 -0.0897008 -0.0707223 
27.7778 0.000883792 0.00191111 0.0204671 -0.00744027 0.00919161 -0.0446687 -0.0586431 
27.7778 0.00092967 0.000782692 0.00220539 -0.00199704 0.00279525 -0.0446687 -0.0586431 
28.2494 0.000761232 0.000645468 0.00180774 -0.00164105 0.00229406 -0.0404202 -0.053169 
29.2532 0.00049782 0.000429395 0.00118636 -0.00108241 0.00151002 -0.032687 -0.0431286 
30.5556 0.000286139 0.000253937 0.000690999 -0.00063107 0.000881335 -0.0247815 -0.0327996 
31.8579 0.000161988 0.000149828 0.000407626 -0.000364723 0.000515727 -0.0186458 -0.0248577 
32.8617 0.0001017 9.87174e-05 0.000276198 -0.000234576 0.000340998 -0.0147741 -0.0200278 
33.3333 8.04908e-05 8.05746e-05 0.000232102 -0.000188538 0.00028049 -0.0131435 -0.018088 
33.3333 8.45625e-05 7.65528e-05 0.000209302 -0.000193524 0.000267012 -0.0131435 -0.018088 
33.8049 6.96197e-05 6.33756e-05 0.000172264 -0.000159769 0.000220182 -0.0119259 -0.0164162 
34.8088 4.60239e-05 4.24728e-05 0.000113951 -0.000106344 0.000146286 -0.0096965 -0.0133411 
36.1111 2.67872e-05 2.53195e-05 6.695e-05 -6.26407e-05 8.62767e-05 -0.00739754 -0.0101655 
37.4135 1.53338e-05 1.5038e-05 3.97644e-05 -3.65245e-05 5.0927e-05 -0.00559691 -0.00771481 
38.4173 9.70356e-06 9.95363e-06 2.70473e-05 -2.36385e-05 3.38628e-05 -0.00445235 -0.00622028 
38.8889 7.70817e-06 8.14202e-06 2.27598e-05 -1.90549e-05 2.79197e-05 -0.00396825 -0.00561904 
38.8889 8.08839e-06 7.73524e-06 2.05779e-05 -1.95327e-05 2.65845e-05 -0.00396825 -0.00561904 
39.3605 6.6791e-06 6.41284e-06 1.69691e-05 -1.61614e-05 2.19733e-05 -0.00360601 -0.00510005 
40.3643 4.4401e-06 4.30735e-06 1.12637e-05 -1.07993e-05 1.466e-05 -0.00294012 -0.00414458 
41.6667 2.59921e-06 2.57148e-06 6.63896e-06 -6.3842e-06 8.67998e-06 -0.00224952 -0.00315693 
42.969 1.49446e-06 1.52749e-06 3.95014e-06 -3.731e-06 5.1355e-06 -0.00170573 -0.00239446 
43.9728 9.48418e-07 1.01059e-06 2.68786e-06 -2.41758e-06 3.41769e-06 -0.00135884 -0.00192952 
44.4445 7.54357e-07 8.26449e-07 2.26149e-06 -1.9498e-06 2.81833e-06 -0.00121187 -0.00174251 
44.4445 7.90665e-07 7.85464e-07 2.04978e-06 -1.99659e-06 2.68548e-06 -0.00121187 -0.00174251 
44.9161 6.53194e-07 6.50555e-07 1.69104e-06 -1.65156e-06 2.21992e-06 -0.00110149 -0.001581 
45.9199 4.34321e-07 4.35713e-07 1.12318e-06 -1.10214e-06 1.48044e-06 -0.000898185 -0.00128394 
47.2222 2.53988e-07 2.58739e-07 6.62296e-07 -6.49483e-07 8.74949e-07 -0.000686858 -0.000977487 
48.5246 1.45741e-07 1.5262e-07 3.94088e-07 -3.77857e-07 5.1608e-07 -0.000520298 -0.000741626 
49.5284 9.23437e-08 1.00334e-07 2.68081e-07 -2.4387e-07 3.42432e-07 -0.000414156 -0.000598289 
50 7.34127e-08 8.17907e-08 2.25486e-07 -1.96322e-07 2.81957e-07 -0.000369272 -0.000540778 
50 7.68624e-08 7.77993e-08 2.04863e-07 -2.00878e-07 2.68819e-07 -0.000369272 -0.000540778 
50.416 6.4903e-08 6.56725e-08 1.72938e-07 -1.69595e-07 2.26954e-07 -0.00033933 -0.000496755 
51.3971 4.35471e-08 4.40306e-08 1.1596e-07 -1.13748e-07 1.52218e-07 -0.000277951 -0.00040658 
52.9463 2.31774e-08 2.34095e-08 6.16608e-08 -6.05085e-08 8.0971e-08 -0.000202778 -0.00029628 
55.0734 9.7404e-09 9.82509e-09 2.58841e-08 -2.54124e-08 3.40056e-08 -0.000131455 -0.000191803 
57.7926 3.2115e-09 3.23482e-09 8.52381e-09 -8.37273e-09 1.12038e-08 -7.54819e-05 -0.000109968 
61.1224 8.23829e-10 8.28635e-10 2.1839e-09 -2.14629e-09 2.87195e-09 -3.82303e-05 -5.56126e-05 
65.0873 1.6271e-10 1.63442e-10 4.30836e-10 -4.2362e-10 5.66834e-10 -1.69901e-05 -2.46801e-05 
69.7179 2.44218e-11 2.4503e-11 6.46011e-11 -6.35458e-11 8.50275e-11 -6.58231e-06 -9.54968e-06 
75.053 2.74094e-12 2.74738e-12 7.24433e-12 -7.12848e-12 9.53814e-12 -2.20515e-06 -3.19594e-06 
81.1419 2.25412e-13 2.25768e-13 5.95373e-13 -5.86013e-13 7.84097e-13 -6.32379e-07 -9.15763e-07 
88.0472 1.32388e-14 1.32522e-14 3.49501e-14 -3.44077e-14 4.60378e-14 -1.53254e-07 -2.21796e-07 
95.8499 5.37166e-16 5.37494e-16 1.41762e-15 -1.39582e-15 1.86761e-15 -3.08705e-08 -4.4658e-08 
104.657 1.4412e-17 1.4417e-17 3.80256e-17 -3.74445e-17 5.01006e-17 -5.05652e-09 -7.31282e-09 
114.615 2.40854e-19 2.40898e-19 6.35396e-19 -6.25723e-19 8.37213e-19 -6.53682e-10 -9.45199e-10 
125.93 2.30319e-21 2.30339e-21 6.07553e-21 -5.98324e-21 8.00552e-21 -6.39225e-11 -9.24201e-11 
138.914 1.10876e-23 1.10871e-23 2.92474e-23 -2.88015e-23 3.85365e-23 -4.43514e-12 -6.41258e-12 
154.082 2.17602e-26 2.18149e-26 5.72455e-26 -5.65973e-26 7.5653e-26 -1.96481e-13 -2.83135e-13 
172.415 1.11815e-29 9.77654e-30 3.52144e-29 -2.716e-29 3.92428e-29 -4.45388e-15 -7.58316e-15 
196.429 2.92386e-32 1.29636e-31 2.0858e-31 -1.5993e-31 1.97908e-31 -2.27755e-16 1.03123e-15 
