0 0.0530843 0.0058966 3.7704e-12 -0.035746 0.0141525 -0.392721 0.56096 
0.4716 0.0357613 0.00263774 0.00153948 -0.019623 -0.00405793 -0.322335 0.575569 
1.47542 0.0140794 8.05477e-05 0.0107537 -0.00215161 -0.0200001 -0.202252 0.589686 
2.77778 0.00308807 0.000734178 0.0249253 0.0030422 -0.018029 -0.0947205 0.582976 
4.08014 0.000274594 0.00223511 0.0358805 0.00158285 -0.00851497 -0.0282453 0.55873 
5.08396 8.26453e-07 0.00298588 0.041568 -0.000100367 -0.00123169 0.00154956 0.533619 
5.55556 3.57547e-05 0.00314533 0.0435813 -0.000677553 0.00173832 0.0101922 0.52091 
5.55556 3.78282e-05 0.00281088 0.0386964 -0.000679745 -0.00159751 0.0101922 0.52091 
6.02716 0.000163952 0.00300039 0.0400299 -0.00146206 0.000939371 0.0212186 0.508884 
7.03098 0.000496205 0.00309186 0.0414312 -0.002582 0.00508357 0.0369138 0.482569 
8.33333 0.00073344 0.00271675 0.0412922 -0.00294255 0.00818071 0.0448788 0.449205 
9.63569 0.000656979 0.0020185 0.0401568 -0.00240053 0.00946395 0.0424751 0.41919 
10.6395 0.000451719 0.0014049 0.0392444 -0.00166063 0.0097809 0.0352203 0.399592 
11.1111 0.00033747 0.00112254 0.0389211 -0.00128302 0.00984968 0.0304422 0.39168 
11.1111 0.000356483 0.00103287 0.0346783 -0.00130383 0.00716743 0.0304422 0.39168 
11.5827 0.000338839 0.000854711 0.0342562 -0.00115634 0.00724499 0.0296793 0.385024 
12.5865 0.000270932 0.000509163 0.0331943 -0.000798061 0.00710458 0.0265391 0.373054 
13.8889 0.000169386 0.000182541 0.031666 -0.00037783 0.0065297 0.0209843 0.362253 
15.1912 9.72715e-05 2.30534e-05 0.0300467 -0.000101751 0.00566633 0.0159019 0.35681 
16.1951 7.29008e-05 1.28453e-06 0.0286615 2.0793e-05 0.00478411 0.0137665 0.356 
16.6667 7.1833e-05 1.25941e-05 0.0279285 6.46285e-05 0.00427926 0.0136653 0.356512 
16.6667 7.57682e-05 9.77239e-06 0.0249654 6.02138e-05 0.002444 0.0136653 0.356512 
17.1383 0.000133175 1.69649e-05 0.0241119 0.000105181 0.0018832 0.018117 0.357283 
18.1421 0.000394678 2.24101e-05 0.0215004 0.000208111 0.000243993 0.0311886 0.359361 
19.4444 0.00142066 8.06564e-07 0.0162995 7.4906e-05 -0.00245094 0.0591725 0.361314 
20.7468 0.00459121 0.000123081 0.0091622 -0.00166345 -0.00405004 0.106375 0.358831 
21.7506 0.0106356 0.000815869 0.00336176 -0.00651844 -0.00118059 0.161903 0.350243 
22.2222 0.015513 0.00160312 0.00122387 -0.0110353 0.00306399 0.195534 0.343045 
22.2222 0.01634 0.0111807 0.00916103 -0.0773805 0.0171754 0.195534 0.343045 
22.6938 0.0179291 0.0133442 0.00775875 -0.0885516 0.0222413 0.204822 0.320289 
23.6976 0.0207043 0.0175977 0.00665175 -0.109277 0.0326822 0.220104 0.265691 
25 0.019708 0.0188779 0.00802192 -0.110425 0.0375826 0.214743 0.187807 
26.3024 0.0115861 0.0126772 0.0123855 -0.0693827 0.027194 0.164652 0.11527 
27.3062 0.00352966 0.00501073 0.0180497 -0.0240762 0.0140532 0.0908791 0.0744209 
27.7778 0.000900876 0.00199429 0.0214646 -0.00767356 0.00958878 0.0459124 0.0624838 
27.7778 0.000947641 0.000826159 0.00231273 -0.00207147 0.00289632 0.0459124 0.0624838 
28.2494 0.000786215 0.000690045 0.00191972 -0.00172439 0.00240812 0.0418195 0.0569724 
29.2532 0.000528425 0.000471392 0.00129364 -0.00116845 0.00162886 0.0342846 0.0467654 
30.5556 0.000314317 0.00028819 0.00077932 -0.000704611 0.000983971 0.0264419 0.0361081 
31.8579 0.000183958 0.000175588 0.000475052 -0.000420759 0.000595366 0.0202287 0.0277789 
32.8617 0.00011854 0.000118582 0.000329695 -0.000277567 0.000403749 0.0162383 0.0226406 
33.3333 9.50437e-05 9.79554e-05 0.000279985 -0.000225892 0.000336066 0.0145402 0.0205577 
33.3333 9.98516e-05 9.29963e-05 0.000252481 -0.000231779 0.000319557 0.0145402 0.0205577 
33.8049 8.3193e-05 7.78726e-05 0.000210177 -0.000193598 0.000266623 0.013272 0.0187525 
34.8088 5.63754e-05 5.34435e-05 0.000142391 -0.000132025 0.000181541 0.0109254 0.0154033 
36.1111 3.38422e-05 3.28215e-05 8.62477e-05 -8.01629e-05 0.000110434 0.00846489 0.0118983 
37.4135 1.99624e-05 2.0063e-05 5.27693e-05 -4.81359e-05 6.71752e-05 0.00650128 0.00915366 
38.4173 1.29344e-05 1.35775e-05 3.66814e-05 -3.18749e-05 4.56953e-05 0.00523318 0.00745826 
38.8889 1.03972e-05 1.12269e-05 3.11617e-05 -2.59868e-05 3.80796e-05 0.00469191 0.00677046 
38.8889 1.091e-05 1.06603e-05 2.81743e-05 -2.66312e-05 3.62309e-05 0.00469191 0.00677046 
39.3605 9.10591e-06 8.92893e-06 2.34737e-05 -2.22667e-05 3.02641e-05 0.00428646 0.00617377 
40.3643 6.18939e-06 6.12708e-06 1.59233e-05 -1.5207e-05 2.06424e-05 0.00353395 0.00506665 
41.6667 3.7254e-06 3.75754e-06 9.6503e-06 -9.23916e-06 1.25684e-05 0.00274172 0.00390844 
42.969 2.20092e-06 2.29113e-06 5.90076e-06 -5.54524e-06 7.64156e-06 0.00210736 0.00300238 
43.9728 1.42716e-06 1.54681e-06 4.09657e-06 -3.66901e-06 5.19211e-06 0.00169697 0.00244339 
44.4445 1.14759e-06 1.27753e-06 3.47724e-06 -2.99002e-06 4.32355e-06 0.00152171 0.00221683 
44.4445 1.20283e-06 1.21372e-06 3.15172e-06 -3.0612e-06 4.11765e-06 0.00152171 0.00221683 
44.9161 1.00339e-06 1.01474e-06 2.62505e-06 -2.55647e-06 3.43678e-06 0.00138983 0.00202026 
45.9199 6.80816e-07 6.9312e-07 1.77919e-06 -1.7404e-06 2.33887e-06 0.00114484 0.00165609 
47.2222 4.08431e-07 4.21948e-07 1.07685e-06 -1.05177e-06 1.4184e-06 0.000886724 0.00127624 
48.5246 2.40346e-07 2.55024e-07 6.5745e-07 -6.27248e-07 8.58111e-07 0.000680217 0.000980275 
49.5284 1.55412e-07 1.70874e-07 4.55786e-07 -4.12868e-07 5.80548e-07 0.00054698 0.000798443 
50 1.24846e-07 1.40603e-07 3.86561e-07 -3.35672e-07 4.82426e-07 0.000490249 0.000724957 
50 1.30713e-07 1.33708e-07 3.51205e-07 -3.43421e-07 4.59784e-07 0.000490249 0.000724957 
50.4341 1.10502e-07 1.12963e-07 2.9674e-07 -2.90229e-07 3.88566e-07 0.000450758 0.000666114 
51.4578 7.43306e-08 7.58778e-08 1.99362e-07 -1.95087e-07 2.61182e-07 0.000369693 0.000545501 
53.0744 3.97012e-08 4.04445e-08 1.06295e-07 -1.04092e-07 1.39354e-07 0.000270184 0.000397807 
55.294 1.67511e-08 1.70225e-08 4.47536e-08 -4.38653e-08 5.87226e-08 0.000175501 0.000257725 
58.1314 5.54421e-09 5.61901e-09 1.47784e-08 -1.4499e-08 1.94091e-08 0.000100967 0.000147851 
61.6061 1.4267e-09 1.44211e-09 3.79426e-09 -3.72608e-09 4.98773e-09 5.12181e-05 7.47905e-05 
65.7434 2.82332e-10 2.84676e-10 7.49261e-10 -7.36451e-10 9.85778e-10 2.27844e-05 3.31834e-05 
70.5754 4.2395e-11 4.26545e-11 1.123e-10 -1.10466e-10 1.4786e-10 8.82908e-06 1.28291e-05 
76.1425 4.75193e-12 4.77244e-12 1.2568e-11 -1.23707e-11 1.65578e-11 2.95592e-06 4.28692e-06 
82.4962 3.89566e-13 3.90697e-13 1.02909e-12 -1.01344e-12 1.35644e-12 8.46347e-07 1.2256e-06 
89.7017 2.27658e-14 2.2808e-14 6.00847e-14 -5.91935e-14 7.92263e-14 2.04597e-07 2.95949e-07 
97.8438 9.17458e-16 9.18486e-16 2.41988e-15 -2.38461e-15 3.1916e-15 4.10725e-08 5.93646e-08 
107.034 2.44048e-17 2.44203e-17 6.43429e-17 -6.34163e-17 8.48769e-17 6.69878e-09 9.67715e-09 
117.425 4.03652e-19 4.03788e-19 1.06395e-18 -1.04874e-18 1.40364e-18 8.61513e-10 1.24415e-09 
129.232 3.81313e-21 3.81375e-21 1.00492e-20 -9.90616e-21 1.32584e-20 8.37334e-11 1.20901e-10 
142.781 1.80961e-23 1.80954e-23 4.76891e-23 -4.70072e-23 6.29155e-23 5.76833e-12 8.32876e-12 
158.608 3.49104e-26 3.50234e-26 9.17763e-26 -9.08332e-26 1.21454e-25 2.53358e-13 3.64606e-13 
177.738 1.75377e-29 1.51167e-29 5.5952e-29 -4.22963e-29 6.15853e-29 5.67864e-15 9.77714e-15 
202.797 4.61603e-32 2.36838e-31 3.80156e-31 -2.71611e-31 3.55893e-31 2.91335e-16 -1.41478e-15 
