0 0.0512204 0.00568961 2.31467e-12 -0.0344911 0.0140173 -0.391988 0.558069 
0.4716 0.0351283 0.00265284 0.00138137 -0.0195042 -0.00295435 -0.324623 0.572186 
1.47542 0.0145319 0.000127699 0.00979076 -0.00275232 -0.0184988 -0.208791 0.58659 
2.77778 0.00358075 0.000549396 0.0231181 0.00283383 -0.0175968 -0.103642 0.581962 
4.08014 0.000464462 0.00188076 0.0338727 0.00188836 -0.00910624 -0.0373272 0.560695 
5.08396 1.49687e-05 0.00260219 0.0397349 0.000398754 -0.00225258 -0.00670106 0.538015 
5.55556 2.15306e-06 0.00277585 0.0418816 -0.000156196 0.000619586 0.00254143 0.526407 
5.55556 2.27792e-06 0.00246883 0.0371872 -0.000156326 -0.00257403 0.00254143 0.526407 
6.02716 6.94206e-05 0.00266733 0.0387018 -0.000897013 -0.000100073 0.0140299 0.515382 
7.03098 0.000336304 0.00280839 0.0405553 -0.00202587 0.00407059 0.0308798 0.491051 
8.33333 0.000578744 0.00252842 0.0410114 -0.00252165 0.00739568 0.0405091 0.459853 
9.63569 0.000559175 0.00192712 0.0403608 -0.00216394 0.00897039 0.0398183 0.431444 
10.6395 0.000405227 0.00137587 0.0397033 -0.00155652 0.00948299 0.0338968 0.412661 
11.1111 0.000312277 0.0011171 0.0394581 -0.00123121 0.00962315 0.0297563 0.404996 
11.1111 0.000329872 0.0010267 0.0351568 -0.00125047 0.00690222 0.0297563 0.404996 
11.5827 0.000325378 0.000864846 0.0347934 -0.00113983 0.00703345 0.0295529 0.398497 
12.5865 0.000283937 0.000543489 0.0337967 -0.000844081 0.00697757 0.0276069 0.386617 
13.8889 0.000207481 0.000225197 0.0322279 -0.000464461 0.00643875 0.0235991 0.375429 
15.1912 0.000149988 4.9659e-05 0.0304332 -0.000185441 0.00553094 0.0200648 0.369029 
16.1951 0.000136261 2.8611e-06 0.0288334 -4.24258e-05 0.0045773 0.0191246 0.367098 
16.6667 0.000142869 2.05062e-07 0.0279808 1.16303e-05 0.00403529 0.0195828 0.366972 
16.6667 0.000150695 1.08518e-08 0.0250121 2.82978e-06 0.0022043 0.0195828 0.366972 
17.1383 0.000235959 7.54373e-07 0.0240296 2.95232e-05 0.0016281 0.0245043 0.367078 
18.1421 0.000583913 1.02668e-06 0.0211688 5.41807e-05 1.9485e-05 0.0385478 0.367576 
19.4444 0.00179131 1.08013e-05 0.0157685 -0.000307804 -0.00243092 0.0675165 0.367222 
20.7468 0.00519006 0.000235257 0.00869154 -0.00244517 -0.00349716 0.114924 0.362378 
21.7506 0.0113014 0.00104479 0.00313636 -0.00760383 -0.000172278 0.169586 0.352228 
22.2222 0.0160879 0.00187729 0.00113159 -0.0121609 0.00416038 0.202337 0.34448 
22.2222 0.0169455 0.0121209 0.00847029 -0.0820475 0.0189063 0.202337 0.34448 
22.6938 0.0185888 0.0143345 0.00741557 -0.0934517 0.0241614 0.21192 0.321423 
23.6976 0.0211785 0.018408 0.0067725 -0.113037 0.0342911 0.226201 0.266607 
25 0.0197051 0.0191731 0.00851356 -0.111277 0.0381534 0.218191 0.189539 
26.3024 0.0114154 0.0127026 0.0131769 -0.0689384 0.0273061 0.16607 0.118544 
27.3062 0.00349254 0.00508234 0.0190586 -0.0241197 0.0143843 0.0918582 0.0786119 
27.7778 0.000914958 0.0020848 0.022579 -0.00790684 0.0100211 0.0470163 0.0668227 
27.7778 0.000962454 0.000875581 0.00243269 -0.00214914 0.00300129 0.0470163 0.0668227 
28.2494 0.000809446 0.000740856 0.00204533 -0.00181295 0.00252898 0.0431174 0.0612719 
29.2532 0.000559622 0.000519904 0.00141581 -0.0012628 0.00175902 0.0358514 0.0508903 
30.5556 0.000344795 0.000328698 0.000882469 -0.000788142 0.00110055 0.0281409 0.0398868 
31.8579 0.000208773 0.000206853 0.000555952 -0.000486513 0.00068891 0.0218975 0.0311442 
32.8617 0.000138132 0.000143203 0.000395219 -0.000329268 0.000479307 0.0178117 0.025673 
33.3333 0.000112208 0.000119719 0.000339186 -0.000271344 0.000403753 0.0160535 0.0234342 
33.3333 0.000117884 0.000113559 0.000305865 -0.000278293 0.000383397 0.0160535 0.0234342 
33.8049 9.94117e-05 9.61819e-05 0.00025753 -0.000235196 0.000323696 0.0147422 0.0214834 
34.8088 6.90741e-05 6.75924e-05 0.000178691 -0.00016435 0.00022591 0.0122885 0.0178326 
36.1111 4.27776e-05 4.27582e-05 0.000111571 -0.000102869 0.000141755 0.00967054 0.013961 
37.4135 2.60059e-05 2.68956e-05 7.0304e-05 -6.36122e-05 8.88581e-05 0.00754012 0.0108849 
38.4173 1.72529e-05 1.86065e-05 4.99332e-05 -4.30951e-05 6.18333e-05 0.00614149 0.00896046 
38.8889 1.40327e-05 1.55503e-05 4.28219e-05 -3.55308e-05 5.20779e-05 0.00553877 0.00817322 
38.8889 1.47249e-05 1.47562e-05 3.87166e-05 -3.64006e-05 4.95046e-05 0.00553877 0.00817322 
39.3605 1.24219e-05 1.24856e-05 3.25881e-05 -3.07534e-05 4.17881e-05 0.00508723 0.00748689 
40.3643 8.63255e-06 8.75061e-06 2.25866e-05 -2.14626e-05 2.91351e-05 0.00424088 0.0062036 
41.6667 5.34181e-06 5.51064e-06 1.40704e-05 -1.3398e-05 1.82378e-05 0.00333604 0.00484514 
42.969 3.24217e-06 3.44774e-06 8.83797e-06 -8.25618e-06 1.1392e-05 0.00259899 0.00376845 
43.9728 2.14771e-06 2.37452e-06 6.2581e-06 -5.57659e-06 7.90078e-06 0.00211531 0.00309654 
44.4445 1.74565e-06 1.98027e-06 5.35829e-06 -4.59129e-06 6.64276e-06 0.00190707 0.00282214 
44.4445 1.82967e-06 1.88054e-06 4.85668e-06 -4.69956e-06 6.32251e-06 0.00190707 0.00282214 
44.9161 1.54102e-06 1.58679e-06 4.08334e-06 -3.96182e-06 5.32752e-06 0.00175018 0.00258298 
45.9199 1.06676e-06 1.10496e-06 2.82323e-06 -2.75066e-06 3.69876e-06 0.00145617 0.00213681 
47.2222 6.56309e-07 6.89247e-07 1.75311e-06 -1.70401e-06 2.3008e-06 0.00114218 0.00166634 
48.5246 3.95952e-07 4.26641e-07 1.09762e-06 -1.04132e-06 1.42709e-06 0.000887157 0.00129535 
49.5284 2.61211e-07 2.91242e-07 7.75162e-07 -6.988e-07 9.84088e-07 0.000720568 0.00106497 
50 2.11993e-07 2.41849e-07 6.62789e-07 -5.73672e-07 8.25155e-07 0.000649143 0.000971198 
50 2.21955e-07 2.29923e-07 6.02168e-07 -5.86829e-07 7.86091e-07 0.000649143 0.000971198 
50.453 1.87906e-07 1.94454e-07 5.09348e-07 -4.96554e-07 6.65152e-07 0.00059728 0.000892656 
51.5212 1.26796e-07 1.30917e-07 3.43032e-07 -3.34687e-07 4.48309e-07 0.000490638 0.000731534 
53.2081 6.802e-08 7.00022e-08 1.83506e-07 -1.79251e-07 2.40092e-07 0.000359357 0.000533967 
55.5243 2.88411e-08 2.95657e-08 7.75472e-08 -7.58556e-08 1.01596e-07 0.000233999 0.000346271 
58.4851 9.59121e-09 9.79103e-09 2.5696e-08 -2.51732e-08 3.37132e-08 0.000134941 0.000198805 
62.1109 2.47782e-09 2.51898e-09 6.61481e-09 -6.48986e-09 8.69097e-09 6.85871e-05 0.000100606 
66.4281 4.91591e-10 4.97847e-10 1.30805e-09 -1.2851e-09 1.72086e-09 3.05499e-05 4.46305e-05 
71.4701 7.38747e-11 7.45659e-11 1.96009e-10 -1.928e-10 2.58163e-10 1.18428e-05 1.72402e-05 
77.2794 8.27028e-12 8.32474e-12 2.18916e-11 -2.15543e-11 2.88605e-11 3.96249e-06 5.75156e-06 
83.9094 6.75758e-13 6.78746e-13 1.78545e-12 -1.75929e-12 2.35556e-12 1.13267e-06 1.64032e-06 
91.4283 3.92774e-14 3.93883e-14 1.03635e-13 -1.02175e-13 1.36801e-13 2.73073e-07 3.94791e-07 
99.9244 1.57112e-15 1.5738e-15 4.1415e-15 -4.08476e-15 5.46899e-15 5.46151e-08 7.88647e-08 
109.514 4.13997e-17 4.14396e-17 1.09061e-16 -1.07596e-16 1.44056e-16 8.86557e-09 1.27919e-08 
120.357 6.7697e-19 6.77315e-19 1.78268e-18 -1.75901e-18 2.35506e-18 1.13369e-09 1.63497e-09 
132.677 6.30939e-21 6.31096e-21 1.66109e-20 -1.63919e-20 2.19462e-20 1.09446e-10 1.57796e-10 
146.816 2.94738e-23 2.9473e-23 7.75895e-23 -7.6563e-23 1.02507e-22 7.48042e-12 1.07844e-11 
163.331 5.58171e-26 5.60063e-26 1.4654e-25 -1.45241e-25 1.94251e-25 3.2553e-13 4.67606e-13 
183.293 2.74473e-29 2.32274e-29 8.80412e-29 -6.55901e-29 9.60243e-29 7.21869e-15 1.25192e-14 
209.442 8.41048e-32 4.2304e-31 6.85293e-31 -4.89992e-31 6.37976e-31 3.99593e-16 -1.93284e-15 
