0 0.0495713 0.00550646 1.42762e-12 -0.0333807 0.0139211 0.391121 -0.555031 
0.4716 0.034579 0.00266939 0.00124341 -0.0194113 -0.00194005 0.326665 -0.568664 
1.47542 0.0149787 0.000181839 0.00893561 -0.00333445 -0.0170907 0.214997 -0.583273 
2.77778 0.00408591 0.000399563 0.0214723 0.00258155 -0.0171326 0.11229 -0.580522 
4.08014 0.000693497 0.00157227 0.0319889 0.00210974 -0.00959762 0.0462613 -0.562011 
5.08396 7.19815e-05 0.00225992 0.0379663 0.000814893 -0.00317338 0.0149041 -0.541608 
5.55556 8.44647e-06 0.00244309 0.0402169 0.000290236 -0.000409675 0.00510545 -0.531041 
5.55556 8.93632e-06 0.00216141 0.0357092 0.000289711 -0.00346269 0.00510545 -0.531041 
6.02716 1.58795e-05 0.00236527 0.0373735 -0.000403994 -0.00106392 -0.0068057 -0.520965 
7.03098 0.000210019 0.0025472 0.0396161 -0.00152468 0.00309849 -0.0247505 -0.498529 
8.33333 0.000444743 0.00235246 0.0406026 -0.00213222 0.00660542 -0.0360171 -0.469419 
9.63569 0.000471001 0.00184184 0.0403949 -0.00194157 0.00843651 -0.0370651 -0.442572 
10.6395 0.000362674 0.00135058 0.039973 -0.00145893 0.00912733 -0.0325246 -0.424586 
11.1111 0.000289326 0.0011149 0.0398001 -0.00118393 0.00933349 -0.0290501 -0.417163 
11.1111 0.000305627 0.00102353 0.0354615 -0.00120178 0.00658689 -0.0290501 -0.417163 
11.5827 0.00031345 0.000877858 0.0351528 -0.00112713 0.00676837 -0.0294195 -0.41082 
12.5865 0.000298359 0.00058143 0.0342185 -0.000894945 0.00679525 -0.0287026 -0.399031 
13.8889 0.000250333 0.000274256 0.0326157 -0.000563009 0.00630096 -0.0262912 -0.38747 
15.1912 0.000214606 8.74649e-05 0.0306635 -0.000294385 0.0053691 -0.0243429 -0.380143 
16.1951 0.000219307 2.08823e-05 0.0288719 -0.00014541 0.00436785 -0.0246081 -0.377128 
16.6667 0.000237757 7.23766e-06 0.0279133 -8.9134e-05 0.00380222 -0.0256223 -0.376385 
16.6667 0.000250782 8.77328e-06 0.0249518 -0.000103796 0.00198412 -0.0256223 -0.376385 
17.1383 0.000366896 5.84034e-06 0.0238562 -0.000102434 0.001406 -0.0309915 -0.375852 
18.1421 0.00080594 7.35645e-06 0.0207849 -0.000170387 -0.000142989 -0.0459327 -0.37484 
19.4444 0.00219116 5.50844e-05 0.0152385 -0.000768783 -0.00232466 -0.075737 -0.372308 
20.7468 0.00579371 0.000379372 0.00825647 -0.00328067 -0.00287887 -0.123154 -0.365277 
21.7506 0.0119396 0.00129293 0.00294186 -0.00869432 0.000840978 -0.176793 -0.353718 
22.2222 0.0166222 0.00216187 0.00105767 -0.0132651 0.00522671 -0.2086 -0.345491 
22.2222 0.0175083 0.0130485 0.00791696 -0.0865311 0.0206109 -0.2086 -0.345491 
22.6938 0.019171 0.0152819 0.0071595 -0.0979901 0.0259695 -0.218281 -0.322256 
23.6976 0.021549 0.0191456 0.00693469 -0.116283 0.0357112 -0.231423 -0.267503 
25 0.0196417 0.0194297 0.00904242 -0.111839 0.0386167 -0.220944 -0.191522 
26.3024 0.011234 0.0127341 0.0140248 -0.0684734 0.0274217 -0.167094 -0.122185 
27.3062 0.00345259 0.00516381 0.0201521 -0.0241729 0.0147429 -0.092633 -0.0831953 
27.7778 0.00092649 0.00218218 0.0237951 -0.00814022 0.0104841 -0.0479858 -0.0715626 
27.7778 0.000974584 0.000930625 0.00256362 -0.00222958 0.00310965 -0.0479858 -0.0715626 
28.2494 0.000830986 0.000797556 0.0021829 -0.00190591 0.00265556 -0.0443099 -0.0659739 
29.2532 0.000591051 0.000574702 0.0015516 -0.00136446 0.00189915 -0.0373694 -0.0554198 
30.5556 0.000377186 0.000375489 0.000999976 -0.000881054 0.00123029 -0.0298526 -0.0440671 
31.8579 0.00023623 0.000243885 0.000650576 -0.000561936 0.000796354 -0.023625 -0.0349008 
32.8617 0.000160434 0.000172966 0.000473418 -0.000389991 0.000568173 -0.0194694 -0.0290834 
33.3333 0.000132007 0.000146291 0.000410484 -0.000325337 0.000484244 -0.0176604 -0.0266814 
33.3333 0.000138684 0.000138633 0.000370159 -0.000333513 0.000459142 -0.0176604 -0.0266814 
33.8049 0.000118352 0.000118725 0.000315133 -0.000285117 0.000392161 -0.0163145 -0.0245773 
34.8088 8.428e-05 8.53704e-05 0.000223791 -0.000204024 0.000280367 -0.0137673 -0.0206064 
36.1111 5.38104e-05 5.55715e-05 0.0001439 -0.00013153 0.000181324 -0.0110007 -0.0163412 
37.4135 3.36909e-05 3.59345e-05 9.32935e-05 -8.36905e-05 0.000117029 -0.0087045 -0.0129044 
38.4173 2.28715e-05 2.53932e-05 6.76509e-05 -5.79656e-05 8.32495e-05 -0.00717191 -0.0107278 
38.8889 1.88163e-05 2.14416e-05 5.85473e-05 -4.83125e-05 7.08396e-05 -0.00650511 -0.0098302 
38.8889 1.97444e-05 2.03331e-05 5.29344e-05 -4.94787e-05 6.7273e-05 -0.00650511 -0.0098302 
39.3605 1.68299e-05 1.73729e-05 4.49968e-05 -4.22252e-05 5.73668e-05 -0.00600584 -0.00904401 
40.3643 1.19499e-05 1.24257e-05 3.18413e-05 -3.0091e-05 4.08549e-05 -0.00506074 -0.00756304 
41.6667 7.59553e-06 8.02697e-06 2.03689e-05 -1.92818e-05 2.62681e-05 -0.0040347 -0.00597739 
42.969 4.73214e-06 5.14807e-06 1.31299e-05 -1.21883e-05 1.68413e-05 -0.00318465 -0.00470477 
43.9728 3.20016e-06 3.61422e-06 9.47555e-06 -8.3982e-06 1.19136e-05 -0.00261889 -0.00390177 
44.4445 2.6282e-06 3.04238e-06 8.18125e-06 -6.9828e-06 1.01101e-05 -0.00237335 -0.00357146 
44.4445 2.75469e-06 2.88781e-06 7.41537e-06 -7.14581e-06 9.61629e-06 -0.00237335 -0.00357146 
44.9161 2.34173e-06 2.45839e-06 6.29141e-06 -6.07888e-06 8.17765e-06 -0.00218823 -0.00328232 
45.9199 1.65267e-06 1.74388e-06 4.4342e-06 -4.30113e-06 5.78796e-06 -0.00183831 -0.00273923 
47.2222 1.04186e-06 1.11354e-06 2.82226e-06 -2.72891e-06 3.6896e-06 -0.00145959 -0.0021606 
48.5246 6.43889e-07 7.05293e-07 1.81033e-06 -1.70734e-06 2.34417e-06 -0.00114744 -0.00169899 
49.5284 4.33096e-07 4.90187e-07 1.30142e-06 -1.16736e-06 1.64651e-06 -0.000941059 -0.00140938 
50 3.54978e-07 4.10654e-07 1.12148e-06 -9.67318e-07 1.39262e-06 -0.000851973 -0.0012907 
50 3.71659e-07 3.90282e-07 1.0189e-06 -9.89349e-07 1.32608e-06 -0.000851973 -0.0012907 
50.4727 3.15136e-07 3.30448e-07 8.62874e-07 -8.3828e-07 1.12357e-06 -0.000784517 -0.00118672 
51.5874 2.13377e-07 2.23023e-07 5.82631e-07 -5.66679e-07 7.59492e-07 -0.000645546 -0.000973228 
53.3476 1.15006e-07 1.19651e-07 3.12784e-07 -3.04723e-07 4.08373e-07 -0.000473929 -0.000711065 
55.7645 4.90193e-08 5.07193e-08 1.32692e-07 -1.29526e-07 1.73568e-07 -0.000309412 -0.000461568 
58.854 1.63831e-08 1.68522e-08 4.41258e-08 -4.31632e-08 5.78342e-08 -0.000178876 -0.000265205 
62.6375 4.24952e-09 4.34614e-09 1.13893e-08 -1.11637e-08 1.49569e-08 -9.1101e-05 -0.000134254 
67.1425 8.45196e-10 8.59866e-10 2.25504e-09 -2.21453e-09 2.96673e-09 -4.06286e-05 -5.95414e-05 
72.4038 1.27086e-10 1.28703e-10 3.37753e-10 -3.32225e-10 4.45039e-10 -1.57544e-05 -2.29769e-05 
78.4657 1.42049e-11 1.43318e-11 3.76312e-11 -3.70646e-11 4.96479e-11 -5.26712e-06 -7.65131e-06 
85.384 1.15626e-12 1.16319e-12 3.05549e-12 -3.01261e-12 4.03521e-12 -1.50273e-06 -2.17619e-06 
93.2299 6.68021e-14 6.70575e-14 1.76202e-13 -1.73863e-13 2.32872e-13 -3.61201e-07 -5.21875e-07 
102.096 2.6503e-15 2.65642e-15 6.98163e-15 -6.89262e-15 9.23177e-15 -7.19451e-08 -1.03782e-07 
112.102 6.91201e-17 6.92105e-17 1.81926e-16 -1.7967e-16 2.40642e-16 -1.16186e-08 -1.67422e-08 
123.417 1.11629e-18 1.11707e-18 2.93657e-18 -2.90079e-18 3.88515e-18 -1.47653e-09 -2.12625e-09 
136.273 1.02526e-20 1.02561e-20 2.69627e-20 -2.66377e-20 3.56767e-20 -1.41505e-10 -2.03693e-10 
151.026 4.708e-23 4.70805e-23 1.23798e-22 -1.223e-22 1.63803e-22 -9.58897e-12 -1.38018e-11 
168.26 8.73591e-26 8.77005e-26 2.29067e-25 -2.27375e-25 3.04189e-25 -4.13055e-13 -5.92213e-13 
189.09 4.1633e-29 3.47316e-29 1.36418e-28 -9.878e-29 1.46256e-28 -9.01721e-15 -1.59009e-14 
216.376 1.37639e-31 7.566e-31 1.23637e-30 -8.38288e-31 1.13705e-30 -5.18472e-16 2.62386e-15 
