0 0.0481128 0.00534449 8.84275e-13 -0.0323987 0.0138564 0.390112 -0.551863 
0.4716 0.034106 0.00268739 0.00112251 -0.019343 -0.00100685 0.328454 -0.565019 
1.47542 0.0154207 0.00024146 0.0081734 -0.00389868 -0.0157713 0.220857 -0.579756 
2.77778 0.00460052 0.000280043 0.0199691 0.00229329 -0.0166475 0.120632 -0.578689 
4.08014 0.000956415 0.00130502 0.0302185 0.00225723 -0.0100041 0.0550024 -0.562714 
5.08396 0.00016736 0.00195593 0.0362598 0.00115597 -0.00400563 0.0230083 -0.544435 
5.55556 5.09564e-05 0.00214476 0.0385881 0.000667932 -0.00135853 0.0126957 -0.534846 
5.55556 5.39116e-05 0.00188644 0.0342629 0.000664782 -0.0042728 0.0126957 -0.534846 
6.02716 5.3432e-08 0.00209269 0.0360488 2.20429e-05 -0.00195913 0.000399685 -0.525666 
7.03098 0.00011546 0.00230796 0.0386221 -0.00107608 0.00216488 -0.0185794 -0.505029 
8.33333 0.000330818 0.00218938 0.0400767 -0.00177407 0.00581134 -0.0314494 -0.477918 
9.63569 0.000392332 0.0017633 0.0402698 -0.00173383 0.00786515 -0.0342487 -0.452577 
10.6395 0.000324003 0.00132952 0.0400637 -0.00136816 0.0087171 -0.0311237 -0.435363 
11.1111 0.000268567 0.00111637 0.0399572 -0.00114142 0.00898406 -0.0283363 -0.428177 
11.1111 0.000283698 0.00102376 0.0356015 -0.00115799 0.00622406 -0.0283363 -0.428177 
11.5827 0.000303042 0.00089411 0.0353435 -0.00111847 0.00645258 -0.0292864 -0.421985 
12.5865 0.000314212 0.000623322 0.0344686 -0.000950922 0.00656076 -0.0298212 -0.410288 
13.8889 0.000297931 0.000330147 0.0328391 -0.000673891 0.00611997 -0.0290384 -0.398372 
15.1912 0.000290966 0.000137119 0.0307487 -0.000429189 0.00518492 -0.028697 -0.390156 
16.1951 0.00032152 5.61149e-05 0.028789 -0.000288616 0.00415978 -0.0301661 -0.386101 
16.6667 0.000355679 3.44497e-05 0.0277384 -0.000237848 0.00358366 -0.0317281 -0.384769 
16.6667 0.000375164 3.67401e-05 0.0247955 -0.000259796 0.00178612 -0.0317281 -0.384769 
17.1383 0.000524651 3.27841e-05 0.0236027 -0.000290214 0.00121876 -0.0375205 -0.383627 
18.1421 0.0010581 4.13829e-05 0.0203586 -0.000463047 -0.000244653 -0.0532839 -0.381184 
19.4444 0.00261589 0.000132332 0.0147144 -0.00130195 -0.00213924 -0.0837805 -0.376613 
20.7468 0.00639841 0.000553045 0.0078556 -0.00416264 -0.0022056 -0.13103 -0.367572 
21.7506 0.0125508 0.00155855 0.00277479 -0.00978694 0.00185342 -0.183514 -0.354753 
22.2222 0.0171194 0.00245615 0.000999487 -0.0143491 0.00626244 -0.214327 -0.346113 
22.2222 0.018032 0.0139644 0.00748139 -0.0908455 0.0222859 -0.214327 -0.346113 
22.6938 0.0196847 0.0161912 0.00698095 -0.102206 0.027676 -0.223934 -0.322812 
23.6976 0.0218307 0.0198215 0.00713827 -0.119089 0.036971 -0.235825 -0.268364 
25 0.0195283 0.0196557 0.00961054 -0.112162 0.038995 -0.223043 -0.193698 
26.3024 0.011044 0.0127718 0.014929 -0.0679925 0.0275442 -0.167733 -0.126115 
27.3062 0.0034103 0.00525428 0.0213246 -0.0242339 0.0151271 -0.0932077 -0.0880902 
27.7778 0.00093595 0.00228637 0.0251035 -0.00837471 0.0109753 -0.0488295 -0.0766231 
27.7778 0.000984535 0.000991175 0.00270451 -0.00231269 0.00322134 -0.0488295 -0.0766231 
28.2494 0.000850991 0.000860007 0.00233134 -0.00200281 0.00278733 -0.0453972 -0.0710007 
29.2532 0.000622477 0.000635709 0.00170011 -0.00147271 0.00204835 -0.0388265 -0.0602828 
30.5556 0.000411177 0.00042867 0.00113153 -0.000982883 0.00137262 -0.0315559 -0.0485893 
31.8579 0.000266146 0.000286979 0.000759208 -0.000647011 0.000917753 -0.0253879 -0.0390009 
32.8617 0.000185395 0.000208279 0.000564936 -0.000460042 0.000670855 -0.0211892 -0.0328337 
33.3333 0.000154448 0.000178121 0.000494655 -0.000388307 0.000578223 -0.01934 -0.030265 
33.3333 0.000162261 0.000168633 0.000446062 -0.000397872 0.000547392 -0.01934 -0.030265 
33.8049 0.000140071 0.000145943 0.000383788 -0.000343899 0.000472765 -0.017969 -0.0280039 
34.8088 0.000102136 0.000107255 0.000278647 -0.000251746 0.000345894 -0.0153441 -0.0237023 
36.1111 6.71501e-05 7.17391e-05 0.000184266 -0.000166942 0.000230264 -0.0124415 -0.0190253 
37.4135 4.32485e-05 4.76223e-05 0.000122741 -0.000109158 0.000152819 -0.00998472 -0.0152062 
38.4173 3.00147e-05 3.43384e-05 9.07763e-05 -7.72186e-05 0.000111017 -0.00831798 -0.0127591 
38.8889 2.49643e-05 2.92789e-05 7.92443e-05 -6.50281e-05 9.53981e-05 -0.00758595 -0.0117423 
38.8889 2.61957e-05 2.77465e-05 7.16471e-05 -6.65752e-05 9.05036e-05 -0.00758595 -0.0117423 
39.3605 2.2551e-05 2.39271e-05 6.14777e-05 -5.73617e-05 7.79275e-05 -0.00703846 -0.0108477 
40.3643 1.63436e-05 1.7446e-05 4.43725e-05 -4.16981e-05 5.66312e-05 -0.00599196 -0.00915062 
41.6667 1.06574e-05 1.15456e-05 2.91112e-05 -2.73922e-05 3.73521e-05 -0.00483861 -0.00731391 
42.969 6.80758e-06 7.58103e-06 1.92332e-05 -1.774e-05 2.45496e-05 -0.00386715 -0.00582216 
43.9728 4.69557e-06 5.42022e-06 1.41331e-05 -1.24579e-05 1.76972e-05 -0.00321173 -0.00487096 
44.4445 3.89472e-06 4.60326e-06 1.23001e-05 -1.0456e-05 1.51515e-05 -0.00292505 -0.00447699 
44.4445 4.08217e-06 4.36732e-06 1.11486e-05 -1.06975e-05 1.44017e-05 -0.00292505 -0.00447699 
44.9161 3.501e-06 3.74925e-06 9.54098e-06 -9.17908e-06 1.23547e-05 -0.00270884 -0.0041307 
45.9199 2.51677e-06 2.70675e-06 6.84873e-06 -6.61266e-06 8.90635e-06 -0.00229673 -0.00347609 
47.2222 1.62393e-06 1.76726e-06 4.46287e-06 -4.29205e-06 5.81152e-06 -0.00184489 -0.00277172 
48.5246 1.02704e-06 1.14412e-06 2.92947e-06 -2.74638e-06 3.778e-06 -0.00146717 -0.00220357 
49.5284 7.03787e-07 8.08941e-07 2.1419e-06 -1.91165e-06 2.70065e-06 -0.00121453 -0.0018436 
50 5.82324e-07 6.83411e-07 1.85953e-06 -1.59828e-06 2.30321e-06 -0.00110476 -0.00169513 
50 6.09688e-07 6.493e-07 1.68945e-06 -1.63442e-06 2.19213e-06 -0.00110476 -0.00169513 
50.4932 5.17797e-07 5.50381e-07 1.43246e-06 -1.38676e-06 1.85989e-06 -0.00101811 -0.00155908 
51.6564 3.51827e-07 3.72373e-07 9.69758e-07 -9.40246e-07 1.26094e-06 -0.000839229 -0.0012795 
53.4932 1.90532e-07 2.00438e-07 5.2245e-07 -5.07648e-07 6.80719e-07 -0.00061759 -0.000935681 
56.0152 8.16375e-08 8.52666e-08 2.22481e-07 -2.16732e-07 2.90585e-07 -0.00040426 -0.000607916 
59.2391 2.7418e-08 2.842e-08 7.42362e-08 -7.25134e-08 9.72103e-08 -0.00023428 -0.00034952 
63.1871 7.13886e-09 7.34515e-09 1.9207e-08 -1.88106e-08 2.52141e-08 -0.000119545 -0.00017697 
67.888 1.42292e-09 1.45419e-09 3.80633e-09 -3.7367e-09 5.00821e-09 -5.33711e-05 -7.84502e-05 
73.3781 2.13981e-10 2.17418e-10 5.69572e-10 -5.60304e-10 7.50894e-10 -2.06968e-05 -3.02364e-05 
79.7036 2.38673e-11 2.41359e-11 6.32729e-11 -6.23479e-11 8.35498e-11 -6.91222e-06 -1.00477e-05 
86.9228 1.93423e-12 1.94881e-12 5.11162e-12 -5.04345e-12 6.75815e-12 -1.96775e-06 -2.84919e-06 
95.1099 1.11003e-13 1.11537e-13 2.92671e-13 -2.89045e-13 3.87301e-13 -4.71394e-07 -6.80584e-07 
104.361 4.3648e-15 4.37747e-15 1.14896e-14 -1.13549e-14 1.52143e-14 -9.34756e-08 -1.34685e-07 
114.803 1.12575e-16 1.12761e-16 2.96019e-16 -2.92677e-16 3.9215e-16 -1.5012e-08 -2.16012e-08 
126.609 1.79403e-18 1.79559e-18 4.71431e-18 -4.66236e-18 6.2469e-18 -1.89509e-09 -2.72466e-09 
140.025 1.62212e-20 1.62281e-20 4.26094e-20 -4.21466e-20 5.64701e-20 -1.80201e-10 -2.58959e-10 
155.419 7.31367e-23 7.31409e-23 1.92084e-22 -1.89992e-22 2.54565e-22 -1.21e-11 -1.73859e-11 
173.403 1.32816e-25 1.33336e-25 3.47702e-25 -3.4569e-25 4.62605e-25 -5.15634e-13 -7.37683e-13 
195.139 6.0966e-29 5.07311e-29 2.04827e-28 -1.44467e-28 2.16174e-28 -1.10474e-14 -1.98418e-14 
223.611 2.52506e-31 1.26119e-30 2.20204e-30 -1.46593e-30 1.95457e-30 -7.10971e-16 3.51901e-15 
