0 0.0468222 0.00520115 5.49809e-13 -0.0315297 0.0138159 0.388951 -0.548579 
0.4716 0.0337013 0.00270671 0.0010161 -0.0192969 -0.000147792 0.329983 -0.561267 
1.47542 0.0158581 0.000305301 0.00749128 -0.00444563 -0.0145358 0.226357 -0.576061 
2.77778 0.00512188 0.000186715 0.0185917 0.00197582 -0.0161507 0.128642 -0.576493 
4.08014 0.00124842 0.00107461 0.0285509 0.00234019 -0.010339 0.0635111 -0.562842 
5.08396 0.000296824 0.00168692 0.0346116 0.00142969 -0.00476031 0.0309684 -0.546537 
5.55556 0.000126077 0.00187828 0.0369945 0.000983198 -0.00223601 0.020183 -0.537862 
5.55556 0.000133389 0.00164144 0.0328479 0.000975414 -0.00501349 0.020183 -0.537862 
6.02716 1.86086e-05 0.00184768 0.0347298 0.000386533 -0.00279292 0.00753849 -0.529522 
7.03098 5.04622e-05 0.00208982 0.03758 -0.000676946 0.0012665 -0.012414 -0.510583 
8.33333 0.000236 0.00203913 0.0394436 -0.00144609 0.00501379 -0.0268462 -0.485374 
9.63569 0.000322786 0.00169172 0.0399961 -0.00154042 0.00725845 -0.0313967 -0.461477 
10.6395 0.00028901 0.00131292 0.0399861 -0.00128408 0.00825513 -0.0297087 -0.445008 
11.1111 0.00024985 0.00112174 0.0399402 -0.00110357 0.00857795 -0.0276228 -0.43805 
11.1111 0.000263928 0.00102757 0.0355863 -0.00111899 0.00581607 -0.0276228 -0.43805 
11.5827 0.00029405 0.000913809 0.035375 -0.00111382 0.00608868 -0.0291565 -0.432005 
12.5865 0.000331425 0.0006694 0.034557 -0.00101208 0.0062771 -0.030954 -0.420401 
13.8889 0.000350132 0.000393217 0.0329086 -0.000797279 0.00589923 -0.0318156 -0.408152 
15.1912 0.000378662 0.000199123 0.0307006 -0.000590017 0.00498201 -0.0330865 -0.399091 
16.1951 0.000442024 0.000109096 0.0285971 -0.000471853 0.00395619 -0.0357477 -0.39405 
16.6667 0.00049542 8.2329e-05 0.0274686 -0.000433952 0.00338216 -0.0378453 -0.392161 
16.6667 0.000522561 8.43326e-05 0.0245542 -0.000464535 0.00161187 -0.0378453 -0.392161 
17.1383 0.000707478 8.18664e-05 0.0232801 -0.000532551 0.00106704 -0.0440352 -0.390444 
18.1421 0.00133744 0.000102816 0.0198988 -0.000820575 -0.000287893 -0.0605452 -0.386657 
19.4444 0.00306123 0.000241112 0.0142004 -0.00190112 -0.00188217 -0.0915991 -0.380194 
20.7468 0.00700088 0.000754095 0.00748756 -0.00508442 -0.00148702 -0.138522 -0.369319 
21.7506 0.0131353 0.00184021 0.00263222 -0.0108794 0.00286014 -0.189742 -0.355384 
22.2222 0.0175828 0.00275966 0.000954988 -0.0154143 0.00726734 -0.219527 -0.346395 
22.2222 0.0185201 0.0148699 0.00714829 -0.0950048 0.0239298 -0.219527 -0.346395 
22.6938 0.020138 0.0170671 0.0068728 -0.106135 0.0292911 -0.228915 -0.323124 
23.6976 0.0220373 0.020446 0.007384 -0.121522 0.0380961 -0.239466 -0.269189 
25 0.0193749 0.0198588 0.0102206 -0.112296 0.0393085 -0.224535 -0.196026 
26.3024 0.010848 0.0128167 0.0158906 -0.0675045 0.0276781 -0.168012 -0.130272 
27.3062 0.00336632 0.00535357 0.0225735 -0.0243035 0.0155369 -0.0935929 -0.0932313 
27.7778 0.000943794 0.00239754 0.0264987 -0.00861176 0.0114938 -0.0495569 -0.0819388 
27.7778 0.000992787 0.00105728 0.00285477 -0.00239855 0.00333666 -0.0495569 -0.0819388 
28.2494 0.000869664 0.000928222 0.00248998 -0.00210343 0.00292411 -0.0463823 -0.0762882 
29.2532 0.000653755 0.000702959 0.00186076 -0.00158708 0.00220607 -0.0402146 -0.0654201 
30.5556 0.00044651 0.000488409 0.00127694 -0.00109328 0.00152716 -0.0332347 -0.0534019 
31.8579 0.000298349 0.000336461 0.000882153 -0.000741747 0.00105321 -0.0271668 -0.0434023 
32.8617 0.000212955 0.000249571 0.000670408 -0.000539718 0.000787857 -0.022952 -0.0368888 
33.3333 0.000179527 0.000215675 0.000592461 -0.000460671 0.000686366 -0.0210737 -0.0341537 
33.3333 0.000188608 0.000203989 0.000534258 -0.000471789 0.000648734 -0.0210737 -0.0341537 
33.8049 0.00016461 0.000178297 0.00046429 -0.000412064 0.00056624 -0.0196874 -0.0317348 
34.8088 0.000122767 0.000133745 0.000344223 -0.000308208 0.000423465 -0.0170021 -0.0270985 
36.1111 8.29944e-05 9.17714e-05 0.000233734 -0.000209915 0.00028973 -0.0139793 -0.0219995 
37.4135 5.49094e-05 6.24436e-05 0.000159717 -0.000140842 0.000197426 -0.0113706 -0.0177833 
38.4173 3.89154e-05 4.58899e-05 0.000120338 -0.000101644 0.000146302 -0.00957241 -0.0150519 
38.8889 3.27048e-05 3.94893e-05 0.000105913 -8.64391e-05 0.000126888 -0.00877538 -0.0139088 
38.8889 3.4318e-05 3.73975e-05 9.57587e-05 -8.84659e-05 0.000120257 -0.00877538 -0.0139088 
39.3605 2.98212e-05 3.2531e-05 8.28992e-05 -7.69139e-05 0.000104498 -0.00818027 -0.0128989 
40.3643 2.20357e-05 2.41526e-05 6.09627e-05 -5.69691e-05 7.74058e-05 -0.00703183 -0.0109705 
41.6667 1.47213e-05 1.63518e-05 4.09624e-05 -3.83132e-05 5.23005e-05 -0.00574748 -0.00886206 
42.969 9.62881e-06 1.0978e-05 2.77008e-05 -2.53888e-05 3.51916e-05 -0.00464827 -0.0071303 
43.9728 6.76743e-06 7.98549e-06 2.07061e-05 -1.81533e-05 2.58261e-05 -0.00389688 -0.00601507 
44.4445 5.66626e-06 6.83894e-06 1.8157e-05 -1.53722e-05 2.22971e-05 -0.00356577 -0.00555013 
44.4445 5.93898e-06 6.48536e-06 1.64572e-05 -1.57236e-05 2.11793e-05 -0.00356577 -0.00555013 
44.9161 5.13627e-06 5.61189e-06 1.42001e-05 -1.36022e-05 1.832e-05 -0.00331605 -0.0051399 
45.9199 3.75735e-06 4.11936e-06 1.03718e-05 -9.9675e-06 1.34384e-05 -0.00283621 -0.00435969 
47.2222 2.47855e-06 2.74684e-06 6.91131e-06 -6.61068e-06 8.96507e-06 -0.00230354 -0.00351228 
48.5246 1.60239e-06 1.81567e-06 4.63699e-06 -4.32149e-06 5.95649e-06 -0.00185217 -0.00282158 
49.5284 1.11774e-06 1.30489e-06 3.4452e-06 -3.05976e-06 4.32968e-06 -0.00154692 -0.00237986 
50 9.33218e-07 1.11125e-06 3.01222e-06 -2.58005e-06 3.72169e-06 -0.00141348 -0.00219654 
50 9.7707e-07 1.05545e-06 2.73671e-06 -2.63796e-06 3.54055e-06 -0.00141348 -0.00219654 
50.5147 8.31154e-07 8.95651e-07 2.32319e-06 -2.24129e-06 3.00801e-06 -0.00130367 -0.00202088 
51.7284 5.66724e-07 6.07431e-07 1.57681e-06 -1.52413e-06 2.0453e-06 -0.0010765 -0.00165957 
53.6451 3.08362e-07 3.28009e-07 8.52407e-07 -8.26156e-07 1.10849e-06 -0.000794066 -0.00121463 
56.2768 1.328e-07 1.40004e-07 3.64306e-07 -3.54207e-07 4.75178e-07 -0.000521105 -0.000789773 
59.6409 4.48082e-08 4.67978e-08 1.2194e-07 -1.18954e-07 1.59554e-07 -0.000302695 -0.000454309 
63.7606 1.1707e-08 1.21164e-08 3.16136e-08 -3.09385e-08 4.14914e-08 -0.000154721 -0.00023003 
68.6659 2.33744e-09 2.39939e-09 6.26795e-09 -6.1519e-09 8.24916e-09 -6.91348e-05 -0.000101904 
74.3948 3.51376e-10 3.58163e-10 9.36603e-10 -9.21542e-10 1.23557e-09 -2.68048e-05 -3.92189e-05 
80.9954 3.90886e-11 3.96166e-11 1.03686e-10 -1.02224e-10 1.37046e-10 -8.94028e-06 -1.30021e-05 
88.5285 3.15204e-12 3.18053e-12 8.32963e-12 -8.22495e-12 1.1026e-11 -2.53876e-06 -3.67494e-06 
97.0716 1.79576e-13 1.80611e-13 4.73239e-13 -4.67826e-13 6.27117e-13 -6.05969e-07 -8.74135e-07 
106.725 6.99394e-15 7.01827e-15 1.83956e-14 -1.81997e-14 2.43957e-14 -1.19588e-07 -1.72094e-07 
117.621 1.78267e-16 1.78619e-16 4.68284e-16 -4.63541e-16 6.21339e-16 -1.90925e-08 -2.74314e-08 
129.941 2.80117e-18 2.8041e-18 7.35249e-18 -7.28039e-18 9.75864e-18 -2.39329e-09 -3.4352e-09 
143.94 2.49129e-20 2.49257e-20 6.53612e-20 -6.47328e-20 8.67671e-20 -2.25704e-10 -3.23775e-10 
160.004 1.10182e-22 1.10189e-22 2.8902e-22 -2.86229e-22 3.83667e-22 -1.50101e-11 -2.15285e-11 
178.769 1.95607e-25 1.96519e-25 5.1121e-25 -5.0931e-25 6.8168e-25 -6.32438e-13 -9.02678e-13 
201.45 8.74001e-29 6.97235e-29 2.98769e-28 -2.02784e-28 3.08218e-28 -1.33685e-14 -2.44129e-14 
231.161 4.0916e-31 2.26473e-30 3.83054e-30 -2.50059e-30 3.46497e-30 -9.14687e-16 4.68683e-15 
