0 9.83365e-32 3.22735e-31 2.46416e-30 3.59935e-31 2.0247e-30 4.08118e-17 -4.57607e-17 
0.2358 1.8437e-30 7.87894e-32 3.49719e-30 -7.70057e-31 4.15953e-30 -1.76715e-16 -1.9129e-17 
0.73771 4.61377e-30 1.45119e-30 2.62883e-31 -5.22799e-30 6.29012e-30 -2.79548e-16 9.68719e-17 
1.38889 3.36532e-30 1.15617e-30 2.00507e-31 3.98536e-30 3.65355e-30 2.38749e-16 3.9135e-16 
2.04007 2.30647e-29 1.23305e-30 1.73977e-30 -1.07748e-29 2.4196e-29 6.25032e-16 4.0197e-16 
2.54198 2.74908e-29 5.23249e-30 4.75076e-30 -2.42321e-29 3.6053e-29 6.82373e-16 1.01277e-16 
2.77778 4.40116e-30 5.06031e-30 4.59402e-29 -9.53489e-30 3.94644e-29 2.73031e-16 -7.81251e-17 
2.77778 4.40116e-30 1.70379e-31 2.16679e-28 1.74959e-30 1.43715e-28 2.73031e-16 -7.81251e-17 
3.01358 7.68456e-30 2.24839e-33 3.06335e-31 -2.65576e-31 7.79281e-30 -3.60776e-16 -5.82519e-17 
3.51549 6.64444e-30 5.73247e-31 1.00944e-29 -3.94315e-30 1.35915e-29 3.35473e-16 -1.28492e-16 
4.16667 1.86077e-30 5.34955e-32 5.97563e-31 6.37454e-31 1.91482e-30 1.77531e-16 -2.2818e-16 
4.81785 5.202e-31 2.55434e-30 1.6029e-31 -2.32899e-30 3.45994e-30 -9.3867e-17 1.19078e-17 
5.31976 1.01959e-30 2.67425e-30 1.06929e-30 -3.33624e-30 4.60334e-30 1.31414e-16 9.88834e-17 
5.55556 9.22508e-30 3.6407e-29 2.69528e-29 -3.70272e-29 6.6729e-29 3.95287e-16 -1.84169e-16 
5.55556 9.76008e-30 3.50789e-29 1.07375e-28 -3.85714e-29 1.18245e-28 3.95287e-16 -1.84169e-16 
5.79136 6.1365e-30 1.29656e-30 1.8206e-30 -5.87994e-30 8.12156e-30 -3.13434e-16 -3.06386e-16 
6.29327 7.34102e-32 2.43695e-31 1.23668e-29 -2.78816e-31 8.30923e-30 -3.42819e-17 -6.61368e-17 
6.94444 8.32138e-31 1.23894e-30 4.37307e-30 2.1166e-30 5.0433e-30 1.15421e-16 -3.05742e-17 
7.59562 3.84596e-30 7.03141e-30 1.39177e-30 -1.08403e-29 1.10645e-29 -2.48135e-16 4.68268e-16 
8.09753 1.81278e-31 7.40444e-30 1.16185e-28 -2.4151e-30 7.88796e-29 -5.38715e-17 8.09291e-16 
8.33333 1.90692e-28 8.68617e-29 1.54875e-27 -2.68286e-28 1.27946e-27 -1.74724e-15 1.2113e-15 
8.33333 1.90692e-28 4.78065e-30 2.65325e-28 -6.29399e-29 3.57952e-28 -1.74724e-15 1.2113e-15 
8.56913 4.12081e-28 5.69591e-28 5.0924e-28 -1.00993e-27 1.33905e-27 -2.56849e-15 2.41729e-15 
9.07104 2.2375e-27 2.24078e-27 5.89629e-27 -4.66764e-27 8.15721e-27 -5.98504e-15 7.57363e-15 
9.72222 4.33515e-26 4.49689e-26 1.02965e-25 -9.20396e-26 1.53537e-25 -2.63444e-14 3.1084e-14 
10.3734 6.55762e-25 6.46865e-25 1.55834e-24 -1.35768e-24 2.2812e-24 -1.02461e-13 1.23456e-13 
10.8753 5.47358e-24 5.50582e-24 1.3109e-23 -1.14436e-23 1.92318e-23 -2.96021e-13 3.55523e-13 
11.1111 1.47712e-23 1.46471e-23 3.49703e-23 -3.06619e-23 5.13934e-23 -4.86288e-13 5.84893e-13 
11.1111 1.56034e-23 2.13338e-25 4.26258e-23 3.92032e-24 4.13773e-23 -4.86288e-13 5.84893e-13 
11.3469 4.50045e-23 6.7475e-23 9.60277e-23 -1.18407e-22 1.77665e-22 -8.2587e-13 9.55253e-13 
11.8488 3.0041e-22 2.60408e-22 7.56017e-22 -6.00984e-22 1.03887e-21 -2.13374e-12 2.68185e-12 
12.5 5.27194e-21 5.51069e-21 1.25605e-20 -1.15815e-20 1.89296e-20 -8.93859e-12 1.06051e-11 
13.1512 8.11199e-20 8.14252e-20 1.94614e-19 -1.74631e-19 2.87893e-19 -3.50629e-11 4.23631e-11 
13.6531 6.84241e-19 6.99176e-19 1.64861e-18 -1.4862e-18 2.44747e-18 -1.01833e-10 1.22691e-10 
13.8889 1.85074e-18 1.86618e-18 4.41087e-18 -3.99326e-18 6.55894e-18 -1.67477e-10 2.02291e-10 
13.8889 1.85074e-18 1.09951e-20 5.96309e-18 3.06513e-19 5.47905e-18 -1.67477e-10 2.02291e-10 
14.1247 5.91411e-18 9.09512e-18 1.27652e-17 -1.57589e-17 2.37324e-17 -2.99384e-10 3.3951e-10 
14.6266 4.04441e-17 3.56352e-17 1.00756e-16 -8.15727e-17 1.39929e-16 -7.82909e-10 9.7802e-10 
15.2778 6.98166e-16 7.33102e-16 1.66668e-15 -1.53723e-15 2.51164e-15 -3.25284e-09 3.87882e-09 
15.929 1.06249e-14 1.074e-14 2.56007e-14 -2.29532e-14 3.78416e-14 -1.26896e-08 1.54336e-08 
16.4309 8.86662e-14 9.13069e-14 2.14712e-13 -1.93334e-13 3.1842e-13 -3.66575e-08 4.45234e-08 
16.6667 2.38512e-13 2.42607e-13 5.71803e-13 -5.16875e-13 8.4917e-13 -6.01228e-08 7.3253e-08 
16.6667 2.51579e-13 1.68035e-15 7.00044e-13 -4.54976e-14 6.80035e-13 -6.01228e-08 7.3253e-08 
16.9025 7.03863e-13 1.01302e-12 1.5292e-12 -1.86855e-12 2.76904e-12 -1.00565e-07 1.19392e-07 
17.4044 4.80396e-12 4.41934e-12 1.22637e-11 -1.0196e-11 1.71648e-11 -2.62725e-07 3.3431e-07 
18.0556 8.03529e-11 8.68252e-11 1.95444e-10 -1.84831e-10 2.96425e-10 -1.07449e-06 1.31324e-06 
18.7067 1.18383e-09 1.24867e-09 2.92025e-09 -2.69042e-09 4.35007e-09 -4.12426e-06 5.16703e-06 
19.2086 9.48058e-09 1.02558e-08 2.36033e-08 -2.182e-08 3.52455e-08 -1.16713e-05 1.47318e-05 
19.4444 2.49129e-08 2.67797e-08 6.17142e-08 -5.71567e-08 9.21597e-08 -1.89197e-05 2.40626e-05 
19.4444 2.49129e-08 1.39306e-08 7.96456e-08 -4.12239e-08 8.93335e-08 -1.89197e-05 2.40626e-05 
19.6802 6.81053e-08 8.45494e-08 1.58032e-07 -1.67918e-07 2.57951e-07 -3.12819e-05 3.95213e-05 
20.1822 4.92787e-07 5.25648e-07 1.2813e-06 -1.12624e-06 1.85267e-06 -8.41457e-05 0.000110407 
20.8333 6.74986e-06 7.82361e-06 1.73576e-05 -1.60806e-05 2.59055e-05 -0.000311422 0.000417266 
21.4845 8.25845e-05 9.90867e-05 0.000221332 -0.000200175 0.00032501 -0.00108931 0.00153465 
21.9864 0.000528688 0.000676297 0.0014694 -0.00132319 0.00215045 -0.00275615 0.00409313 
22.2222 0.00121708 0.00160637 0.00346958 -0.0030941 0.00504357 -0.00418178 0.00642866 
22.2222 0.00128196 0.00327367 0.0257573 -0.011728 0.0131078 -0.00418178 0.00642866 
22.3794 0.013697 0.0172798 0.0191595 -0.0880747 0.0392685 -0.013669 0.0109325 
22.714 0.0433428 0.0460895 0.0268459 -0.255876 0.10032 -0.0243155 0.0287636 
23.1481 0.0552059 0.0562423 0.0704018 -0.319003 0.11971 -0.0274421 0.0585201 
23.5823 0.0446589 0.0450147 0.145625 -0.256685 0.0896483 -0.0246819 0.087774 
23.9169 0.030134 0.030228 0.212828 -0.172784 0.0526182 -0.0202746 0.10701 
24.0741 0.0231355 0.0232662 0.243685 -0.132823 0.0353295 -0.0177649 0.114613 
24.0741 0.0231355 0.023207 0.243389 -0.132654 0.0351662 -0.0177649 0.114613 
24.2313 0.0165554 0.0165962 0.271445 -0.0948953 0.0188095 -0.0150278 0.121166 
24.5659 0.00549437 0.00550375 0.317896 -0.0314817 -0.00856018 -0.00865733 0.13127 
25 3.27175e-06 3.27347e-06 0.340757 -1.87355e-05 -0.0221046 0.000211259 0.135956 
25.4341 0.00602215 0.00603221 0.315685 -0.0345052 -0.00726262 0.00906359 0.130811 
25.7687 0.0173844 0.017427 0.267939 -0.0996463 0.0208516 0.0153994 0.120375 
25.9259 0.0240527 0.0241271 0.239474 -0.137913 0.0374296 0.0181137 0.113678 
25.9259 0.0240527 0.0241885 0.239774 -0.138088 0.0375966 0.0181137 0.113678 
26.0831 0.0310968 0.0311941 0.208653 -0.178305 0.0549991 0.020596 0.105941 
26.4177 0.0455612 0.0459276 0.141428 -0.261881 0.0919065 0.02493 0.0864608 
26.8519 0.0556562 0.056717 0.0671254 -0.32165 0.120916 0.0275538 0.0570002 
27.286 0.0429588 0.0457471 0.0249662 -0.253792 0.099541 0.0242076 0.0272207 
27.6206 0.0128913 0.0164447 0.0180553 -0.0833548 0.0373212 0.0132609 0.00957736 
27.7778 0.00092692 0.00273221 0.0249799 -0.00911063 0.011968 0.00355587 0.00526159 
27.7778 0.000975036 0.00126058 0.00271039 -0.0025955 0.00405813 0.00355587 0.00526159 
28.0136 0.000409143 0.000516348 0.0011156 -0.00107606 0.0016789 0.00230342 0.00330841 
28.5155 5.99952e-05 7.14254e-05 0.000158604 -0.000153253 0.000238987 0.000882051 0.00121074 
29.1667 4.60022e-06 5.34198e-06 1.17091e-05 -1.16056e-05 1.79448e-05 0.000244245 0.000319755 
29.8178 3.13022e-07 3.28802e-07 8.11761e-07 -7.5107e-07 1.19252e-06 6.37123e-05 8.23767e-05 
30.3198 4.25355e-08 5.58162e-08 9.66927e-08 -1.14073e-07 1.66403e-07 2.34861e-05 2.89326e-05 
30.5556 1.49469e-08 5.56137e-09 4.94967e-08 -2.13448e-08 5.25842e-08 1.39223e-05 1.74133e-05 
30.5556 1.49469e-08 1.61082e-08 3.68036e-08 -3.63267e-08 5.62654e-08 1.39223e-05 1.74133e-05 
30.7914 5.58441e-09 6.06424e-09 1.38363e-08 -1.36239e-08 2.1143e-08 8.5099e-06 1.05646e-05 
31.2933 6.70275e-10 7.08988e-10 1.64517e-09 -1.61388e-09 2.50714e-09 2.94823e-06 3.63534e-06 
31.9444 4.34571e-11 4.73231e-11 1.04893e-10 -1.06168e-10 1.63264e-10 7.50699e-07 9.0022e-07 
32.5956 2.46144e-12 2.24856e-12 6.14327e-12 -5.50772e-12 8.86496e-12 1.78661e-07 2.21257e-07 
33.0975 3.44119e-13 5.60974e-13 7.43625e-13 -1.02861e-12 1.45542e-12 6.68021e-08 7.37483e-08 
33.3333 9.56749e-14 9.34252e-16 3.74759e-13 2.21339e-14 3.36261e-13 3.52237e-08 4.23409e-08 
33.3333 1.00515e-13 1.04849e-13 2.41581e-13 -2.46922e-13 3.74568e-13 3.52237e-08 4.23409e-08 
33.5691 3.64802e-14 3.85248e-14 8.8585e-14 -9.01702e-14 1.37132e-13 2.12201e-08 2.53866e-08 
34.071 4.13473e-15 4.26572e-15 9.97081e-15 -1.01015e-14 1.53816e-14 7.14403e-09 8.54013e-09 
34.7222 2.52855e-16 2.72005e-16 6.02468e-16 -6.30796e-16 9.50194e-16 1.76667e-09 2.05902e-09 
35.3734 1.32429e-17 1.14612e-17 3.31663e-17 -2.96327e-17 4.74519e-17 4.04307e-10 4.97576e-10 
35.8753 1.90624e-18 3.25107e-18 4.00196e-18 -5.9878e-18 8.21339e-18 1.53394e-10 1.67225e-10 
36.1111 5.53315e-19 8.57134e-20 1.91903e-18 5.23811e-19 1.89064e-18 8.26429e-11 9.75082e-11 
36.1111 5.53315e-19 5.6629e-19 1.31363e-18 -1.34639e-18 2.04124e-18 8.26429e-11 9.75082e-11 
36.3469 1.98461e-19 2.06056e-19 4.76907e-19 -4.86401e-19 7.39504e-19 4.94945e-11 5.81925e-11 
36.8488 2.19821e-20 2.23309e-20 5.25099e-20 -5.32907e-20 8.11244e-20 1.64723e-11 1.94068e-11 
37.5 1.31523e-21 1.40188e-21 3.10692e-21 -3.26604e-21 4.91415e-21 4.02922e-12 4.63044e-12 
38.1512 6.71095e-23 5.68102e-23 1.65717e-22 -1.48515e-22 2.37675e-22 9.10147e-13 1.10557e-12 
38.6531 9.58119e-24 1.72628e-23 2.00364e-23 -3.09335e-23 4.23624e-23 3.43898e-13 3.61204e-13 
38.8889 2.46924e-24 7.64026e-25 9.87005e-24 3.3037e-24 9.74723e-24 1.74583e-13 2.04338e-13 
38.8889 2.59104e-24 2.64805e-24 6.20795e-24 -6.46835e-24 9.66806e-24 1.74583e-13 2.04338e-13 
39.1247 9.14164e-25 9.56965e-25 2.20537e-24 -2.30969e-24 3.44715e-24 1.03699e-13 1.21468e-13 
39.6266 1.01685e-25 1.01774e-25 2.37298e-25 -2.51212e-25 3.72901e-25 3.45854e-14 4.01685e-14 
40.2778 5.90119e-27 6.2607e-27 1.42143e-26 -1.50098e-26 2.23669e-26 8.33171e-15 9.51895e-15 
40.929 3.96591e-28 2.71891e-28 5.72128e-28 -8.10892e-28 1.08461e-27 2.15991e-15 2.20955e-15 
41.4309 9.3794e-29 6.35637e-29 1.54769e-28 -1.90672e-28 2.74034e-28 1.05039e-15 6.32886e-16 
41.6667 3.24873e-30 4.18886e-29 2.13485e-28 2.8807e-29 1.92565e-28 1.95488e-16 4.66739e-16 
41.6667 3.24873e-30 8.47156e-30 2.01806e-28 -1.29548e-29 1.46203e-28 1.95488e-16 4.66739e-16 
41.9025 4.05512e-30 2.73236e-30 8.56997e-30 8.21986e-30 1.24302e-29 -2.18407e-16 3.28913e-16 
42.4044 6.07812e-33 2.51956e-30 2.39876e-32 -3.05591e-31 2.84287e-30 8.45569e-18 1.10952e-16 
43.0556 2.12611e-34 1.06348e-32 4.35048e-32 -3.71322e-33 2.08564e-32 -1.58146e-18 -5.36658e-17 
43.7067 3.9967e-33 6.47062e-31 9.96444e-31 1.25579e-31 1.35916e-30 6.85669e-18 8.85847e-17 
44.2087 3.17523e-31 1.37348e-30 1.01157e-30 1.63077e-30 2.56499e-30 -6.11156e-17 6.94758e-17 
44.4445 1.31445e-29 1.4718e-30 1.19803e-28 -1.08615e-29 9.56142e-29 3.93221e-16 -1.69767e-17 
44.4445 1.37772e-29 1.3605e-29 8.97982e-29 -3.46865e-29 9.07448e-29 3.93221e-16 -1.69767e-17 
44.6803 2.31887e-33 1.23943e-30 8.50905e-31 -1.35825e-31 1.97814e-30 -5.10147e-18 -6.56541e-17 
45.1822 1.29742e-31 1.01375e-31 3.68545e-31 2.9056e-31 4.27524e-31 3.8159e-17 1.03429e-16 
45.8333 4.4417e-31 2.80291e-31 1.44106e-31 8.93943e-31 9.00302e-31 -7.06043e-17 6.91942e-18 
46.4845 6.70155e-33 1.45495e-31 9.75086e-32 7.91119e-32 2.31618e-31 8.6725e-18 3.65281e-17 
46.9864 8.26573e-31 1.41626e-30 1.83558e-30 -2.74121e-30 3.76031e-30 9.63157e-17 -1.7379e-17 
47.2222 1.14536e-29 8.88157e-32 4.33317e-29 -2.55532e-30 4.14207e-29 3.58531e-16 -7.9332e-17 
47.2222 1.14536e-29 9.03657e-31 2.52187e-28 8.15084e-30 1.82169e-28 3.58531e-16 -7.9332e-17 
47.458 7.16848e-30 2.99076e-30 2.95687e-30 -1.1731e-29 1.31766e-29 -2.83642e-16 2.44594e-17 
47.9599 2.45055e-31 9.97893e-31 8.45036e-32 1.25286e-30 1.44187e-30 -5.24431e-17 7.08839e-17 
48.6111 6.40845e-30 2.19489e-32 3.11266e-31 -9.50197e-31 7.09956e-30 -2.68184e-16 -8.21883e-17 
49.2623 3.79415e-30 1.31421e-31 2.83196e-31 -1.78904e-30 4.40995e-30 -2.06354e-16 5.97001e-17 
49.7642 6.30888e-30 3.53802e-30 1.61804e-30 1.19698e-29 1.19456e-29 -2.66093e-16 -8.0217e-17 
50 1.46338e-29 1.15419e-30 7.17716e-32 -1.04123e-29 1.70449e-29 -4.05261e-16 -1.34587e-16 
50 1.53214e-29 1.08971e-29 1.15721e-28 -3.35655e-29 1.06993e-28 -4.05261e-16 -1.34587e-16 
50.0791 1.42976e-29 2.93895e-30 1.31241e-29 -1.6839e-29 2.77321e-29 -3.91487e-16 -8.79813e-17 
50.2656 2.02643e-29 2.4639e-30 1.38533e-29 -1.83555e-29 3.4212e-29 -4.6607e-16 -4.50567e-18 
50.5601 6.56488e-34 6.26484e-31 3.56622e-30 5.26813e-32 3.12296e-30 -2.65276e-18 2.35743e-17 
50.9645 1.29776e-30 9.04974e-34 6.33309e-31 8.90234e-32 1.81589e-30 -1.17946e-16 -5.51945e-17 
51.4814 1.11604e-31 2.34805e-31 9.60617e-31 -4.20515e-31 1.03773e-30 -3.4588e-17 1.90686e-17 
52.1144 1.41304e-32 1.10523e-31 1.56423e-31 -1.02658e-31 2.48938e-31 1.23073e-17 5.55163e-18 
52.8682 4.02169e-32 3.51234e-32 1.32143e-31 9.76317e-32 1.73382e-31 2.0763e-17 -2.57467e-18 
53.7485 2.56757e-31 1.31404e-32 5.04612e-32 -1.50888e-31 3.27506e-31 5.24622e-17 1.10228e-17 
54.7627 2.06299e-32 5.52084e-34 7.70616e-33 -8.76676e-33 2.59448e-32 1.48708e-17 -1.79422e-17 
55.9202 1.66021e-32 3.70025e-33 8.61477e-34 -2.03604e-32 2.27562e-32 -1.33403e-17 -5.02865e-18 
57.2329 4.15053e-33 3.76193e-36 8.39475e-36 3.24597e-34 4.24044e-33 -6.67017e-18 6.27576e-18 
58.7163 2.00502e-32 1.60275e-33 2.0224e-34 1.47258e-32 2.35475e-32 -1.46603e-17 -5.95392e-18 
60.3906 3.55208e-34 2.16102e-34 1.49895e-32 7.19713e-34 9.82718e-33 1.95131e-18 -1.11133e-17 
62.2835 1.57561e-32 2.29153e-34 9.48965e-34 -4.936e-33 1.80078e-32 -1.2996e-17 -1.97375e-18 
64.4346 2.9044e-35 1.49666e-36 7.90605e-34 -1.71268e-35 4.92984e-34 -5.57973e-19 3.16302e-18 
66.9029 1.89886e-33 1.79737e-35 7.53766e-34 -4.79902e-34 2.592e-33 4.51161e-18 -1.28859e-19 
69.7864 3.24558e-34 2.66639e-35 2.76976e-35 -2.41655e-34 3.63211e-34 -1.86522e-18 2.34225e-18 
73.2716 1.97475e-33 1.71767e-35 3.65329e-34 4.78426e-34 2.40288e-33 -4.60089e-18 1.16618e-18 
77.8368 7.05502e-34 4.34194e-36 6.52645e-36 1.43774e-34 7.65186e-34 2.75001e-18 1.25701e-18 
