0 0.0456785 0.00507412 3.42971e-13 -0.0307595 0.0137928 0.387632 -0.545199 
0.4716 0.0333567 0.00272717 0.000921981 -0.0192704 0.000642828 0.331249 -0.557425 
1.47542 0.0162908 0.000372301 0.00687824 -0.00497579 -0.0133796 0.231491 -0.572213 
2.77778 0.00564754 0.000115949 0.017325 0.00163496 -0.0156494 0.136299 -0.57397 
4.08014 0.00156518 0.000876945 0.0269761 0.00236707 -0.0106142 0.0717539 -0.562441 
5.08396 0.000456366 0.00144965 0.0330179 0.00164335 -0.00544768 0.0387454 -0.547959 
5.55556 0.00023035 0.00164099 0.0354346 0.0012422 -0.00305082 0.0275269 -0.540136 
5.55556 0.000243709 0.0014239 0.0314629 0.00122798 -0.00569347 0.0275269 -0.540136 
6.02716 6.82669e-05 0.00162819 0.0334178 0.000694982 -0.00357245 0.0145689 -0.53258 
7.03098 1.27481e-05 0.00189163 0.0364955 -0.000323711 0.000399625 -0.0062957 -0.515236 
8.33333 0.000159127 0.00190138 0.0387125 -0.00114663 0.00421248 -0.022243 -0.491828 
9.63569 0.000261842 0.00162709 0.0395844 -0.00136063 0.00661806 -0.0285326 -0.469307 
10.6395 0.00025742 0.00130086 0.0397515 -0.00120629 0.00774394 -0.0282906 -0.453551 
11.1111 0.000232977 0.0011311 0.0397604 -0.0010701 0.00811805 -0.026914 -0.446814 
11.1111 0.000246104 0.00103505 0.0354261 -0.00108447 0.005365 -0.026914 -0.446814 
11.5827 0.000286316 0.00093707 0.0352577 -0.00111298 0.00567906 -0.0290296 -0.440911 
12.5865 0.000349866 0.000719837 0.0344944 -0.00107832 0.00594714 -0.03209 -0.429403 
13.8889 0.000406675 0.000463738 0.0328358 -0.000933121 0.00564187 -0.0345974 -0.416846 
15.1912 0.000477058 0.000273835 0.0305311 -0.000776619 0.00476335 -0.0374718 -0.406992 
16.1951 0.000579634 0.000180146 0.0283083 -0.000694332 0.00375925 -0.0413044 -0.401025 
16.6667 0.00065543 0.000151111 0.0271156 -0.000676221 0.00319921 -0.043922 -0.398612 
16.6667 0.000691336 0.00015173 0.0242387 -0.000716692 0.00146191 -0.043922 -0.398612 
17.1383 0.0009133 0.000153113 0.0228983 -0.000827494 0.000950414 -0.0504829 -0.396357 
18.1421 0.00164081 0.000191132 0.0194137 -0.00123922 -0.000276062 -0.0676654 -0.391321 
19.4444 0.00352306 0.000379927 0.0137 -0.00256013 -0.00156118 -0.0991511 -0.383114 
20.7468 0.0075982 0.000980541 0.00715092 -0.00604005 -0.000732055 -0.145611 -0.370583 
21.7506 0.0136939 0.00213677 0.00251169 -0.01197 0.003857 -0.195479 -0.355669 
22.2222 0.0180152 0.00307212 0.000922585 -0.0164623 0.00824143 -0.224211 -0.346391 
22.2222 0.0189756 0.0157663 0.00690573 -0.0990221 0.0255418 -0.224211 -0.346391 
22.6938 0.0205381 0.0179143 0.00682982 -0.109812 0.0308245 -0.23326 -0.323237 
23.6976 0.0221805 0.0210285 0.00767318 -0.12364 0.0391094 -0.242407 -0.269991 
25 0.0191898 0.0200458 0.0108757 -0.112284 0.0395752 -0.225473 -0.198481 
26.3024 0.0106482 0.0128701 0.0169118 -0.0670192 0.0278284 -0.167957 -0.134612 
27.3062 0.00332132 0.00546186 0.0238984 -0.0243835 0.0159731 -0.0938027 -0.098567 
27.7778 0.000950428 0.00251606 0.0279786 -0.008853 0.0120396 -0.0501787 -0.0874573 
27.7778 0.000999765 0.0011291 0.00301415 -0.00248737 0.00345605 -0.0501787 -0.0874573 
28.2494 0.000887217 0.00100234 0.00265849 -0.00220774 0.00306602 -0.04727 -0.0817851 
29.2532 0.000684801 0.00077659 0.00203318 -0.00170728 0.00237202 -0.0415291 -0.070783 
30.5556 0.000482977 0.000554932 0.00143613 -0.00121202 0.00169368 -0.0348766 -0.0584619 
31.8579 0.00033268 0.000392688 0.00101975 -0.000846181 0.00120289 -0.0289457 -0.0480686 
32.8617 0.000243048 0.000297294 0.000790469 -0.000629311 0.000919696 -0.024741 -0.0412179 
33.3333 0.000207225 0.000259443 0.000704655 -0.000542836 0.000809346 -0.022845 -0.0383192 
33.3333 0.000217708 0.000245149 0.000635431 -0.000555669 0.000763749 -0.022845 -0.0383192 
33.8049 0.000191992 0.000216265 0.000557427 -0.000490116 0.000673308 -0.0214534 -0.0357445 
34.8088 0.000146278 0.000165363 0.000421484 -0.000374088 0.000514051 -0.018726 -0.0307747 
36.1111 0.000101528 0.000116211 0.000293403 -0.000261265 0.000360899 -0.0156008 -0.0252502 
37.4135 6.89011e-05 8.09253e-05 0.000205357 -0.000179606 0.000252112 -0.0128519 -0.0206282 
38.4173 4.98114e-05 6.05437e-05 0.000157449 -0.000132088 0.000190357 -0.0109275 -0.0176029 
38.8889 4.22749e-05 5.25504e-05 0.000139645 -0.000113369 0.000166544 -0.0100669 -0.0163283 
38.8889 4.43602e-05 4.97337e-05 0.000126257 -0.000115989 0.000157682 -0.0100669 -0.0163283 
39.3605 3.8889e-05 4.36158e-05 0.000110219 -0.000101702 0.000138205 -0.00942569 -0.0151979 
40.3643 2.9266e-05 3.2937e-05 8.24954e-05 -7.66686e-05 0.000104234 -0.00817676 -0.0130258 
41.6667 2.00033e-05 2.27808e-05 5.66948e-05 -5.27144e-05 7.20471e-05 -0.00676006 -0.0106282 
42.969 1.33802e-05 1.56176e-05 3.91921e-05 -3.5697e-05 4.9566e-05 -0.0055288 -0.00863801 
43.9728 9.57304e-06 1.15469e-05 2.9772e-05 -2.59628e-05 3.69945e-05 -0.00467654 -0.00734434 
44.4445 8.08716e-06 9.96753e-06 2.62936e-05 -2.2171e-05 3.21934e-05 -0.00429831 -0.0068017 
44.4445 8.47639e-06 9.44779e-06 2.38321e-05 -2.26726e-05 3.05589e-05 -0.00429831 -0.0068017 
44.9161 7.38894e-06 8.23675e-06 2.0724e-05 -1.97651e-05 2.66411e-05 -0.00401313 -0.00632116 
45.9199 5.49528e-06 6.14171e-06 1.53882e-05 -1.47187e-05 1.98665e-05 -0.00346088 -0.00540199 
47.2222 3.70171e-06 4.17784e-06 1.04736e-05 -9.96339e-06 1.35345e-05 -0.00284049 -0.00439477 
48.5246 2.44379e-06 2.81661e-06 7.17421e-06 -6.647e-06 9.18037e-06 -0.00230794 -0.00356565 
49.5284 1.73382e-06 2.05592e-06 5.41198e-06 -4.78339e-06 6.77988e-06 -0.00194399 -0.00303071 
50 1.46011e-06 1.7642e-06 4.76366e-06 -4.06628e-06 5.87162e-06 -0.00178396 -0.00280738 
50 1.52872e-06 1.67507e-06 4.32795e-06 -4.15689e-06 5.58323e-06 -0.00178396 -0.00280738 
50.5371 1.30253e-06 1.42302e-06 3.67829e-06 -3.53662e-06 4.74982e-06 -0.0016467 -0.00258363 
51.8036 8.91238e-07 9.6735e-07 2.50283e-06 -2.412e-06 3.23897e-06 -0.00136213 -0.00212299 
53.8036 4.87196e-07 5.23967e-07 1.35749e-06 -1.31248e-06 1.76214e-06 -0.0010071 -0.00155498 
56.5497 2.10857e-07 2.2435e-07 5.8216e-07 -5.64996e-07 7.58409e-07 -0.000662543 -0.00101176 
60.0601 7.14581e-08 7.51849e-08 1.95418e-07 -1.90405e-07 2.55533e-07 -0.000385697 -0.000582224 
64.359 1.87278e-08 1.9494e-08 5.07488e-08 -4.96343e-08 6.65988e-08 -0.000197453 -0.000294754 
69.4776 3.74406e-09 3.85976e-09 1.00626e-08 -9.87506e-09 1.32481e-08 -8.8286e-05 -0.000130467 
75.4557 5.62356e-10 5.74987e-10 1.50087e-09 -1.47714e-09 1.98143e-09 -3.42158e-05 -5.01286e-05 
82.3433 6.23632e-11 6.3341e-11 1.65502e-10 -1.63266e-10 2.1898e-10 -1.13942e-05 -1.65766e-05 
90.204 5.00141e-12 5.05382e-12 1.32152e-11 -1.306e-11 1.75154e-11 -3.22676e-06 -4.66896e-06 
99.1187 2.82724e-13 2.84612e-13 7.44651e-13 -7.36879e-13 9.88205e-13 -7.67188e-07 -1.10565e-06 
109.192 1.09007e-14 1.09447e-14 2.86468e-14 -2.83738e-14 3.80498e-14 -1.50643e-07 -2.16497e-07 
120.562 2.74435e-16 2.75064e-16 7.20144e-16 -7.13715e-16 9.57079e-16 -2.39023e-08 -3.42879e-08 
133.417 4.24948e-18 4.25464e-18 1.11409e-17 -1.10456e-17 1.48117e-17 -2.97433e-09 -4.26178e-09 
148.025 3.71509e-20 3.71731e-20 9.7347e-20 -9.65355e-20 1.29449e-19 -2.78103e-10 -3.98215e-10 
164.788 1.61056e-22 1.61069e-22 4.21924e-22 -4.18392e-22 5.61054e-22 -1.83109e-11 -2.62139e-11 
184.369 2.79273e-25 2.80672e-25 7.28669e-25 -7.27281e-25 9.73704e-25 -7.62492e-13 -1.08575e-12 
208.037 1.20502e-28 9.40299e-29 4.23153e-28 -2.76515e-28 4.26809e-28 -1.58386e-14 -2.95729e-14 
239.039 6.69151e-31 3.7262e-30 6.5145e-30 -4.10189e-30 5.75941e-30 -1.18027e-15 6.14618e-15 
