0 0.0446627 0.0049613 2.1453e-13 -0.0300756 0.0137805 -0.386151 0.541746 
0.4716 0.0330646 0.00274851 0.000838354 -0.0192608 0.00136948 -0.332251 0.553518 
1.47542 0.0167182 0.000441558 0.0063249 -0.00548949 -0.0122986 -0.236254 0.56824 
2.77778 0.00617525 6.45613e-05 0.0161558 0.00127572 -0.0151499 -0.143586 0.571162 
4.08014 0.00190274 0.000708276 0.0254849 0.00234549 -0.0108403 -0.079703 0.561558 
5.08396 0.000642256 0.00124101 0.0314744 0.00180379 -0.00607727 -0.0463062 0.548756 
5.55556 0.000360504 0.00143029 0.0339068 0.00145081 -0.00381124 -0.0346929 0.541721 
5.55556 0.000381412 0.00123134 0.0301063 0.00142857 -0.00632103 -0.0346929 0.541721 
6.02716 0.000145871 0.00143212 0.0321136 0.000952776 -0.0043047 -0.0214549 0.534895 
7.03098 2.15404e-08 0.00171211 0.035374 -1.26593e-05 -0.0004397 0.000260718 0.519042 
8.33333 9.89455e-05 0.00177557 0.0378921 -0.000873741 0.0034067 0.0176702 0.49733 
9.63569 0.000208908 0.00156925 0.0390453 -0.00119355 0.00594528 0.0256756 0.476114 
10.6395 0.000228924 0.00129332 0.0393709 -0.00113427 0.00718583 0.0268775 0.46104 
11.1111 0.000217728 0.00114449 0.0394293 -0.00104059 0.00760703 0.026212 0.454515 
11.1111 0.000229995 0.00104622 0.0351311 -0.00105402 0.00487272 0.026212 0.454515 
11.5827 0.000279656 0.000963952 0.0350022 -0.00111562 0.0052259 0.0289037 0.44875 
12.5865 0.00036936 0.000774766 0.0342919 -0.00114944 0.00557347 0.0332174 0.43734 
13.8889 0.000467191 0.000541915 0.0326321 -0.00108116 0.00535068 0.0373584 0.424504 
15.1912 0.000585324 0.000361481 0.030252 -0.000988368 0.00453124 0.0418157 0.413915 
16.1951 0.000732905 0.000269389 0.027934 -0.000954753 0.00357025 0.0467913 0.407086 
16.6667 0.000833884 0.000240813 0.0266906 -0.000962876 0.00303531 0.0499107 0.404187 
16.6667 0.000879566 0.000238904 0.0238587 -0.00101437 0.00133583 0.0499107 0.404187 
17.1383 0.00113978 0.000246336 0.0224668 -0.00117253 0.000867507 0.0568158 0.401434 
18.1421 0.00196493 0.000305631 0.0189102 -0.00171484 -0.000213282 0.0745991 0.395245 
19.4444 0.00399741 0.000547263 0.0132155 -0.00327295 -0.00118406 0.106402 0.385448 
20.7468 0.00818774 0.00123061 0.00684411 -0.00702416 5.11563e-05 0.15228 0.371432 
21.7506 0.014227 0.00244733 0.00241109 -0.0130574 0.00484051 0.200732 0.355672 
22.2222 0.0184191 0.00339345 0.000901038 -0.0174947 0.00918481 0.228399 0.346157 
22.2222 0.019401 0.0166549 0.00674442 -0.102909 0.0271215 0.228399 0.346157 
22.6938 0.0208912 0.0187371 0.00684828 -0.113267 0.032285 0.237008 0.323197 
23.6976 0.0222706 0.0215772 0.00800763 -0.125497 0.0400305 0.244708 0.270788 
25 0.0189803 0.020223 0.0115796 -0.112162 0.0398102 0.225909 0.201049 
26.3024 0.0104467 0.0129336 0.0179958 -0.0665458 0.0280001 0.167599 0.139099 
27.3062 0.00327592 0.00557959 0.0253007 -0.0244759 0.0164372 0.0938531 0.104058 
27.7778 0.000956193 0.00264241 0.0295431 -0.00910003 0.0126137 0.0507054 0.0931382 
27.7778 0.00100583 0.00120689 0.00318267 -0.00257942 0.00358008 0.0507054 0.0931382 
28.2494 0.000903853 0.00108259 0.00283677 -0.00231583 0.00321336 0.0480664 0.0874511 
29.2532 0.000715573 0.000856826 0.00221726 -0.00183316 0.00254616 0.0427681 0.0763331 
30.5556 0.000520408 0.000628529 0.00160918 -0.00133894 0.00187211 0.0364724 0.063734 
31.8579 0.000368996 0.000456058 0.00117239 -0.000960389 0.00136702 0.0307117 0.0529693 
32.8617 0.000275607 0.00035193 0.000925773 -0.00072912 0.00106691 0.0265422 0.0457949 
33.3333 0.000237518 0.000309944 0.000832009 -0.000635207 0.000947851 0.02464 0.0427374 
33.3333 0.000249533 0.00029259 0.000750274 -0.000649917 0.00089303 0.02464 0.0427374 
33.8049 0.000222228 0.000260352 0.000663999 -0.000578554 0.000794696 0.0232528 0.0400109 
34.8088 0.000172758 0.000202663 0.000511415 -0.00045006 0.000618629 0.020502 0.0347133 
36.1111 0.000122922 0.000145638 0.000364414 -0.000321823 0.000444979 0.0172938 0.0287653 
37.4135 8.5447e-05 0.00010364 0.000260863 -0.000226347 0.0003182 0.0144187 0.0237339 
38.4173 6.29444e-05 7.88471e-05 0.000203311 -0.000169448 0.000244525 0.0123753 0.0204089 
38.8889 5.39187e-05 6.89932e-05 0.000181629 -0.000146702 0.000215698 0.0114537 0.0189992 
38.8889 5.65784e-05 6.52528e-05 0.000164216 -0.000150044 0.000204021 0.0114537 0.0189992 
39.3605 5.00137e-05 5.76641e-05 0.000144491 -0.000132615 0.000180276 0.0107688 0.0177444 
40.3643 3.8291e-05 4.42446e-05 0.00010996 -0.000101642 0.000138288 0.00942257 0.0153191 
41.6667 2.67418e-05 3.12226e-05 7.71952e-05 -7.13548e-05 9.76563e-05 0.00787439 0.012618 
42.969 1.82709e-05 2.18312e-05 5.4483e-05 -4.93187e-05 6.86064e-05 0.0065088 0.0103536 
43.9728 1.32948e-05 1.63911e-05 4.20231e-05 -3.64535e-05 5.20296e-05 0.00555217 0.00886864 
44.4445 1.13267e-05 1.42553e-05 3.73645e-05 -3.13786e-05 4.56178e-05 0.00512475 0.00824213 
44.4445 1.18718e-05 1.35058e-05 3.38666e-05 -3.20811e-05 4.32728e-05 0.00512475 0.00824213 
44.9161 1.04264e-05 1.1858e-05 2.96675e-05 -2.81712e-05 3.80054e-05 0.00480266 0.00768542 
45.9199 7.8765e-06 8.97396e-06 2.23759e-05 -2.13005e-05 2.8786e-05 0.00417427 0.00661478 
47.2222 5.41226e-06 6.22078e-06 1.55387e-05 -1.47008e-05 2.00051e-05 0.00346022 0.00543172 
48.5246 3.64504e-06 4.27327e-06 1.08551e-05 -9.99912e-06 1.38386e-05 0.00283965 0.00444868 
49.5284 2.62832e-06 3.16564e-06 8.30762e-06 -7.30803e-06 1.03756e-05 0.00241131 0.00380905 
50 2.23166e-06 2.7362e-06 7.35911e-06 -6.26064e-06 9.04982e-06 0.00222192 0.00354053 
50 2.33653e-06 2.59714e-06 6.68601e-06 -6.39914e-06 8.60132e-06 0.00222192 0.00354053 
50.5604 1.99407e-06 2.20871e-06 5.68899e-06 -5.45165e-06 7.32719e-06 0.00205264 0.00325924 
51.882 1.36919e-06 1.50488e-06 3.88054e-06 -3.72881e-06 5.01079e-06 0.00170088 0.00267968 
53.969 7.51924e-07 8.17541e-07 2.11151e-06 -2.03671e-06 2.73631e-06 0.00126046 0.0019641 
56.8346 3.27005e-07 3.51098e-07 9.08496e-07 -8.80196e-07 1.18223e-06 0.000831227 0.00127872 
60.4976 1.11284e-07 1.17938e-07 3.05767e-07 -2.97598e-07 3.99617e-07 0.000484906 0.000736036 
64.9835 2.92475e-08 3.06141e-08 7.95183e-08 -7.77308e-08 1.04354e-07 0.000248592 0.000372518 
70.3247 5.85275e-09 6.05864e-09 1.57633e-08 -1.54688e-08 2.07628e-08 0.000111204 0.000164727 
76.5627 8.78023e-10 9.00416e-10 2.34602e-09 -2.30974e-09 3.09973e-09 4.3072e-05 6.31777e-05 
83.7498 9.70288e-11 9.87532e-11 2.57596e-10 -2.54281e-10 3.4121e-10 1.43183e-05 2.08354e-05 
91.9524 7.73616e-12 7.82797e-12 2.04373e-11 -2.02151e-11 2.71234e-11 4.04301e-06 5.84713e-06 
101.255 4.3376e-13 4.37039e-13 1.14177e-12 -1.13103e-12 1.51745e-12 9.57343e-07 1.37829e-06 
111.766 1.65502e-14 1.66258e-14 4.34547e-14 -4.30905e-14 5.781e-14 1.87001e-07 2.68378e-07 
123.631 4.11394e-16 4.12463e-16 1.07837e-15 -1.07006e-15 1.43555e-15 2.9483e-08 4.22249e-08 
137.045 6.27493e-18 6.28357e-18 1.64313e-17 -1.63116e-17 2.18825e-17 3.64122e-09 5.20811e-09 
152.288 5.39017e-20 5.39382e-20 1.4106e-19 -1.40068e-19 1.87903e-19 3.37477e-10 4.82335e-10 
169.779 2.28936e-22 2.2896e-22 5.9897e-22 -5.94736e-22 7.97867e-22 2.19937e-11 3.14268e-11 
190.212 3.87496e-25 3.89578e-25 1.00944e-24 -1.0093e-24 1.35171e-24 9.04849e-13 1.28543e-12 
214.909 1.61117e-28 1.23196e-28 5.82168e-28 -3.6598e-28 5.73905e-28 1.84507e-14 3.52725e-14 
247.26 1.08994e-30 5.88825e-30 1.06746e-29 -6.58086e-30 9.22708e-30 1.51755e-15 -7.90828e-15 
