0 0.043758 0.0048608 1.34468e-13 -0.0294663 0.0137731 -0.384513 0.538248 
0.4716 0.0328177 0.00277048 0.000763698 -0.0192653 0.0020355 -0.332995 0.549574 
1.47542 0.0171394 0.000512299 0.0058233 -0.00598691 -0.0112894 -0.240647 0.564179 
2.77778 0.00670293 2.97693e-05 0.0150726 0.000902527 -0.0146576 -0.150493 0.568113 
4.08014 0.00225752 0.000565225 0.024069 0.00228229 -0.0110266 -0.087337 0.56025 
5.08396 0.000851044 0.00105811 0.0299774 0.00191728 -0.0066579 -0.053624 0.548987 
5.55556 0.000513472 0.0012437 0.0324093 0.00161458 -0.00452507 -0.0416525 0.542681 
5.55556 0.000543251 0.00106139 0.0287767 0.00158291 -0.00690394 -0.0416525 0.542681 
6.02716 0.00024842 0.00125746 0.0308181 0.00116508 -0.00499634 -0.0281666 0.53653 
7.03098 1.00325e-05 0.00154991 0.0342199 0.000259941 -0.00125549 -0.00566037 0.522065 
8.33333 5.41771e-05 0.00166106 0.0369908 -0.00062534 0.00259548 0.0131537 0.501943 
9.63569 0.000163374 0.00151796 0.0383892 -0.0010381 0.00524119 0.0228419 0.481962 
10.6395 0.000203212 0.00129024 0.0388556 -0.0010674 0.0065829 0.0254751 0.467537 
11.1111 0.000203881 0.0011619 0.0389585 -0.00101459 0.0070474 0.025517 0.461216 
11.1111 0.000215369 0.00106107 0.0347116 -0.00102717 0.00434094 0.025517 0.461216 
11.5827 0.000273878 0.000994487 0.034619 -0.00112139 0.00473119 0.0287751 0.455584 
12.5865 0.000389689 0.000834288 0.0339604 -0.00122517 0.00515848 0.034324 0.444276 
13.8889 0.000531216 0.000627901 0.0323089 -0.00124096 0.00502801 0.0400751 0.431191 
15.1912 0.000702456 0.000462177 0.0298746 -0.00122431 0.00428734 0.0460838 0.419928 
16.1951 0.00090018 0.00037679 0.0274848 -0.00125139 0.00338962 0.0521679 0.412306 
16.6667 0.00102874 0.000351274 0.0262035 -0.00129168 0.00289008 0.0557689 0.408959 
16.6667 0.0010851 0.000345656 0.0234233 -0.00135522 0.00123241 0.0557689 0.408959 
17.1383 0.00138437 0.000361176 0.0219936 -0.00156472 0.000816116 0.0629916 0.405749 
18.1421 0.00230645 0.000445484 0.018394 -0.00224306 -0.000104271 0.0813073 0.398506 
19.4444 0.00448044 0.000741628 0.0127487 -0.00403372 -0.000758529 0.113323 0.38727 
20.7468 0.00876707 0.00150272 0.00656554 -0.00803191 0.000855158 0.15852 0.371938 
21.7506 0.0147352 0.0027712 0.00232861 -0.0141405 0.00580765 0.205511 0.355454 
22.2222 0.0187962 0.00372367 0.000889403 -0.0185128 0.0100976 0.232109 0.345755 
22.2222 0.0197982 0.017537 0.00665732 -0.106674 0.0286688 0.232109 0.345755 
22.6938 0.0212025 0.0195394 0.00692569 -0.116525 0.0336804 0.2402 0.323054 
23.6976 0.0223159 0.0220993 0.00838961 -0.127136 0.0408761 0.246426 0.271605 
25 0.0187523 0.0203954 0.0123361 -0.11196 0.0400265 0.225895 0.203724 
26.3024 0.0102454 0.0130086 0.0191465 -0.0660923 0.0281975 0.166972 0.143713 
27.3062 0.00323063 0.00570733 0.0267833 -0.0245827 0.0169309 0.0937612 0.109676 
27.7778 0.000961359 0.00277714 0.0311944 -0.00935432 0.0132172 0.0511473 0.0989519 
27.7778 0.00101126 0.00129102 0.00336053 -0.002675 0.00370934 0.0511473 0.0989519 
28.2494 0.000919743 0.00116929 0.00302496 -0.00242784 0.0033665 0.048778 0.0932568 
29.2532 0.00074605 0.000943977 0.00241306 -0.00196467 0.00272859 0.0439313 0.0820415 
30.5556 0.000558661 0.000709556 0.00179626 -0.00147399 0.00206253 0.0380158 0.0691912 
31.8579 0.000407166 0.000527017 0.00134053 -0.00108449 0.00154592 0.0324546 0.0580805 
32.8617 0.000310561 0.000414003 0.00107703 -0.000839461 0.00123009 0.0283442 0.0505987 
33.3333 0.000270372 0.000367734 0.000975334 -0.0007382 0.0011026 0.0264467 0.0473888 
33.3333 0.000284049 0.000346822 0.000879519 -0.000754944 0.0010372 0.0264467 0.0473888 
33.8049 0.000255318 0.000311097 0.000784839 -0.000677881 0.000931151 0.0250735 0.0445159 
34.8088 0.000202281 0.000246232 0.00061504 -0.000536802 0.000738197 0.0223178 0.0388995 
36.1111 0.000147336 0.000180674 0.000447961 -0.000392435 0.000543219 0.0190471 0.0325345 
37.4135 0.000104765 0.000131209 0.000327519 -0.000282004 0.000397083 0.0160614 0.0270948 
38.4173 7.85584e-05 0.000101404 0.000259223 -0.000214678 0.000310244 0.0139082 0.0234673 
38.8889 6.78867e-05 8.94075e-05 0.00023316 -0.000187389 0.000275792 0.0129291 0.0219203 
38.8889 7.12354e-05 8.45065e-05 0.000210807 -0.000191596 0.000260609 0.0129291 0.0219203 
39.3605 6.34641e-05 7.52148e-05 0.000186868 -0.000170612 0.000232044 0.0122035 0.0205385 
40.3643 4.93824e-05 5.85801e-05 0.00014446 -0.000132817 0.000180864 0.0107648 0.0178533 
41.6667 3.51965e-05 4.21276e-05 0.000103476 -9.50883e-05 0.000130333 0.00908802 0.0148375 
42.969 2.45352e-05 3.00096e-05 7.44795e-05 -6.70068e-05 9.33937e-05 0.00758777 0.0122854 
43.9728 1.81419e-05 2.28617e-05 5.82807e-05 -5.0291e-05 7.19065e-05 0.00652471 0.0105978 
44.4445 1.55809e-05 2.00239e-05 5.21521e-05 -4.36179e-05 6.34942e-05 0.00604666 0.00988185 
44.4445 1.63308e-05 1.89624e-05 4.72699e-05 -4.45842e-05 6.01901e-05 0.00604666 0.00988185 
44.9161 1.44444e-05 1.67605e-05 4.16996e-05 -3.94206e-05 5.32356e-05 0.00568672 0.00924364 
45.9199 1.10748e-05 1.28632e-05 3.19208e-05 -3.02394e-05 4.09219e-05 0.00497942 0.00800996 
47.2222 7.75512e-06 9.07798e-06 2.25944e-05 -2.12578e-05 2.89815e-05 0.00416683 0.00663589 
48.5246 5.32328e-06 6.34821e-06 1.60815e-05 -1.47281e-05 2.04262e-05 0.00345224 0.0054839 
49.5284 3.89841e-06 4.76951e-06 1.24772e-05 -1.09247e-05 1.55365e-05 0.0029543 0.00472833 
50 3.33617e-06 4.15103e-06 1.11198e-05 -9.42828e-06 1.36435e-05 0.00273297 0.00440943 
50 3.49293e-06 3.93881e-06 1.01027e-05 -9.63532e-06 1.29613e-05 0.00273297 0.00440943 
50.5848 2.98592e-06 3.35331e-06 8.60617e-06 -8.21986e-06 1.10562e-05 0.00252685 0.00406019 
51.9639 2.05746e-06 2.28992e-06 5.88484e-06 -5.6385e-06 7.58252e-06 0.00209752 0.00334004 
54.1416 1.13513e-06 1.24764e-06 3.21229e-06 -3.09141e-06 4.15608e-06 0.00155799 0.00244971 
57.1318 4.96018e-07 5.37353e-07 1.38652e-06 -1.34112e-06 1.80244e-06 0.00102989 0.00159573 
60.9542 1.69485e-07 1.80899e-07 4.67818e-07 -4.54854e-07 6.11131e-07 0.000602013 0.000918685 
65.6351 4.46608e-08 4.70023e-08 1.21811e-07 -1.19018e-07 1.59866e-07 0.000309032 0.00046479 
71.2085 8.94358e-09 9.29548e-09 2.41361e-08 -2.36853e-08 3.18073e-08 0.000138292 0.000205308 
77.7178 1.33976e-09 1.37788e-09 3.58351e-09 -3.52945e-09 4.73888e-09 5.35246e-05 7.85924e-05 
85.2176 1.475e-10 1.5042e-10 3.91711e-10 -3.86934e-10 5.19451e-10 1.77597e-05 2.58466e-05 
93.7768 1.1689e-11 1.18434e-11 3.08725e-11 -3.05643e-11 4.10278e-11 4.99953e-06 7.22646e-06 
103.484 6.49925e-13 6.55391e-13 1.70968e-12 -1.69539e-12 2.27563e-12 1.17889e-06 1.69546e-06 
114.452 2.45353e-14 2.466e-14 6.43622e-14 -6.3897e-14 8.57612e-14 2.29053e-07 3.28268e-07 
126.833 6.02053e-16 6.03794e-16 1.57642e-15 -1.56621e-15 2.10206e-15 3.58804e-08 5.13031e-08 
140.83 9.0439e-18 9.0578e-18 2.36536e-17 -2.35113e-17 3.15548e-17 4.39762e-09 6.27882e-09 
156.736 7.63168e-20 7.63746e-20 1.99468e-19 -1.98323e-19 2.66168e-19 4.03971e-10 5.76295e-10 
174.988 3.17495e-22 3.17533e-22 8.29594e-22 -8.24804e-22 1.10699e-21 2.60561e-11 3.71608e-11 
196.31 5.24486e-25 5.27563e-25 1.36377e-24 -1.36645e-24 1.83042e-24 1.05903e-12 1.50062e-12 
222.081 2.10171e-28 1.55201e-28 7.83557e-28 -4.6916e-28 7.51264e-28 2.11995e-14 4.15741e-14 
255.839 1.68673e-30 9.34561e-30 1.71491e-29 -1.03137e-29 1.47194e-29 1.89917e-15 -1.00547e-14 
