0 0.0429491 0.00477096 8.44022e-14 -0.0289217 0.0137646 0.382725 -0.53474 
0.4716 0.0326093 0.00279279 0.000696745 -0.0192812 0.00264322 0.333488 -0.545629 
1.47542 0.0175533 0.000583854 0.0053667 -0.00646808 -0.0103492 0.244675 -0.560069 
2.77778 0.00722864 9.13641e-06 0.0140656 0.00051923 -0.0141775 0.157014 -0.564875 
4.08014 0.00262626 0.000444748 0.0227212 0.00218358 -0.0111819 0.0946407 -0.558579 
5.08396 0.00107955 0.000898288 0.0285236 0.00198963 -0.00719774 0.0606779 -0.548721 
5.55556 0.000686395 0.00107887 0.0309408 0.00173866 -0.00519963 0.0483834 -0.543085 
5.55556 0.000726202 0.000911856 0.0274727 0.00169632 -0.00744949 0.0483834 -0.543085 
6.02716 0.000373092 0.00110223 0.0295316 0.00133678 -0.00565375 0.0346797 -0.537555 
7.03098 4.06161e-05 0.00140369 0.0330376 0.000497738 -0.00205177 0.0114424 -0.524378 
8.33333 2.35617e-05 0.00155715 0.0360164 -0.000399287 0.00177765 -0.00871507 -0.505742 
9.63569 0.000124638 0.00147294 0.0376259 -0.00089317 0.00450665 -0.0200444 -0.486923 
10.6395 0.000179982 0.00129152 0.0382168 -0.00100504 0.00593708 -0.0240869 -0.473114 
11.1111 0.000191225 0.00118331 0.0383596 -0.000991603 0.00644144 -0.0248279 -0.466988 
11.1111 0.000201999 0.00107956 0.0341779 -0.0010034 0.00377114 -0.0248279 -0.466988 
11.5827 0.000268784 0.00102869 0.0341187 -0.00112985 0.00419671 -0.0286396 -0.461486 
12.5865 0.000410609 0.000898489 0.0335109 -0.00130511 0.00470425 -0.035398 -0.450285 
13.8889 0.0005982 0.0007218 0.0318773 -0.00141192 0.00467577 -0.0427256 -0.436985 
15.1912 0.000827308 0.000575942 0.0294096 -0.0014832 0.00403268 -0.0502457 -0.42511 
16.1951 0.00107964 0.000502186 0.0269706 -0.00158215 0.00321706 -0.0573989 -0.416765 
16.6667 0.0012378 0.000482197 0.0256636 -0.00166002 0.00276237 -0.0614596 -0.41301 
16.6667 0.00130561 0.000471655 0.0229407 -0.00173648 0.00114971 -0.0614596 -0.41301 
17.1383 0.00164438 0.000497149 0.0214861 -0.00200077 0.000793358 -0.068974 -0.409385 
18.1421 0.00266197 0.000609783 0.0178702 -0.0028193 4.57952e-05 -0.0877577 -0.401187 
19.4444 0.00496846 0.000961583 0.0123009 -0.00483678 -0.000292183 -0.119893 -0.388661 
20.7468 0.00933389 0.00179549 0.00631358 -0.0090589 0.00167308 -0.164329 -0.372173 
21.7506 0.0152184 0.00310785 0.00226271 -0.0152183 0.0067557 -0.20983 -0.355082 
22.2222 0.019148 0.00406291 0.000886983 -0.0195178 0.0109797 -0.235367 -0.345244 
22.2222 0.0201687 0.0184135 0.0066392 -0.110326 0.0301837 -0.235367 -0.345244 
22.6938 0.0214761 0.0203246 0.00706069 -0.119608 0.0350173 -0.242876 -0.322859 
23.6976 0.0223234 0.0226009 0.00882182 -0.128592 0.0416602 -0.24762 -0.27247 
25 0.0185105 0.0205675 0.0131497 -0.111704 0.0402345 -0.225484 -0.206509 
26.3024 0.0100455 0.0130964 0.0203687 -0.0656647 0.0284244 -0.166108 -0.14844 
27.3062 0.0031858 0.00584569 0.0283503 -0.0247057 0.0174564 -0.0935438 -0.115404 
27.7778 0.000966124 0.00292088 0.0329358 -0.00961709 0.0138519 -0.0515137 -0.104879 
27.7778 0.00101628 0.00138187 0.00354811 -0.00277438 0.00384443 -0.0515137 -0.104879 
28.2494 0.000935022 0.00126286 0.00322337 -0.00254398 0.00352592 -0.0494114 -0.0991825 
29.2532 0.000776217 0.00103843 0.00262083 -0.00210187 0.00291954 -0.0450203 -0.0878882 
30.5556 0.000597616 0.000798439 0.00199771 -0.00161718 0.00226513 -0.0395028 -0.0748145 
31.8579 0.000447068 0.000606069 0.00152474 -0.00121864 0.00173996 -0.0341667 -0.0633847 
32.8617 0.000347841 0.000484086 0.00124501 -0.000960677 0.00140987 -0.0301375 -0.0556137 
33.3333 0.000305752 0.000433421 0.00113551 -0.000852248 0.00127438 -0.0282554 -0.052259 
33.3333 0.000321219 0.000408403 0.00102396 -0.000871183 0.00119691 -0.0282554 -0.052259 
33.8049 0.000291255 0.000369086 0.000920839 -0.000788614 0.00108346 -0.0269053 -0.0492462 
34.8088 0.000234911 0.000296703 0.000733437 -0.000635006 0.00087379 -0.0241631 -0.0433225 
36.1111 0.00017492 0.000221992 0.000545309 -0.000473972 0.000656918 -0.0208507 -0.0365505 
37.4135 0.000127071 0.000164315 0.000406698 -0.000347556 0.000490235 -0.0177715 -0.0307071 
38.4173 9.69e-05 0.000128881 0.000326593 -0.000268795 0.000389057 -0.015519 -0.0267772 
38.8889 8.44349e-05 0.000114449 0.000295649 -0.000236446 0.000348383 -0.0144864 -0.0250918 
38.8889 8.85999e-05 0.000108107 0.000267305 -0.000241678 0.000328887 -0.0144864 -0.0250918 
39.3605 7.9518e-05 9.68698e-05 0.000238621 -0.000216731 0.000294954 -0.0137239 -0.0235818 
40.3643 6.28277e-05 7.6514e-05 0.000187229 -0.000171214 0.000233393 -0.0121989 -0.0206321 
41.6667 4.56493e-05 5.60143e-05 0.000136692 -0.000124871 0.000171433 -0.0103983 -0.0172929 
42.969 3.24343e-05 4.06105e-05 0.000100234 -8.96221e-05 0.000125172 -0.00876492 -0.014442 
43.9728 2.43518e-05 3.13673e-05 7.9513e-05 -6.82492e-05 9.77652e-05 -0.0075947 -0.0125419 
44.4445 2.10746e-05 2.76586e-05 7.15849e-05 -5.96195e-05 8.69113e-05 -0.00706521 -0.0117317 
44.4445 2.20889e-05 2.61805e-05 6.48834e-05 -6.09266e-05 8.23335e-05 -0.00706521 -0.0117317 
44.9161 1.96691e-05 2.32872e-05 5.76197e-05 -5.42227e-05 7.33074e-05 -0.00666699 -0.0110072 
45.9199 1.52945e-05 1.81118e-05 4.47348e-05 -4.21676e-05 5.71478e-05 -0.00587903 -0.00959988 
47.2222 1.09047e-05 1.30015e-05 3.22452e-05 -3.01672e-05 4.12071e-05 -0.00496415 -0.00802057 
48.5246 7.62278e-06 9.2479e-06 2.33616e-05 -2.1272e-05 2.95648e-05 -0.00415044 -0.00668522 
49.5284 5.66595e-06 7.04227e-06 1.83636e-05 -1.60038e-05 2.27982e-05 -0.00357828 -0.00580265 
50 4.88538e-06 6.1696e-06 1.64605e-05 -1.39094e-05 2.01505e-05 -0.00332267 -0.00542826 
50 5.11494e-06 5.85233e-06 1.49549e-05 -1.42126e-05 1.9134e-05 -0.00332267 -0.00542826 
50.6102 4.37992e-06 4.98776e-06 1.27546e-05 -1.21416e-05 1.63439e-05 -0.00307468 -0.00499965 
52.0493 3.02889e-06 3.41381e-06 8.74317e-06 -8.35313e-06 1.12414e-05 -0.00255687 -0.0041151 
54.3217 1.67892e-06 1.86539e-06 4.78777e-06 -4.59715e-06 6.18461e-06 -0.00190363 -0.0030201 
57.4419 7.3716e-07 8.05707e-07 2.07309e-06 -2.00197e-06 2.69229e-06 -0.00126138 -0.00196828 
61.4305 2.52892e-07 2.71817e-07 7.01172e-07 -6.81073e-07 9.15599e-07 -0.000738812 -0.00113334 
66.315 6.68082e-08 7.06856e-08 1.82779e-07 -1.78512e-07 2.39908e-07 -0.000379736 -0.00057316 
72.1308 1.33868e-08 1.39681e-08 3.61963e-08 -3.55218e-08 4.77264e-08 -0.000169983 -0.000252895 
78.9232 2.0022e-09 2.06493e-09 5.36066e-09 -5.28195e-09 7.09528e-09 -6.57386e-05 -9.66216e-05 
86.7491 2.19583e-10 2.24361e-10 5.83299e-10 -5.76582e-10 7.74404e-10 -2.17704e-05 -3.16863e-05 
95.6806 1.72946e-11 1.75455e-11 4.5666e-11 -4.52508e-11 6.07692e-11 -6.10973e-06 -8.82604e-06 
105.81 9.53538e-13 9.62344e-13 2.50676e-12 -2.48841e-12 3.34152e-12 -1.43462e-06 -2.06105e-06 
117.255 3.56151e-14 3.5814e-14 9.33433e-14 -9.27752e-14 1.24575e-13 -2.77258e-07 -3.96796e-07 
130.174 8.62722e-16 8.65466e-16 2.25654e-15 -2.24465e-15 3.01391e-15 -4.31521e-08 -6.16002e-08 
144.78 1.27637e-17 1.27853e-17 3.33431e-17 -3.31843e-17 4.45559e-17 -5.24874e-09 -7.48081e-09 
161.378 1.05812e-19 1.059e-19 2.76215e-19 -2.74982e-19 3.69208e-19 -4.77897e-10 -6.80497e-10 
180.424 4.31208e-22 4.3127e-22 1.12528e-21 -1.12023e-21 1.50412e-21 -3.05077e-11 -4.34282e-11 
202.673 6.95169e-25 6.99566e-25 1.80455e-24 -1.81154e-24 2.42732e-24 -1.22493e-12 -1.73141e-12 
229.564 2.67854e-28 1.92422e-28 1.03497e-27 -5.89746e-28 9.64584e-28 -2.40445e-14 -4.85329e-14 
264.79 2.60112e-30 1.42019e-29 2.68387e-29 -1.57885e-29 2.26134e-29 -2.36945e-15 1.26147e-14 
