0 0.0422228 0.00469029 5.30111e-14 -0.0284326 0.0137493 0.380797 -0.53126 
0.4716 0.032433 0.00281517 0.000636432 -0.0193059 0.003194 0.333744 -0.54172 
1.47542 0.017959 0.000655638 0.00494935 -0.00693293 -0.00947615 0.248348 -0.555954 
2.77778 0.00775055 5.28075e-07 0.0131262 0.000129258 -0.013714 0.16315 -0.561504 
4.08014 0.00300599 0.000344114 0.0214351 0.00205489 -0.011314 0.101605 -0.55661 
5.08396 0.00132484 0.000759077 0.02711 0.00202614 -0.0077044 0.0674531 -0.54803 
5.55556 0.000876621 0.000933629 0.0294997 0.00182783 -0.00584183 0.0548688 -0.543007 
5.55556 0.00092746 0.000780664 0.0261932 0.00177377 -0.00796459 0.0548688 -0.543007 
6.02716 0.000517249 0.00096461 0.0282549 0.00147246 -0.00628302 0.0409759 -0.538049 
7.03098 8.97178e-05 0.00127213 0.0318313 0.000704241 -0.0028325 0.0170654 -0.52606 
8.33333 5.88673e-06 0.00146315 0.0349765 -0.000193463 0.0009519 -0.00437135 -0.508808 
9.63569 9.21248e-05 0.00143388 0.0367654 -0.000757637 0.00374233 -0.0172928 -0.491079 
10.6395 0.000158954 0.00129707 0.0374651 -0.000946529 0.00525005 -0.0227151 -0.477854 
11.1111 0.000179555 0.00120869 0.0376436 -0.000971122 0.00579121 -0.0241422 -0.471914 
11.1111 0.000189672 0.00110165 0.03354 -0.000982203 0.00316461 -0.0241422 -0.471914 
11.5827 0.000264179 0.00106657 0.0335116 -0.00114057 0.00362398 -0.0284921 -0.466539 
12.5865 0.000431844 0.000967437 0.0329542 -0.00138884 0.00421252 -0.0364283 -0.45545 
13.8889 0.000667518 0.000823677 0.0313479 -0.00159326 0.00429543 -0.0452905 -0.441968 
15.1912 0.000958614 0.000702721 0.0288668 -0.00176356 0.00376766 -0.0542747 -0.429547 
16.1951 0.00126931 0.000645313 0.0264002 -0.00194468 0.00305158 -0.062454 -0.42055 
16.6667 0.00145871 0.000633177 0.0250789 -0.00206503 0.00265035 -0.0669516 -0.416427 
16.6667 0.00153863 0.000616469 0.022418 -0.00215513 0.00108518 -0.0669516 -0.416427 
17.1383 0.00191704 0.000653674 0.0209507 -0.00247713 0.000795771 -0.0747326 -0.412426 
18.1421 0.00302807 0.000797573 0.0173427 -0.00343891 0.000231387 -0.0939242 -0.403373 
19.4444 0.00545791 0.00120576 0.0118726 -0.0056767 0.000207515 -0.126098 -0.389701 
20.7468 0.00988594 0.00210772 0.00608663 -0.0101011 0.00249853 -0.169708 -0.372209 
21.7506 0.0156765 0.00345691 0.0022121 -0.01629 0.0076821 -0.213707 -0.354619 
22.2222 0.019475 0.00441134 0.000893301 -0.0205105 0.011831 -0.238195 -0.344685 
22.2222 0.0205132 0.0192852 0.00668648 -0.113867 0.0316656 -0.238195 -0.344685 
22.6938 0.0217153 0.0210955 0.00725288 -0.122532 0.0363011 -0.245075 -0.322665 
23.6976 0.0222983 0.0230869 0.00930744 -0.129894 0.042394 -0.248343 -0.273414 
25 0.0182582 0.0207427 0.0140254 -0.111412 0.0404425 -0.224722 -0.209415 
26.3024 0.00984775 0.0131981 0.0216676 -0.0652671 0.0286842 -0.165038 -0.153278 
27.3062 0.00314163 0.0059953 0.0300066 -0.0248458 0.0180156 -0.0932168 -0.121231 
27.7778 0.000970612 0.00307427 0.0347722 -0.00988927 0.0145197 -0.0518131 -0.110909 
27.7778 0.001021 0.00147993 0.00374592 -0.00287779 0.00398589 -0.0518131 -0.110909 
28.2494 0.000949775 0.00136374 0.00343249 -0.00266442 0.00369208 -0.0499733 -0.105218 
29.2532 0.000806054 0.00114065 0.002841 -0.00224484 0.00311934 -0.0460372 -0.0938621 
30.5556 0.000637164 0.000895675 0.00221404 -0.00176859 0.00248019 -0.0409311 -0.0805924 
31.8579 0.000488588 0.000693784 0.00172572 -0.00136304 0.00194964 -0.0358425 -0.0688712 
32.8617 0.000387375 0.000562818 0.00143061 -0.00109314 0.00160698 -0.0319149 -0.0608303 
33.3333 0.000343617 0.000507673 0.00131353 -0.000977812 0.00146402 -0.0300583 -0.0573389 
33.3333 0.000360999 0.000477943 0.00118449 -0.000999093 0.00137289 -0.0300583 -0.0573389 
33.8049 0.000330024 0.000434957 0.00107298 -0.000911297 0.00125246 -0.0287398 -0.0541934 
34.8088 0.000270702 0.000354767 0.000867774 -0.000745387 0.0010265 -0.026029 -0.0479757 
36.1111 0.000205812 0.000270325 0.000657822 -0.000567339 0.000787445 -0.0226959 -0.0408093 
37.4135 0.000152573 0.000203704 0.000499892 -0.000424037 0.000599226 -0.0195412 -0.0345697 
38.4173 0.000118218 0.000162018 0.000406964 -0.00033288 0.000482625 -0.017201 -0.0303396 
38.8889 0.000103825 0.000144848 0.000370648 -0.000294966 0.000435156 -0.0161199 -0.0285161 
38.8889 0.000108947 0.000136737 0.000335114 -0.000301401 0.000410411 -0.0161199 -0.0285161 
39.3605 9.84621e-05 0.000123302 0.000301152 -0.00027209 0.000370581 -0.0153247 -0.0268774 
40.3643 7.89294e-05 9.86917e-05 0.000239646 -0.000217948 0.00029745 -0.0137207 -0.0236607 
41.6667 5.84044e-05 7.34778e-05 0.000178153 -0.000161769 0.000222482 -0.0118026 -0.0199918 
42.969 4.22568e-05 5.41684e-05 0.000132964 -0.000118145 0.000165365 -0.0100393 -0.0168332 
43.9728 3.21921e-05 4.23913e-05 0.000106857 -9.12235e-05 0.000130932 -0.00876256 -0.0147122 
44.4445 2.80637e-05 3.7618e-05 9.67596e-05 -8.0235e-05 0.000117144 -0.00818142 -0.0138033 
44.4445 2.94144e-05 3.55916e-05 8.77014e-05 -8.19755e-05 0.000110899 -0.00818142 -0.0138033 
44.9161 2.636e-05 3.1849e-05 7.83788e-05 -7.34093e-05 9.93693e-05 -0.007745 -0.0129883 
45.9199 2.07743e-05 2.50862e-05 6.16767e-05 -5.78378e-05 7.85078e-05 -0.00687562 -0.0113977 
47.2222 1.50689e-05 1.83028e-05 4.52342e-05 -4.20756e-05 5.75885e-05 -0.00585584 -0.0095999 
48.5246 1.07192e-05 1.3232e-05 3.33319e-05 -3.01735e-05 4.20271e-05 -0.0049389 -0.00806743 
49.5284 8.082e-06 1.02069e-05 2.65285e-05 -2.3011e-05 3.28362e-05 -0.00428853 -0.00704715 
50 7.01903e-06 8.99861e-06 2.39107e-05 -2.01352e-05 2.92031e-05 -0.00399657 -0.00661223 
50 7.34885e-06 8.53311e-06 2.17237e-05 -2.05708e-05 2.77167e-05 -0.00399657 -0.00661223 
50.6367 6.30392e-06 7.28057e-06 1.85499e-05 -1.75985e-05 2.37085e-05 -0.00370154 -0.00609178 
52.1384 4.37568e-06 4.9947e-06 1.27483e-05 -1.21441e-05 1.63554e-05 -0.0030839 -0.00501675 
54.5097 2.43715e-06 2.73732e-06 7.00374e-06 -6.70952e-06 9.03263e-06 -0.00230154 -0.00368421 
57.7656 1.07532e-06 1.18573e-06 3.04236e-06 -2.93326e-06 3.94717e-06 -0.00152878 -0.00240235 
61.9276 3.70403e-07 4.00884e-07 1.03154e-06 -1.001e-06 1.34646e-06 -0.000897252 -0.0013835 
67.0245 9.81022e-08 1.0434e-07 2.6921e-07 -2.62816e-07 3.53391e-07 -0.00046176 -0.000699399 
73.0933 1.96694e-08 2.06022e-08 5.32835e-08 -5.22926e-08 7.02938e-08 -0.000206763 -0.000308256 
80.181 2.93729e-09 3.03756e-09 7.87179e-09 -7.75932e-09 1.0428e-08 -7.99007e-05 -0.000117549 
88.3472 3.20909e-10 3.28506e-10 8.52685e-10 -8.43433e-10 1.13332e-09 -2.641e-05 -3.84422e-05 
97.6671 2.51223e-11 2.55184e-11 6.63181e-11 -6.57726e-11 8.83672e-11 -7.38937e-06 -1.06685e-05 
108.237 1.37368e-12 1.38747e-12 3.60904e-12 -3.58627e-12 4.81782e-12 -1.72791e-06 -2.47982e-06 
120.18 5.07728e-14 5.10811e-14 1.32954e-13 -1.32292e-13 1.77711e-13 -3.32195e-07 -4.74769e-07 
133.661 1.2144e-15 1.2186e-15 3.17308e-15 -3.16009e-15 4.24486e-15 -5.13757e-08 -7.32235e-08 
148.902 1.77001e-17 1.77327e-17 4.61855e-17 -4.60217e-17 6.18182e-17 -6.20247e-09 -8.82494e-09 
166.221 1.44201e-19 1.44333e-19 3.75972e-19 -3.74761e-19 5.03386e-19 -5.59837e-10 -7.95741e-10 
186.096 5.75866e-22 5.75946e-22 1.50094e-21 -1.49603e-21 2.00956e-21 -3.53784e-11 -5.02701e-11 
209.312 9.06558e-25 9.13085e-25 2.34893e-24 -2.36342e-24 3.16721e-24 -1.4037e-12 -1.97899e-12 
237.373 3.36871e-28 2.28713e-28 1.35255e-27 -7.2105e-28 1.21587e-27 -2.70588e-14 -5.63427e-14 
274.131 3.90423e-30 2.23312e-29 4.16546e-29 -2.42556e-29 3.54791e-29 -2.91303e-15 1.57391e-14 
