0 0.041567 0.00461744 3.32959e-14 -0.027991 0.0137215 0.378745 -0.52785 
0.4716 0.0322831 0.00283733 0.000581868 -0.0193369 0.00368836 0.33378 -0.537892 
1.47542 0.0183551 0.00072713 0.00456639 -0.00738121 -0.00866894 0.251681 -0.551882 
2.77778 0.00826693 2.0705e-06 0.0122469 -0.000264334 -0.0132714 0.168906 -0.558057 
4.08014 0.00339399 0.00026088 0.0202051 0.00190116 -0.0114301 0.108225 -0.554412 
5.08396 0.00158424 0.00063824 0.0257339 0.00203163 -0.008185 0.0739406 -0.54699 
5.55556 0.0010817 0.000805979 0.0280851 0.00188651 -0.00645816 0.061098 -0.542526 
5.55556 0.00114443 0.000665919 0.0249371 0.00181979 -0.00845572 0.061098 -0.542526 
6.02716 0.000678442 0.000842884 0.0269885 0.00157636 -0.00688996 0.0470422 -0.538092 
7.03098 0.000155409 0.00115398 0.0306047 0.000882783 -0.0036016 0.0225149 -0.527197 
8.33333 5.6231e-09 0.00137834 0.0338782 -5.80341e-06 0.000116807 -0.000135431 -0.511228 
9.63569 6.52982e-05 0.00140049 0.0358169 -0.000630386 0.00294871 -0.0145943 -0.494519 
10.6395 0.000139872 0.00130678 0.0366112 -0.000891216 0.00452329 -0.0213598 -0.481846 
11.1111 0.000168685 0.00123801 0.0368213 -0.000952617 0.0050985 -0.0234569 -0.476086 
11.1111 0.00017819 0.0011273 0.0328074 -0.000963027 0.00252238 -0.0234569 -0.476086 
11.5827 0.000259868 0.00110814 0.0328075 -0.00115306 0.00301426 -0.0283273 -0.470833 
12.5865 0.000453091 0.00104119 0.0323003 -0.00147583 0.00368473 -0.0374043 -0.459862 
13.8889 0.000738476 0.000933562 0.0307307 -0.00178409 0.00388799 -0.0477526 -0.446232 
15.1912 0.001095 0.000842394 0.0282556 -0.00206368 0.00349214 -0.0581482 -0.433329 
16.1951 0.00146714 0.000805832 0.0257815 -0.00233634 0.00289159 -0.0673078 -0.423751 
16.6667 0.00168906 0.000803735 0.0244565 -0.00250355 0.0025516 -0.072219 -0.419298 
16.6667 0.00178159 0.000779593 0.0218617 -0.00260789 0.00103572 -0.072219 -0.419298 
17.1383 0.00219945 0.00083011 0.0203929 -0.00299004 0.000819386 -0.0802426 -0.414963 
18.1421 0.00340134 0.00100788 0.0168148 -0.00409715 0.000446683 -0.0997867 -0.405149 
19.4444 0.00594528 0.00147287 0.011464 -0.00654819 0.000733221 -0.131927 -0.390471 
20.7468 0.010421 0.00243833 0.00588315 -0.0111546 0.00332543 -0.174664 -0.372118 
21.7506 0.0161089 0.0038181 0.00217573 -0.0173544 0.00858424 -0.217161 -0.354129 
22.2222 0.0197775 0.00476921 0.000908065 -0.0214912 0.0126506 -0.240621 -0.344136 
22.2222 0.0208318 0.0201526 0.00679698 -0.1173 0.0331135 -0.240621 -0.344136 
22.6938 0.0219222 0.0218544 0.0075028 -0.125309 0.0375358 -0.246838 -0.322522 
23.6976 0.0222448 0.0235615 0.00985011 -0.131065 0.0430865 -0.248647 -0.274471 
25 0.0179979 0.0209236 0.0149684 -0.111096 0.0406568 -0.223656 -0.212456 
26.3024 0.00965261 0.0133145 0.0230493 -0.0649015 0.0289793 -0.163792 -0.15823 
27.3062 0.00309819 0.00615677 0.0317585 -0.0250035 0.0186107 -0.0927949 -0.127159 
27.7778 0.000974873 0.00323797 0.0367094 -0.0101714 0.0152228 -0.0520528 -0.117041 
27.7778 0.00102548 0.00158572 0.0039546 -0.0029854 0.00413415 -0.0520528 -0.117041 
28.2494 0.000964036 0.00147249 0.00365293 -0.00278932 0.00386539 -0.0504693 -0.111361 
29.2532 0.000835521 0.00125119 0.00307416 -0.00239368 0.00332833 -0.046985 -0.0999605 
30.5556 0.000677194 0.00100184 0.0024459 -0.00192833 0.00270811 -0.0422997 -0.0865211 
31.8579 0.000531613 0.000790807 0.00194429 -0.00151795 0.00217552 -0.0374782 -0.0745358 
32.8617 0.00042909 0.000650906 0.00163484 -0.00123726 0.0018222 -0.0336709 -0.0662448 
33.3333 0.000383919 0.00059123 0.00151048 -0.00111538 0.00167243 -0.0318493 -0.0626252 
33.3333 0.00040334 0.00055612 0.0013621 -0.00113916 0.00156591 -0.0318493 -0.0626252 
33.8049 0.000371602 0.000509414 0.00124235 -0.0010465 0.00143903 -0.0305706 -0.0593546 
34.8088 0.000309695 0.000421181 0.00101933 -0.000868692 0.00119747 -0.0279082 -0.0528572 
36.1111 0.000240144 0.000326479 0.000786985 -0.000673485 0.000936252 -0.0245754 -0.0453111 
37.4135 0.00018148 0.000250205 0.000608729 -0.000512539 0.000725737 -0.0213639 -0.0386847 
38.4173 0.000142764 0.00020164 0.000502031 -0.000408096 0.000592745 -0.0189485 -0.0341586 
38.8889 0.000126325 0.000181422 0.000459872 -0.000364127 0.000537945 -0.0178242 -0.0321978 
38.8889 0.000132556 0.000171158 0.000415784 -0.000371956 0.000506865 -0.0178242 -0.0321978 
39.3605 0.000120592 0.000155265 0.000376017 -0.000337902 0.000460638 -0.0170008 -0.0304307 
40.3643 9.80053e-05 0.000125843 0.000303257 -0.000274242 0.000374776 -0.0153262 -0.0269463 
41.6667 7.37893e-05 9.52011e-05 0.000229355 -0.000206972 0.000285191 -0.0132986 -0.0229437 
42.969 5.43207e-05 7.13058e-05 0.000174082 -0.000153688 0.000215602 -0.0114102 -0.0194703 
43.9728 4.19632e-05 5.65038e-05 0.000141643 -0.000120245 0.000172942 -0.0100287 -0.0171213 
44.4445 3.68375e-05 5.04466e-05 0.000128968 -0.000106452 0.00015568 -0.00939626 -0.0161099 
44.4445 3.86105e-05 4.77076e-05 0.000116894 -0.000108737 0.000147279 -0.00939626 -0.0161099 
44.9161 3.48129e-05 4.29358e-05 0.000105104 -9.79513e-05 0.000132768 -0.00892221 -0.0152005 
45.9199 2.77903e-05 3.42294e-05 8.3778e-05 -7.81406e-05 0.000106243 -0.00797166 -0.013418 
47.2222 2.04934e-05 2.53639e-05 6.24698e-05 -5.77623e-05 7.92221e-05 -0.00684555 -0.0113894 
48.5246 1.48247e-05 1.86246e-05 4.67831e-05 -4.20985e-05 5.8765e-05 -0.00582231 -0.00964667 
49.5284 1.13319e-05 1.45453e-05 3.7679e-05 -3.2527e-05 4.64949e-05 -0.00509043 -0.00847827 
50 9.90999e-06 1.29012e-05 3.41406e-05 -2.86471e-05 4.15968e-05 -0.00476035 -0.00797788 
50 1.03757e-05 1.22298e-05 3.10179e-05 -2.92622e-05 3.94603e-05 -0.00476035 -0.00797788 
50.6644 8.91681e-06 1.04467e-05 2.65197e-05 -2.50716e-05 3.38035e-05 -0.00441302 -0.00735201 
52.2314 6.2135e-06 7.18411e-06 1.82739e-05 -1.73557e-05 2.3392e-05 -0.00368382 -0.00605808 
54.7058 3.47817e-06 3.94934e-06 1.00735e-05 -9.62778e-06 1.29702e-05 -0.00275617 -0.00445199 
58.1033 1.54246e-06 1.7159e-06 4.39053e-06 -4.22611e-06 5.69042e-06 -0.00183543 -0.00290463 
62.4463 5.33562e-07 5.81443e-07 1.49252e-06 -1.44689e-06 1.94731e-06 -0.0010795 -0.00167312 
67.7648 1.41696e-07 1.51484e-07 3.90015e-07 -3.80585e-07 5.12007e-07 -0.000556301 -0.000845527 
74.0975 2.84313e-08 2.98916e-08 7.71627e-08 -7.57289e-08 1.01846e-07 -0.000249189 -0.00037228 
81.4935 4.23981e-09 4.39621e-09 1.13734e-08 -1.1215e-08 1.5079e-08 -9.62286e-05 -0.000141706 
90.0149 4.61548e-10 4.73336e-10 1.22672e-09 -1.21417e-09 1.63218e-09 -3.17496e-05 -4.62196e-05 
99.7401 3.59231e-11 3.65337e-11 9.4809e-11 -9.4107e-11 1.26488e-10 -8.85764e-06 -1.27816e-05 
110.769 1.94869e-12 1.96977e-12 5.11679e-12 -5.08942e-12 6.83996e-12 -2.06302e-06 -2.95784e-06 
123.232 7.13033e-14 7.177e-14 1.86561e-13 -1.85829e-13 2.4973e-13 -3.94626e-07 -5.63262e-07 
137.299 1.68476e-15 1.69106e-15 4.39775e-15 -4.38467e-15 5.89216e-15 -6.06597e-08 -8.63251e-08 
153.203 2.42046e-17 2.42528e-17 6.30894e-17 -6.29388e-17 8.45756e-17 -7.27076e-09 -1.0328e-08 
171.276 1.93911e-19 1.94103e-19 5.05002e-19 -5.03972e-19 6.77215e-19 -6.50777e-10 -9.23412e-10 
192.014 7.59413e-22 7.59529e-22 1.97701e-21 -1.97287e-21 2.65115e-21 -4.07258e-11 -5.77676e-11 
216.24 1.16832e-24 1.17749e-24 3.02207e-24 -3.04683e-24 4.08381e-24 -1.59739e-12 -2.24655e-12 
245.522 4.17465e-28 2.71633e-28 1.7445e-27 -8.74762e-28 1.51753e-27 -3.01954e-14 -6.48899e-14 
283.878 5.77018e-30 3.32444e-29 6.26592e-29 -3.59784e-29 5.30699e-29 -3.54998e-15 1.9327e-14 
