0 0.0409708 0.00455122 2.0897e-14 -0.0275896 0.0136757 0.376588 -0.524555 
0.4716 0.0321541 0.00285897 0.0005323 -0.0193716 0.004126 0.333617 -0.534188 
1.47542 0.0187402 0.000797867 0.00421367 -0.0078126 -0.00792705 0.254693 -0.547904 
2.77778 0.00877611 1.2115e-05 0.0114214 -0.000658803 -0.0128537 0.174293 -0.554596 
4.08014 0.00378776 0.000192857 0.0190263 0.00172684 -0.0115372 0.114504 -0.552058 
5.08396 0.00185526 0.000533743 0.024393 0.00201054 -0.00864622 0.0801368 -0.54568 
5.55556 0.00129938 0.000694077 0.0266959 0.00191874 -0.00705479 0.0670652 -0.541725 
5.55556 0.00137474 0.000565876 0.0237036 0.0018386 -0.00892905 0.0670652 -0.541725 
6.02716 0.000854407 0.000735464 0.0257329 0.00165246 -0.00748012 0.0528713 -0.537767 
7.03098 0.000235896 0.00104807 0.0293615 0.0010365 -0.00436291 0.027781 -0.527876 
8.33333 4.85104e-06 0.00130206 0.0327284 0.000165672 -0.000729169 0.00398387 -0.513094 
9.63569 4.36685e-05 0.00137246 0.0347895 -0.00051033 0.00212606 -0.0119529 -0.497337 
10.6395 0.000122503 0.00132057 0.0356649 -0.000838434 0.00375799 -0.0200198 -0.485186 
11.1111 0.000158439 0.00127125 0.0359032 -0.000935539 0.00436482 -0.0227677 -0.479596 
11.1111 0.000167365 0.00115647 0.0319894 -0.000945317 0.00184524 -0.0227677 -0.479596 
11.5827 0.000255656 0.00115339 0.0320159 -0.00116679 0.00236851 -0.0281393 -0.474463 
12.5865 0.000474019 0.00111979 0.0315589 -0.00156547 0.00312191 -0.0383163 -0.463616 
13.8889 0.000810312 0.00105145 0.0300352 -0.00198335 0.00345398 -0.050097 -0.449872 
15.1912 0.001235 0.000994787 0.0275843 -0.00238164 0.00320536 -0.0618471 -0.436551 
16.1951 0.00167096 0.000983341 0.0251217 -0.00275431 0.00273491 -0.0719396 -0.426459 
16.6667 0.00192631 0.000993335 0.023803 -0.00297227 0.00246311 -0.0772411 -0.421715 
16.6667 0.00203184 0.000960465 0.0212775 -0.00309127 0.0009977 -0.0772411 -0.421715 
17.1383 0.00248867 0.00102577 0.0198174 -0.00353558 0.000859785 -0.0854846 -0.417085 
18.1421 0.00377833 0.00123973 0.0162891 -0.00478923 0.000685594 -0.10533 -0.406602 
19.4444 0.00642712 0.00176171 0.0110752 -0.00744609 0.00127765 -0.137376 -0.39105 
20.7468 0.0109367 0.00278641 0.00570172 -0.0122157 0.00414786 -0.179204 -0.371971 
21.7506 0.0165149 0.00419122 0.00215275 -0.0184103 0.00945937 -0.220212 -0.353674 
22.2222 0.0200551 0.00513675 0.000931158 -0.0224599 0.0134375 -0.24267 -0.343657 
22.2222 0.0211242 0.0210157 0.00696983 -0.120624 0.034526 -0.24267 -0.343657 
22.6938 0.0220982 0.0226028 0.00781186 -0.127947 0.0387239 -0.248201 -0.322482 
23.6976 0.0221655 0.0240276 0.010454 -0.132119 0.0437443 -0.248579 -0.275678 
25 0.017731 0.0211122 0.0159845 -0.110765 0.0408821 -0.222328 -0.215652 
26.3024 0.00946005 0.0134462 0.0245205 -0.0645678 0.0293116 -0.162395 -0.163308 
27.3062 0.00305538 0.00633063 0.0336126 -0.0251783 0.0192434 -0.0922909 -0.133195 
27.7778 0.000978881 0.00341265 0.0387544 -0.0104636 0.0159633 -0.0522386 -0.123281 
27.7778 0.0010297 0.00169981 0.00417489 -0.00309728 0.00428955 -0.0522386 -0.123281 
28.2494 0.000977774 0.00158967 0.00388545 -0.00291876 0.00404622 -0.0509045 -0.117617 
29.2532 0.000864548 0.00137064 0.00332108 -0.00254848 0.00354689 -0.0478665 -0.106188 
30.5556 0.000717584 0.0011176 0.0026941 -0.00209655 0.00294928 -0.0436087 -0.0926043 
31.8579 0.000576018 0.000897865 0.00218144 -0.00168364 0.00241822 -0.0390711 -0.0803815 
32.8617 0.000472899 0.000749143 0.00185887 -0.00139345 0.0020564 -0.0354015 -0.0718598 
33.3333 0.000426599 0.000684914 0.00172765 -0.00126548 0.00190061 -0.0336238 -0.0681206 
33.3333 0.000448179 0.000643687 0.00155793 -0.0012919 0.0017768 -0.0336238 -0.0681206 
33.8049 0.000415956 0.00059324 0.00143019 -0.00119482 0.00164415 -0.0323925 -0.0647327 
34.8088 0.000351922 0.000496781 0.00118953 -0.0010057 0.00138792 -0.0297951 -0.0579706 
36.1111 0.000278036 0.000391344 0.000934434 -0.000793404 0.00110488 -0.0264833 -0.0500603 
37.4135 0.000213994 0.000304735 0.000735012 -0.000614223 0.000871572 -0.0232339 -0.0430584 
38.4173 0.000170791 0.000248666 0.000613677 -0.000495685 0.000721365 -0.0207565 -0.0382416 
38.8889 0.000152206 0.000225085 0.000565229 -0.000445199 0.000658747 -0.0195946 -0.036145 
38.8889 0.000159714 0.000212221 0.00051104 -0.000454632 0.000620081 -0.0195946 -0.036145 
39.3605 0.000146213 0.000193608 0.000464956 -0.000415479 0.000566996 -0.0187482 -0.0342508 
40.3643 0.000120389 0.000158797 0.000379807 -0.000341435 0.000467292 -0.0170122 -0.030499 
41.6667 9.21555e-05 0.000121968 0.000292005 -0.000261805 0.00036148 -0.0148842 -0.0261604 
42.969 6.8975e-05 9.27471e-05 0.000225218 -0.00019751 0.000277739 -0.0128769 -0.0223667 
43.9728 5.40004e-05 7.43754e-05 0.000185429 -0.000156497 0.000225571 -0.0113937 -0.0197837 
44.4445 4.77221e-05 6.67883e-05 0.000169729 -0.000139413 0.000204247 -0.0107109 -0.0186666 
44.4445 5.0019e-05 6.31334e-05 0.000153839 -0.000142373 0.000193088 -0.0107109 -0.0186666 
44.9161 4.53633e-05 5.71296e-05 0.000139128 -0.000128977 0.000175074 -0.0102003 -0.0176595 
45.9199 3.66605e-05 4.60732e-05 0.000112274 -0.000104125 0.000141821 -0.00916975 -0.0156771 
47.2222 2.74666e-05 3.4651e-05 8.50567e-05 -7.81611e-05 0.000107427 -0.00793707 -0.0134062 
48.5246 2.01931e-05 2.58274e-05 6.46924e-05 -5.78592e-05 8.09435e-05 -0.0068055 -0.0114408 
49.5284 1.56414e-05 2.04115e-05 5.26993e-05 -4.52694e-05 6.48211e-05 -0.00598957 -0.0101142 
50 1.37703e-05 1.82097e-05 4.79927e-05 -4.01193e-05 5.8324e-05 -0.00561992 -0.00954355 
50 1.44174e-05 1.72565e-05 4.3603e-05 -4.09739e-05 5.53004e-05 -0.00561992 -0.00954355 
50.6933 1.24145e-05 1.47584e-05 3.73294e-05 -3.51619e-05 4.74467e-05 -0.00521497 -0.00879751 
52.3285 8.68651e-06 1.01752e-05 2.57948e-05 -2.44221e-05 3.29407e-05 -0.00436224 -0.00725367 
54.9104 4.88831e-06 5.61187e-06 1.42705e-05 -1.36057e-05 1.83415e-05 -0.0032724 -0.00533461 
58.4557 2.17947e-06 2.44607e-06 6.24199e-06 -5.99789e-06 8.08095e-06 -0.00218506 -0.00348272 
62.9876 7.5731e-07 8.30922e-07 2.1279e-06 -2.06066e-06 2.77484e-06 -0.00128802 -0.00200673 
68.5374 2.01711e-07 2.16746e-07 5.56895e-07 -5.43162e-07 7.3108e-07 -0.00066474 -0.0010139 
75.1455 4.05148e-08 4.27534e-08 1.10165e-07 -1.08114e-07 1.45465e-07 -0.000297916 -0.000446021 
82.8631 6.03524e-09 6.27418e-09 1.62058e-08 -1.5985e-08 2.15015e-08 -0.000114983 -0.000169497 
91.755 6.54881e-10 6.72805e-10 1.74112e-09 -1.7243e-09 2.31888e-09 -3.78763e-05 -5.51482e-05 
101.903 5.06986e-11 5.16212e-11 1.33782e-10 -1.32892e-10 1.7869e-10 -1.05387e-05 -1.52005e-05 
113.412 2.72987e-12 2.76149e-12 7.16428e-12 -7.13232e-12 9.58924e-12 -2.44545e-06 -3.50303e-06 
126.416 9.89476e-14 9.96412e-14 2.58696e-13 -2.57935e-13 3.46763e-13 -4.65575e-07 -6.63735e-07 
141.095 2.31128e-15 2.32054e-15 6.02767e-15 -6.01602e-15 8.08745e-15 -7.11563e-08 -1.01121e-07 
157.691 3.27587e-17 3.28287e-17 8.52995e-17 -8.51879e-17 1.14516e-16 -8.4713e-09 -1.20149e-08 
176.55 2.58325e-19 2.58599e-19 6.72034e-19 -6.71405e-19 9.02542e-19 -7.52263e-10 -1.0657e-09 
198.19 9.93229e-22 9.93387e-22 2.58289e-21 -2.58031e-21 3.46873e-21 -4.66457e-11 -6.60569e-11 
223.47 1.4952e-24 1.508e-24 3.86152e-24 -3.90067e-24 5.22911e-24 -1.80983e-12 -2.53943e-12 
254.025 5.15733e-28 3.19827e-28 2.23918e-27 -1.05501e-27 1.88567e-27 -3.36124e-14 -7.44708e-14 
294.049 8.35812e-30 4.88051e-29 9.2996e-29 -5.24657e-29 7.82477e-29 -4.27899e-15 2.35486e-14 
