0 0.0404245 0.00449054 1.30858e-14 -0.0272217 0.0136061 0.374346 -0.521421 
0.4716 0.0320408 0.0028798 0.00048709 -0.0194078 0.00450585 0.333275 -0.530656 
1.47542 0.0191128 0.000867425 0.00388762 -0.00822663 -0.00725061 0.257402 -0.544071 
2.77778 0.00927648 2.92069e-05 0.0106441 -0.00105167 -0.0124652 0.179325 -0.551182 
4.08014 0.004185 0.000138092 0.0178944 0.00153594 -0.0116415 0.120448 -0.549619 
5.08396 0.00213565 0.000443736 0.0230853 0.00196685 -0.00909438 0.086043 -0.54418 
5.55556 0.00152758 0.000596243 0.0253313 0.00192822 -0.0076376 0.0727699 -0.540685 
5.55556 0.00161617 0.000478943 0.022492 0.00183401 -0.00939047 0.0727699 -0.540685 
6.02716 0.00104306 0.000640887 0.0244888 0.00170436 -0.00805885 0.0584607 -0.53716 
7.03098 0.000329524 0.000953274 0.0281049 0.00116834 -0.00512022 0.0328588 -0.528186 
8.33333 1.94433e-05 0.00123366 0.0315334 0.000322849 -0.00158767 0.00798167 -0.514499 
9.63569 2.67965e-05 0.00134953 0.0336916 -0.000396412 0.00127445 -0.00937017 -0.49963 
10.6395 0.00010664 0.00133832 0.0346358 -0.00078751 0.00295509 -0.0186925 -0.48797 
11.1111 0.000148651 0.00130836 0.034899 -0.000919313 0.00359135 -0.0220695 -0.482545 
11.1111 0.000157026 0.00118912 0.0310946 -0.000928487 0.00113371 -0.0220695 -0.482545 
11.5827 0.000251347 0.00120231 0.0311457 -0.0011812 0.00168738 -0.0279218 -0.477528 
12.5865 0.000494265 0.00120326 0.0307392 -0.00165706 0.00252472 -0.0391549 -0.46681 
13.8889 0.000882198 0.00117731 0.0292701 -0.00218981 0.00299342 -0.0523105 -0.452986 
15.1912 0.00137706 0.00115968 0.0268605 -0.00271533 0.00290607 -0.0653555 -0.439308 
16.1951 0.0018785 0.00117739 0.024427 -0.00319553 0.0025788 -0.0763329 -0.42877 
16.6667 0.00216785 0.00120139 0.0231237 -0.00346765 0.00238137 -0.0820014 -0.42377 
16.6667 0.00228661 0.00115848 0.0206702 -0.00360157 0.000967047 -0.0820014 -0.42377 
17.1383 0.00278167 0.00123991 0.0192282 -0.00410961 0.00091211 -0.0904435 -0.418883 
18.1421 0.00415555 0.00149215 0.0157677 -0.00551026 0.000941761 -0.110545 -0.407819 
19.4444 0.00689992 0.00207114 0.0107057 -0.00836524 0.00183351 -0.142445 -0.391517 
20.7468 0.0114305 0.00315112 0.00554102 -0.0132806 0.00495993 -0.18334 -0.371837 
21.7506 0.016893 0.00457609 0.00214252 -0.019456 0.0103044 -0.222884 -0.353315 
22.2222 0.0203066 0.00551416 0.000962622 -0.0234159 0.0141898 -0.244368 -0.343305 
22.2222 0.0213891 0.021874 0.00720534 -0.123832 0.0359004 -0.244368 -0.343305 
22.6938 0.0222435 0.0233416 0.00818233 -0.130448 0.0398666 -0.249201 -0.322596 
23.6976 0.0220621 0.0244874 0.0111238 -0.133065 0.0443718 -0.248182 -0.277073 
25 0.0174581 0.0213097 0.0170802 -0.110422 0.0411209 -0.220773 -0.219029 
26.3024 0.00926964 0.0135933 0.0260883 -0.0642636 0.0296822 -0.160871 -0.168529 
27.3062 0.00301294 0.00651734 0.0355766 -0.0253689 0.0199156 -0.0917154 -0.139354 
27.7778 0.000982535 0.00359891 0.0409148 -0.0107654 0.0167431 -0.0523747 -0.129644 
27.7778 0.00103354 0.00182281 0.00440761 -0.00321336 0.00445221 -0.0523747 -0.129644 
28.2494 0.000990893 0.00171592 0.00413088 -0.00305273 0.00423475 -0.0512827 -0.124001 
29.2532 0.000893016 0.00149968 0.00358264 -0.00270928 0.00377528 -0.0486841 -0.112558 
30.5556 0.000758184 0.00124367 0.00295964 -0.00227335 0.00320415 -0.0448585 -0.0988526 
31.8579 0.000621664 0.00101577 0.00243835 -0.00186038 0.0026784 -0.0406196 -0.0864177 
32.8617 0.000518701 0.000858408 0.00210407 -0.00156218 0.0023105 -0.0371036 -0.0776844 
33.3333 0.000471582 0.000789638 0.00196646 -0.00142863 0.00214961 -0.0353783 -0.0738341 
33.3333 0.000495438 0.000741476 0.00177328 -0.00145783 0.00200643 -0.0353783 -0.0738341 
33.8049 0.00046303 0.000687298 0.00163788 -0.00135688 0.00186881 -0.0342016 -0.0703365 
34.8088 0.000397394 0.000582492 0.00137995 -0.00115723 0.00159916 -0.0316849 -0.0633247 
36.1111 0.000319594 0.000465909 0.00110199 -0.000928142 0.00129499 -0.0284146 -0.0550666 
37.4135 0.00025031 0.000368318 0.000880743 -0.000730323 0.00103867 -0.0251467 -0.0477012 
38.4173 0.000202553 0.000304128 0.000744006 -0.000596984 0.000870603 -0.022621 -0.0426001 
38.8889 0.000181745 0.000276869 0.000688856 -0.000539553 0.000799744 -0.0214276 -0.0403699 
38.8889 0.00019071 0.000260886 0.000622815 -0.000550816 0.000752049 -0.0214276 -0.0403699 
39.3605 0.000175636 0.000239287 0.000569923 -0.000506243 0.000691699 -0.0205633 -0.0383499 
40.3643 0.000146429 0.000198493 0.000471269 -0.000420998 0.000577118 -0.0187759 -0.0343326 
41.6667 0.000113879 0.00015468 0.000368058 -0.000327742 0.000453501 -0.016558 -0.0296569 
42.969 8.66014e-05 0.000119335 0.000288267 -0.000251038 0.000353888 -0.0144394 -0.0255389 
43.9728 6.86765e-05 9.67947e-05 0.000240039 -0.000201337 0.000290862 -0.0128585 -0.0227168 
44.4445 6.10827e-05 8.74038e-05 0.000220829 -0.000180434 0.000264848 -0.0121268 -0.0214911 
44.4445 6.40226e-05 8.25829e-05 0.000200156 -0.000184222 0.000250194 -0.0121268 -0.0214911 
44.9161 5.839e-05 7.5121e-05 0.000182026 -0.000167795 0.000228115 -0.0115811 -0.0203833 
45.9199 4.77492e-05 6.12558e-05 0.000148641 -0.000137021 0.00018697 -0.0104728 -0.0181939 
47.2222 3.63252e-05 4.67313e-05 0.000114335 -0.000104385 0.000143784 -0.00913447 -0.0156701 
48.5246 2.71267e-05 3.53362e-05 8.82625e-05 -7.84403e-05 0.00010998 -0.00789365 -0.0134702 
49.5284 2.12828e-05 2.82478e-05 7.26892e-05 -6.21209e-05 8.91048e-05 -0.00699188 -0.0119756 
50 1.8858e-05 2.53419e-05 6.65202e-05 -5.53858e-05 8.06154e-05 -0.00658154 -0.0113299 
50 1.97442e-05 2.40073e-05 6.04359e-05 -5.65561e-05 7.63958e-05 -0.00658154 -0.0113299 
50.7235 1.7037e-05 2.05586e-05 5.18142e-05 -4.86162e-05 6.56552e-05 -0.0061137 -0.0104476 
52.4297 1.19734e-05 1.42129e-05 3.59112e-05 -3.38875e-05 4.57419e-05 -0.00512528 -0.00862009 
55.124 6.77618e-06 7.86627e-06 1.99438e-05 -1.89655e-05 2.55838e-05 -0.00385567 -0.00634487 
58.8234 3.03859e-06 3.44071e-06 8.75732e-06 -8.3994e-06 1.1323e-05 -0.00258193 -0.00414544 
63.5524 1.06099e-06 1.17207e-06 2.9948e-06 -2.89681e-06 3.90278e-06 -0.00152568 -0.00238968 
69.3436 2.83541e-07 3.0622e-07 7.85251e-07 -7.65443e-07 1.03073e-06 -0.000788707 -0.00120733 
76.239 5.70332e-08 6.04043e-08 1.55383e-07 -1.52471e-07 2.05232e-07 -0.00035373 -0.000530753 
84.2923 8.49078e-09 8.84953e-09 2.28234e-08 -2.25176e-08 3.03004e-08 -0.000136484 -0.000201415 
93.5709 9.18873e-10 9.45671e-10 2.44395e-09 -2.42151e-09 3.25771e-09 -4.48989e-05 -6.53917e-05 
104.16 7.08029e-11 7.21745e-11 1.86816e-10 -1.85697e-10 2.49782e-10 -1.24633e-05 -1.79707e-05 
116.17 3.78712e-12 3.83379e-12 9.93467e-12 -9.89821e-12 1.33126e-11 -2.88245e-06 -4.12589e-06 
129.74 1.36099e-13 1.37115e-13 3.55593e-13 -3.54861e-13 4.77234e-13 -5.46431e-07 -7.78179e-07 
145.057 3.14606e-15 3.15948e-15 8.19806e-15 -8.18992e-15 1.10137e-14 -8.3079e-08 -1.17916e-07 
162.375 4.40416e-17 4.41419e-17 1.14575e-16 -1.14537e-16 1.54023e-16 -9.82968e-09 -1.39222e-08 
182.053 3.4231e-19 3.42699e-19 8.89666e-19 -8.89723e-19 1.19643e-18 -8.66598e-10 -1.22588e-09 
204.635 1.29414e-21 1.29437e-21 3.3621e-21 -3.36208e-21 4.52124e-21 -5.32843e-11 -7.53463e-11 
231.013 1.90994e-24 1.92738e-24 4.9252e-24 -4.98404e-24 6.68235e-24 -2.047e-12 -2.86602e-12 
262.897 6.35538e-28 3.77212e-28 2.86909e-27 -1.2719e-27 2.34292e-27 -3.73404e-14 -8.52326e-14 
304.662 1.2007e-29 7.01619e-29 1.34353e-28 -7.53973e-29 1.12934e-28 -5.13245e-15 2.82987e-14 
