0 0.039919 0.00443438 8.17733e-15 -0.0268813 0.0135066 0.372039 -0.518497 
0.4716 0.0319384 0.0028995 0.0004457 -0.0194429 0.00482609 0.332778 -0.527343 
1.47542 0.0194714 0.000935413 0.00358521 -0.00862271 -0.00664042 0.259834 -0.540436 
2.77778 0.00976643 5.2059e-05 0.00991028 -0.00144065 -0.0121097 0.18402 -0.547877 
4.08014 0.00458358 9.48341e-05 0.0168057 0.00133207 -0.0117491 0.126067 -0.547168 
5.08396 0.00242333 0.000366548 0.0218091 0.00190421 -0.0095355 0.0916652 -0.542568 
5.55556 0.0017644 0.00051094 0.0239906 0.00191834 -0.0082122 0.0782161 -0.539489 
5.55556 0.00186672 0.000403663 0.0213016 0.00180953 -0.00984559 0.0782161 -0.539489 
6.02716 0.0012425 0.000557806 0.0232568 0.00173542 -0.00863129 0.0638123 -0.536356 
7.03098 0.000434779 0.000868565 0.026838 0.00128101 -0.00587727 0.0377477 -0.528219 
8.33333 4.28964e-05 0.00117253 0.030299 0.000467507 -0.00246046 0.0118568 -0.515539 
9.63569 1.42971e-05 0.0013314 0.032531 -0.000287604 0.0003937 -0.00684512 -0.501494 
10.6395 9.21011e-05 0.00135995 0.0335327 -0.000737753 0.00211522 -0.0173736 -0.490298 
11.1111 0.000139168 0.00134931 0.0338178 -0.000903319 0.00277895 -0.0213563 -0.48503 
11.1111 0.000147009 0.00122519 0.0301313 -0.000911909 0.000387981 -0.0213563 -0.48503 
11.5827 0.000246742 0.0012549 0.0302053 -0.00119565 0.000971195 -0.0276679 -0.480127 
12.5865 0.000513433 0.00129159 0.0298497 -0.00174978 0.00189339 -0.0399113 -0.469544 
13.8889 0.000953232 0.00131105 0.0284432 -0.00240207 0.00250585 -0.0543818 -0.455671 
15.1912 0.00151951 0.00133679 0.0260911 -0.00306239 0.00259241 -0.0686604 -0.441697 
16.1951 0.00208741 0.00138746 0.023703 -0.00365673 0.00241999 -0.0804745 -0.430775 
16.6667 0.00241099 0.00142726 0.0224234 -0.00398591 0.00230235 -0.0864871 -0.425555 
16.6667 0.00254307 0.00137296 0.0200443 -0.00413486 0.000939181 -0.0864871 -0.425555 
17.1383 0.00307532 0.00147179 0.018629 -0.00470782 0.000971061 -0.0951082 -0.420447 
18.1421 0.00452946 0.00176414 0.0152521 -0.0062552 0.00120851 -0.115424 -0.408885 
19.4444 0.00736011 0.00240003 0.0103553 -0.00930043 0.00239336 -0.147135 -0.391949 
20.7468 0.0118998 0.00353165 0.00539985 -0.0143453 0.00575557 -0.187086 -0.371783 
21.7506 0.0172414 0.00497253 0.00214459 -0.0204893 0.0111156 -0.225195 -0.353111 
22.2222 0.0205305 0.00590156 0.00100265 -0.0243577 0.0149051 -0.245738 -0.343135 
22.2222 0.021625 0.0227265 0.00750492 -0.126915 0.0372332 -0.245738 -0.343135 
22.6938 0.0223578 0.024071 0.00861732 -0.13281 0.0409631 -0.249867 -0.322916 
23.6976 0.0219349 0.0249419 0.011865 -0.133907 0.0449709 -0.247493 -0.278695 
25 0.0171787 0.0215163 0.0182623 -0.110065 0.0413743 -0.219023 -0.222615 
26.3024 0.00908056 0.0137559 0.0277606 -0.063984 0.0300913 -0.15924 -0.173918 
27.3062 0.00297047 0.00671719 0.0376587 -0.0255727 0.0206286 -0.0910768 -0.145658 
27.7778 0.000985652 0.00379733 0.0431987 -0.0110757 0.0175644 -0.0524635 -0.136152 
27.7778 0.00103682 0.00195534 0.00465365 -0.0033334 0.00462202 -0.0524635 -0.136152 
28.2494 0.00100322 0.00185191 0.00439018 -0.00319105 0.00443099 -0.0516064 -0.130534 
29.2532 0.000920751 0.00163903 0.00385987 -0.00287601 0.00401369 -0.0494398 -0.119089 
30.5556 0.000798805 0.00138087 0.00324368 -0.00245879 0.00347308 -0.0460496 -0.105284 
31.8579 0.000668377 0.00114541 0.00271638 -0.00204841 0.00295674 -0.0421227 -0.092661 
32.8617 0.000566364 0.000979675 0.00237196 -0.00174387 0.00258545 -0.0387752 -0.0837342 
33.3333 0.000518765 0.000906415 0.00222857 -0.00160537 0.00242053 -0.03711 -0.0797809 
33.3333 0.000545007 0.000850412 0.00200964 -0.0016375 0.0022557 -0.03711 -0.0797809 
33.8049 0.000512746 0.000792545 0.001867 -0.0015333 0.00211406 -0.0359949 -0.0761812 
34.8088 0.000446101 0.000679341 0.00159239 -0.00132411 0.00183254 -0.0335743 -0.0689346 
36.1111 0.000364908 0.000551269 0.0012917 -0.00107879 0.00150832 -0.0303656 -0.060345 
37.4135 0.000290614 0.000442096 0.00104817 -0.000862146 0.00122913 -0.0270987 -0.0526289 
38.4173 0.0002383 0.000369185 0.00089538 -0.000713426 0.00104276 -0.0245387 -0.0472504 
38.8889 0.00021522 0.000337933 0.000833159 -0.000648666 0.000963314 -0.0233201 -0.044889 
38.8889 0.000225836 0.00031823 0.000753283 -0.000662004 0.000904928 -0.0233201 -0.044889 
39.3605 0.000209177 0.000293379 0.000693122 -0.000611738 0.000836977 -0.0224435 -0.0427452 
40.3643 0.000176488 0.000246 0.000579888 -0.000514539 0.000706599 -0.0206154 -0.0384646 
41.6667 0.00013936 0.00019437 0.000459758 -0.000406422 0.000563666 -0.0183191 -0.033452 
42.969 0.000107615 0.000152048 0.000365425 -0.000315879 0.000446454 -0.016098 -0.0290068 
43.9728 8.64046e-05 0.000124687 0.00030761 -0.000256314 0.000371169 -0.0144246 -0.0259414 
44.4445 7.73271e-05 0.00011319 0.00028437 -0.000231028 0.0003398 -0.0136458 -0.0246045 
44.4445 8.10488e-05 0.000106898 0.000257748 -0.000235824 0.000320754 -0.0136458 -0.0246045 
44.9161 7.43184e-05 9.77274e-05 0.000235662 -0.000215917 0.000294013 -0.013067 -0.0233933 
45.9199 6.14717e-05 8.05399e-05 0.000194642 -0.000178268 0.00024372 -0.0118841 -0.0209905 
47.2222 4.74606e-05 6.22921e-05 0.000151927 -0.000137757 0.000190175 -0.0104422 -0.0182037 
48.5246 3.59832e-05 4.77607e-05 0.000118969 -0.000105031 0.000147592 -0.00909236 -0.0157579 
49.5284 2.85838e-05 3.86039e-05 9.90121e-05 -8.416e-05 0.000120927 -0.00810376 -0.0140858 
50 2.54855e-05 3.48197e-05 9.10351e-05 -7.54726e-05 0.000109988 -0.00765197 -0.0133603 
50 2.66831e-05 3.29747e-05 8.27085e-05 -7.70543e-05 0.000104173 -0.00765197 -0.0133603 
50.7549 2.30764e-05 2.82775e-05 7.10183e-05 -6.6358e-05 8.96874e-05 -0.00711607 -0.0123245 
52.5354 1.62949e-05 1.96072e-05 4.93808e-05 -4.64325e-05 6.2721e-05 -0.00597974 -0.0101764 
55.3468 9.27816e-06 1.08932e-05 2.75391e-05 -2.61154e-05 3.52511e-05 -0.00451218 -0.00749766 
59.2071 4.18649e-06 4.78318e-06 1.2144e-05 -1.16244e-05 1.56792e-05 -0.00303096 -0.00490315 
64.1417 1.46966e-06 1.63465e-06 4.16788e-06 -4.02633e-06 5.42711e-06 -0.00179583 -0.00282831 
70.1848 3.94278e-07 4.27959e-07 1.09544e-06 -1.06706e-06 1.43749e-06 -0.000930158 -0.00142922 
77.3801 7.94677e-08 8.44685e-08 2.16946e-07 -2.12829e-07 2.86585e-07 -0.000417591 -0.000628045 
85.7836 1.18313e-08 1.23622e-08 3.18394e-08 -3.14161e-08 4.22893e-08 -0.000161128 -0.000238083 
95.4657 1.27794e-09 1.31745e-09 3.40064e-09 -3.37063e-09 4.53609e-09 -5.29554e-05 -7.71589e-05 
106.516 9.80953e-11 1.00108e-10 2.58834e-10 -2.57423e-10 3.46372e-10 -1.46717e-05 -2.11514e-05 
119.047 5.21746e-12 5.28555e-12 1.36826e-11 -1.36415e-11 1.83529e-11 -3.38365e-06 -4.84042e-06 
133.207 1.86122e-13 1.87593e-13 4.86029e-13 -4.85396e-13 6.52985e-13 -6.3908e-07 -9.09316e-07 
149.191 4.26341e-15 4.28267e-15 1.1102e-14 -1.11e-14 1.49317e-14 -9.6724e-08 -1.37135e-07 
167.261 5.90392e-17 5.91819e-17 1.53471e-16 -1.53551e-16 2.06549e-16 -1.13822e-08 -1.61018e-08 
187.796 4.5308e-19 4.53626e-19 1.17657e-18 -1.17767e-18 1.58412e-18 -9.97111e-10 -1.40871e-09 
211.359 1.6877e-21 1.68801e-21 4.38074e-21 -4.38453e-21 5.89798e-21 -6.08559e-11 -8.59414e-11 
238.885 2.4476e-24 2.47108e-24 6.30309e-24 -6.38853e-24 8.56639e-24 -2.31753e-12 -3.23852e-12 
272.156 7.91544e-28 4.50216e-28 3.69173e-27 -1.55073e-27 2.93543e-27 -4.16767e-14 -9.76026e-14 
315.737 1.71633e-29 9.91951e-29 1.92073e-28 -1.07185e-28 1.60597e-28 -6.137e-15 3.38133e-14 
