0 0.0394456 0.00438181 5.08503e-15 -0.0265625 0.0133712 0.36969 -0.51583 
0.4716 0.0318418 0.00291774 0.000407668 -0.0194745 0.00508417 0.332152 -0.524299 
1.47542 0.0198141 0.00100146 0.00330381 -0.00900009 -0.00609793 0.262014 -0.53705 
2.77778 0.0102443 7.95283e-05 0.00921569 -0.00182367 -0.0117914 0.188399 -0.544742 
4.08014 0.00498147 6.15196e-05 0.0157568 0.00111848 -0.0118658 0.131376 -0.544775 
5.08396 0.00271636 0.000300665 0.0205628 0.00182591 -0.00997532 0.0970133 -0.540924 
5.55556 0.00200807 0.000436773 0.0226733 0.00189217 -0.00878394 0.0834119 -0.53822 
5.55556 0.00212453 0.000338713 0.0201319 0.00176833 -0.0102998 0.0834119 -0.53822 
6.02716 0.00145096 0.000484989 0.0220373 0.00174868 -0.00920238 0.0689325 -0.535441 
7.03098 0.000550289 0.000792975 0.0255637 0.00137702 -0.00663772 0.0424514 -0.528064 
8.33333 7.44223e-05 0.00111807 0.0290308 0.000601315 -0.00334937 0.0156116 -0.516308 
9.63569 5.8422e-06 0.0013178 0.0313152 -0.000182906 -0.000516554 -0.00437406 -0.503029 
10.6395 7.87303e-05 0.00138534 0.0323637 -0.00068844 0.0012387 -0.0160571 -0.49227 
11.1111 0.000129846 0.00139402 0.0326681 -0.000886881 0.00192811 -0.020621 -0.487153 
11.1111 0.000137162 0.00126461 0.0291069 -0.000894895 -0.000392023 -0.020621 -0.487153 
11.5827 0.000241635 0.00131108 0.0292024 -0.00120941 0.000219914 -0.02737 -0.482361 
12.5865 0.000531086 0.00138475 0.028898 -0.00184266 0.00122776 -0.0405767 -0.471919 
13.8889 0.00102243 0.00145253 0.0275621 -0.00261853 0.00199029 -0.0563004 -0.458028 
15.1912 0.0016606 0.00152576 0.0252823 -0.00342021 0.00226198 -0.0717507 -0.443813 
16.1951 0.00229521 0.00161299 0.0229545 -0.00413432 0.00225461 -0.0843538 -0.432568 
16.6667 0.00265288 0.00167026 0.0217063 -0.00452302 0.00222144 -0.0906886 -0.427161 
16.6667 0.00279821 0.0016032 0.0194033 -0.00468691 0.000909014 -0.0906886 -0.427161 
17.1383 0.00336637 0.00172055 0.0180224 -0.00532558 0.00103085 -0.0994703 -0.421865 
18.1421 0.00489635 0.00205467 0.0147437 -0.00701875 0.00147878 -0.119963 -0.409884 
19.4444 0.0078039 0.00274729 0.0100234 -0.0102461 0.00294949 -0.15145 -0.392422 
20.7468 0.0123413 0.0039272 0.00527714 -0.0154054 0.00652832 -0.190455 -0.371876 
21.7506 0.0175576 0.00538024 0.00215867 -0.0215073 0.0118887 -0.227167 -0.353122 
22.2222 0.0207244 0.00629894 0.00105157 -0.0252829 0.0155798 -0.246804 -0.343205 
22.2222 0.0218291 0.0235713 0.00787112 -0.129861 0.0385191 -0.246804 -0.343205 
22.6938 0.0224395 0.0247899 0.00912083 -0.135025 0.042011 -0.250231 -0.323492 
23.6976 0.0217835 0.0253911 0.0126835 -0.13464 0.0455416 -0.246547 -0.280586 
25 0.0168919 0.0217315 0.0195384 -0.109687 0.0416414 -0.217107 -0.226446 
26.3024 0.00889158 0.0139333 0.0295458 -0.0637216 0.0305382 -0.157516 -0.179505 
27.3062 0.00292738 0.00693029 0.0398674 -0.0257861 0.021383 -0.0903805 -0.152137 
27.7778 0.000987957 0.00400833 0.0456149 -0.0113926 0.0184286 -0.0525054 -0.142832 
27.7778 0.00103924 0.00209804 0.00491393 -0.00345694 0.00479856 -0.0525054 -0.142832 
28.2494 0.00101448 0.00199831 0.00466435 -0.00333334 0.00463467 -0.0518762 -0.137244 
29.2532 0.000947502 0.00178947 0.0041539 -0.00304844 0.00426205 -0.0501344 -0.125808 
30.5556 0.000839195 0.00153006 0.00354753 -0.00265284 0.00375632 -0.0471821 -0.111924 
31.8579 0.000715934 0.00128778 0.00301705 -0.00224793 0.00325383 -0.0435795 -0.0991347 
32.8617 0.000615713 0.00111401 0.00266431 -0.00193892 0.00288218 -0.0404142 -0.0900317 
33.3333 0.000568001 0.00103635 0.00251584 -0.0017962 0.00271447 -0.0388168 -0.0859832 
33.3333 0.000596733 0.000971505 0.00226869 -0.00183137 0.00252548 -0.0388168 -0.0859832 
33.8049 0.000564979 0.000910034 0.00211935 -0.00172468 0.00238093 -0.0377699 -0.0822886 
34.8088 0.000497994 0.000788456 0.00182886 -0.00150718 0.00208945 -0.0354603 -0.0748216 
36.1111 0.000414036 0.00064864 0.00150583 -0.00124648 0.00174671 -0.0323332 -0.0659168 
37.4135 0.000335071 0.000527345 0.0012398 -0.00101107 0.00144518 -0.029087 -0.0578628 
38.4173 0.000278273 0.000445138 0.00107046 -0.00084654 0.00124031 -0.0265073 -0.0522142 
38.8889 0.000252901 0.000409584 0.00100086 -0.000774126 0.00115204 -0.02527 -0.0497243 
38.8889 0.000265376 0.000385464 0.000904902 -0.000789799 0.00108105 -0.02527 -0.0497243 
39.3605 0.000247153 0.000357103 0.000837051 -0.000733624 0.00100526 -0.0243869 -0.0474587 
40.3643 0.000210937 0.000302533 0.000708221 -0.000623815 0.00085831 -0.0225294 -0.0429179 
41.6667 0.000169022 0.000242227 0.000569687 -0.000499662 0.000694667 -0.0201672 -0.0375694 
42.969 0.000132467 0.000192024 0.000459248 -0.000393845 0.000558161 -0.0178537 -0.0327947 
43.9728 0.000107639 0.000159137 0.000390645 -0.000323195 0.000469189 -0.0160938 -0.0294823 
44.4445 9.69078e-05 0.000145205 0.000362826 -0.00029293 0.000431776 -0.0152705 -0.028032 
44.4445 0.000101572 0.000137068 0.00032886 -0.000298941 0.000407247 -0.0152705 -0.028032 
44.9161 9.36242e-05 0.000125915 0.000302237 -0.000275083 0.000375222 -0.0146609 -0.0267151 
45.9199 7.82991e-05 0.000104836 0.000252383 -0.000229543 0.000314447 -0.0134074 -0.0240928 
47.2222 6.13245e-05 8.21646e-05 0.000199794 -0.000179841 0.000248838 -0.0118654 -0.0210337 
48.5246 4.71833e-05 6.38478e-05 0.000158619 -0.000139059 0.00019585 -0.0104078 -0.0183308 
49.5284 3.79351e-05 5.21608e-05 0.000133354 -0.0001127 0.000162218 -0.00933227 -0.0164719 
50 3.40281e-05 4.72931e-05 0.000123166 -0.000101636 0.000148301 -0.00883864 -0.0156621 
50 3.56271e-05 4.47716e-05 0.000111901 -0.000103748 0.000140378 -0.00883864 -0.0156621 
50.7878 3.0887e-05 3.84525e-05 9.62447e-05 -8.95238e-05 0.000121094 -0.00822969 -0.0144537 
52.6456 2.19225e-05 2.67487e-05 6.71578e-05 -6.2905e-05 8.50319e-05 -0.00693331 -0.011945 
55.5793 1.25652e-05 1.49234e-05 3.76251e-05 -3.55719e-05 4.80445e-05 -0.00524905 -0.00881052 
59.6075 5.70841e-06 6.58132e-06 1.66705e-05 -1.59222e-05 2.14868e-05 -0.00353796 -0.0057682 
64.7567 2.01596e-06 2.25766e-06 5.74513e-06 -5.5419e-06 7.47312e-06 -0.0021025 -0.0033303 
71.0626 5.43291e-07 5.9266e-07 1.51454e-06 -1.47403e-06 1.98647e-06 -0.00109147 -0.00168372 
78.5708 1.09804e-07 1.1713e-07 3.00416e-07 -2.946e-07 3.96823e-07 -0.000490687 -0.000739852 
87.3397 1.63624e-08 1.7139e-08 4.40895e-08 -4.35015e-08 5.8575e-08 -0.000189417 -0.000280286 
97.4429 1.76568e-09 1.82334e-09 4.7015e-09 -4.66099e-09 6.27438e-09 -6.22231e-05 -9.07196e-05 
108.973 1.35171e-10 1.38096e-10 3.56716e-10 -3.54912e-10 4.77674e-10 -1.72162e-05 -2.48206e-05 
122.05 7.15826e-12 7.25673e-12 1.8769e-11 -1.87224e-11 2.51952e-11 -3.96186e-06 -5.66542e-06 
136.826 2.53853e-13 2.55967e-13 6.62636e-13 -6.62173e-13 8.91025e-13 -7.46082e-07 -1.06086e-06 
153.504 5.77192e-15 5.79942e-15 1.50221e-14 -1.50294e-14 2.02225e-14 -1.12501e-07 -1.59367e-07 
172.361 7.92188e-17 7.94208e-17 2.05798e-16 -2.06048e-16 2.77235e-16 -1.31798e-08 -1.86267e-08 
193.788 6.01584e-19 6.0235e-19 1.56115e-18 -1.56373e-18 2.10393e-18 -1.14853e-09 -1.62095e-09 
218.377 2.21345e-21 2.21391e-21 5.74138e-21 -5.75046e-21 7.73734e-21 -6.96674e-11 -9.82803e-11 
247.1 3.16376e-24 3.19542e-24 8.1379e-24 -8.2595e-24 1.1076e-23 -2.63389e-12 -3.67462e-12 
281.817 9.96155e-28 5.46057e-28 4.79963e-27 -1.91589e-27 3.72483e-27 -4.67368e-14 -1.12099e-13 
327.293 2.3819e-29 1.39206e-28 2.70549e-28 -1.49582e-28 2.25893e-28 -7.22699e-15 4.00734e-14 
