0 1.6651e-28 6.65278e-30 2.52033e-28 -6.72459e-29 3.2703e-28 -1.75666e-15 1.04776e-15 
0.2358 7.88987e-30 9.09338e-30 3.40035e-30 1.71136e-29 1.37509e-29 -3.82386e-16 9.82926e-16 
0.73771 2.84321e-30 5.65212e-30 2.41519e-30 -8.09942e-30 9.36331e-30 2.29547e-16 4.43109e-16 
1.38889 7.12562e-31 2.7888e-30 7.31708e-30 -2.84816e-30 8.46028e-30 1.14915e-16 8.67964e-17 
2.04007 2.16706e-29 2.30755e-32 1.73427e-32 1.42875e-30 2.12047e-29 -6.33728e-16 -2.12922e-16 
2.54198 1.97411e-30 2.02856e-30 1.69861e-29 -4.04319e-30 1.51253e-29 -1.91273e-16 -6.75843e-18 
2.77778 1.81099e-31 1.71712e-29 3.03611e-31 -3.56289e-30 1.94564e-29 5.79328e-17 -6.16312e-17 
2.77778 1.81099e-31 6.52066e-32 1.47551e-29 2.19557e-31 9.70641e-30 5.79328e-17 -6.16312e-17 
3.01358 2.79735e-30 8.01034e-31 1.34944e-31 3.02442e-30 3.74853e-30 2.27688e-16 -8.84281e-18 
3.51549 1.39091e-30 1.65754e-32 2.44017e-31 -3.06779e-31 1.51502e-30 1.60552e-16 7.59429e-17 
4.16667 6.45739e-30 6.43871e-31 1.58072e-30 -4.11976e-30 8.09006e-30 3.45935e-16 -7.64692e-17 
4.81785 4.15527e-30 6.12953e-31 8.57567e-31 3.22446e-30 5.30478e-30 2.77502e-16 -8.20592e-17 
5.31976 1.24041e-30 1.58183e-30 4.90488e-30 -2.83013e-30 6.13531e-30 1.51618e-16 -2.68232e-17 
5.55556 2.5564e-29 3.21189e-29 1.17128e-28 -5.78947e-29 1.35812e-28 6.88306e-16 -2.7558e-16 
5.55556 2.70466e-29 1.59592e-29 3.3792e-28 -4.33091e-29 2.62959e-28 6.88306e-16 -2.7558e-16 
5.79136 7.82691e-31 3.0447e-30 4.85321e-30 -3.21798e-30 6.72464e-30 -1.1709e-16 -3.03519e-16 
6.29327 3.96937e-29 2.80191e-30 1.83979e-29 -2.19839e-29 5.46616e-29 8.33846e-16 -1.84852e-16 
6.94444 8.9781e-30 1.56819e-29 1.79425e-30 -2.47348e-29 2.19075e-29 3.96568e-16 -9.40064e-16 
7.59562 1.08391e-29 4.62637e-29 3.04363e-28 -4.66802e-29 2.3792e-28 4.35733e-16 -1.80619e-15 
8.09753 7.12054e-28 8.16681e-28 2.25882e-27 -1.58964e-27 2.96639e-27 3.53168e-15 -4.32076e-15 
8.33333 2.21576e-27 2.28985e-27 5.33388e-27 -4.6955e-27 7.89718e-27 6.22998e-15 -7.1742e-15 
8.33333 2.21576e-27 2.55279e-28 6.42241e-27 -1.56778e-27 6.32296e-27 6.22998e-15 -7.1742e-15 
8.56913 5.71972e-27 7.70049e-27 1.13685e-26 -1.38345e-26 2.08067e-26 1.00095e-14 -1.17278e-14 
9.07104 3.47594e-26 3.27945e-26 9.13255e-26 -7.03807e-26 1.24111e-25 2.46752e-14 -3.15016e-14 
9.72222 5.45671e-25 5.57279e-25 1.29707e-24 -1.14952e-24 1.92132e-24 9.77665e-14 -1.16171e-13 
10.3734 7.36571e-24 7.30568e-24 1.75738e-23 -1.52916e-23 2.56998e-23 3.59197e-13 -4.3294e-13 
10.8753 5.60784e-23 5.62318e-23 1.3415e-22 -1.17059e-22 1.96653e-22 9.91112e-13 -1.18964e-12 
11.1111 1.4476e-22 1.43537e-22 3.42569e-22 -3.00485e-22 5.03353e-22 1.59239e-12 -1.91392e-12 
11.1111 1.52916e-22 9.04293e-24 3.7132e-22 -7.99023e-23 3.82943e-22 1.59239e-12 -1.91392e-12 
11.3469 3.97493e-22 5.26553e-22 8.82806e-22 -9.83024e-22 1.51027e-21 2.56736e-12 -3.03745e-12 
11.8488 2.59434e-21 2.34568e-21 6.44046e-21 -5.30061e-21 9.02922e-21 6.55897e-12 -8.14713e-12 
12.5 3.90039e-20 4.03956e-20 9.3174e-20 -8.52902e-20 1.39683e-19 2.54318e-11 -3.0281e-11 
13.1512 5.34882e-19 5.36875e-19 1.2818e-18 -1.15145e-18 1.89678e-18 9.41784e-11 -1.13588e-10 
13.6531 4.09852e-18 4.17422e-18 9.8604e-18 -8.88749e-18 1.46298e-17 2.60697e-10 -3.13794e-10 
13.8889 1.06138e-17 1.06892e-17 2.53007e-17 -2.28869e-17 3.75913e-17 4.19526e-10 -5.05967e-10 
13.8889 1.06138e-17 9.50388e-19 3.03822e-17 -6.8244e-18 2.99284e-17 4.19526e-10 -5.05967e-10 
14.1247 3.04385e-17 4.15547e-17 6.84936e-17 -7.64187e-17 1.178e-16 7.10451e-10 -8.24091e-10 
14.6266 2.03306e-16 1.86961e-16 4.99489e-16 -4.18918e-16 7.08111e-16 1.83611e-09 -2.26767e-09 
15.2778 3.00047e-15 3.1268e-15 7.1855e-15 -6.58146e-15 1.07728e-14 7.0537e-09 -8.45197e-09 
15.929 4.05833e-14 4.10976e-14 9.77914e-14 -8.77526e-14 1.44562e-13 2.59416e-08 -3.15543e-08 
16.4309 3.0698e-13 3.15736e-13 7.43285e-13 -6.68951e-13 1.10133e-12 7.13473e-08 -8.67567e-08 
16.6667 7.89736e-13 8.04085e-13 1.89643e-12 -1.71226e-12 2.81314e-12 1.14436e-07 -1.3953e-07 
16.6667 8.33e-13 1.31317e-13 2.06159e-12 -7.31872e-13 2.22501e-12 1.14436e-07 -1.3953e-07 
16.9025 2.10903e-12 2.71268e-12 4.76237e-12 -5.29289e-12 8.03248e-12 1.82088e-07 -2.21008e-07 
17.4044 1.38728e-11 1.32741e-11 3.50403e-11 -3.00288e-11 4.9911e-11 4.67007e-07 -5.90368e-07 
18.0556 1.98414e-10 2.1346e-10 4.85122e-10 -4.55404e-10 7.31789e-10 1.76615e-06 -2.17427e-06 
18.7067 2.58818e-09 2.74281e-09 6.39768e-09 -5.89586e-09 9.52689e-09 6.37879e-06 -8.01684e-06 
19.2086 1.87434e-08 2.03199e-08 4.67634e-08 -4.31855e-08 6.97388e-08 1.71659e-05 -2.17622e-05 
19.4444 4.7049e-08 5.08009e-08 1.17e-07 -1.08184e-07 1.74456e-07 2.71967e-05 -3.47327e-05 
19.4444 4.7049e-08 3.5049e-08 1.38482e-07 -8.98598e-08 1.70665e-07 2.71967e-05 -3.47327e-05 
19.6802 1.2055e-07 1.43444e-07 2.88199e-07 -2.9099e-07 4.54482e-07 4.35336e-05 -5.55716e-05 
20.1822 8.08315e-07 8.7754e-07 2.09106e-06 -1.8637e-06 3.04736e-06 0.000112728 -0.000148215 
20.8333 9.6587e-06 1.12107e-05 2.49725e-05 -2.30265e-05 3.71351e-05 0.000389673 -0.000525482 
21.4845 0.000104732 0.000126325 0.00028154 -0.000254528 0.000413073 0.00128316 -0.00181673 
21.9864 0.000611542 0.00078471 0.00170489 -0.00153292 0.00249113 0.00310066 -0.00462577 
22.2222 0.00135195 0.00179079 0.00386506 -0.00344314 0.00561172 0.00461022 -0.00711291 
22.2222 0.00142402 0.00363945 0.0287281 -0.013033 0.0145963 0.00461022 -0.00711291 
22.3794 0.0144566 0.0184264 0.0213973 -0.0934381 0.0420219 0.0146891 -0.0117841 
22.714 0.0462492 0.04941 0.0282549 -0.273671 0.107474 0.0262733 -0.030194 
23.1481 0.0599832 0.0612525 0.0705472 -0.347014 0.130326 0.0299211 -0.061116 
23.5823 0.0490473 0.0494961 0.144195 -0.282074 0.0986206 0.0270565 -0.0917061 
23.9169 0.0332723 0.0334077 0.210365 -0.190869 0.0582551 0.0222846 -0.111891 
24.0741 0.025581 0.0257341 0.240783 -0.146887 0.0391699 0.0195399 -0.119883 
24.0741 0.025581 0.0256781 0.240529 -0.146727 0.0390239 0.0195399 -0.119883 
24.2313 0.0183257 0.018382 0.268265 -0.105074 0.0209582 0.0165384 -0.126773 
24.5659 0.00608657 0.00609984 0.314244 -0.0348832 -0.00936198 0.00953125 -0.137404 
25 4.01261e-06 4.01532e-06 0.336864 -2.29797e-05 -0.0243778 -0.000244724 -0.142329 
25.4341 0.00670206 0.00671634 0.311938 -0.0384097 -0.00784845 -0.0100016 -0.136895 
25.7687 0.01929 0.0193488 0.26461 -0.110602 0.0233345 -0.0169679 -0.125898 
25.9259 0.0266458 0.0267468 0.23645 -0.152834 0.0416528 -0.0199424 -0.118849 
25.9259 0.0266458 0.0268051 0.236707 -0.153001 0.0418022 -0.0199424 -0.118849 
26.0831 0.0343872 0.0345275 0.206019 -0.197266 0.0610145 -0.0226549 -0.11071 
26.4177 0.0500823 0.0505445 0.13983 -0.288038 0.101215 -0.0273404 -0.0902563 
26.8519 0.0604841 0.0617833 0.0671336 -0.349966 0.131676 -0.0300458 -0.0594416 
27.286 0.0458057 0.0490127 0.0262577 -0.271259 0.10657 -0.0261471 -0.0284978 
27.6206 0.013572 0.0175044 0.0201858 -0.0882401 0.0398773 -0.0142327 -0.0102917 
27.7778 0.00102998 0.00303789 0.0278598 -0.0101268 0.0133308 -0.00392083 -0.00581996 
27.7778 0.00108345 0.0014055 0.00301968 -0.00288899 0.00451669 -0.00392083 -0.00581996 
28.0136 0.000473904 0.000599635 0.00129546 -0.001248 0.00194704 -0.0025931 -0.00373958 
28.5155 7.63341e-05 9.13377e-05 0.000202309 -0.000195484 0.000304697 -0.00104072 -0.00143466 
29.1667 6.60983e-06 7.67723e-06 1.69135e-05 -1.66772e-05 2.58212e-05 -0.000306245 -0.00040348 
29.8178 5.18281e-07 5.56631e-07 1.33447e-06 -1.25745e-06 1.98134e-06 -8.57544e-05 -0.000110892 
30.3198 7.53904e-08 9.33221e-08 1.77505e-07 -1.9637e-07 2.92186e-07 -3.27064e-05 -4.08051e-05 
30.5556 2.8512e-08 1.70724e-08 8.5549e-08 -5.1652e-08 1.01775e-07 -2.01135e-05 -2.52422e-05 
30.5556 2.8512e-08 3.08499e-08 7.04455e-08 -6.94331e-08 1.07559e-07 -2.01135e-05 -2.52422e-05 
30.7914 1.11549e-08 1.21328e-08 2.76823e-08 -2.72357e-08 4.22568e-08 -1.25808e-05 -1.56765e-05 
31.2933 1.48204e-09 1.5747e-09 3.64323e-09 -3.57648e-09 5.55218e-09 -4.58569e-06 -5.66824e-06 
31.9444 1.08602e-10 1.17634e-10 2.63275e-10 -2.64613e-10 4.07695e-10 -1.24135e-06 -1.49863e-06 
32.5956 7.23308e-12 6.92249e-12 1.77939e-11 -1.6566e-11 2.62511e-11 -3.20358e-07 -3.92587e-07 
33.0975 1.03401e-12 1.49733e-12 2.3476e-12 -2.91305e-12 4.22536e-12 -1.21126e-07 -1.37071e-07 
33.3333 3.22459e-13 3.41238e-14 1.11079e-12 -2.45579e-13 1.06776e-12 -6.76412e-08 -8.12949e-08 
33.3333 3.38771e-13 3.53561e-13 8.15236e-13 -8.32434e-13 1.26289e-12 -6.76412e-08 -8.12949e-08 
33.5691 1.28617e-13 1.35583e-13 3.12135e-13 -3.17626e-13 4.82899e-13 -4.1678e-08 -4.98807e-08 
34.071 1.61079e-14 1.66475e-14 3.88315e-14 -3.93875e-14 5.99303e-14 -1.47495e-08 -1.76207e-08 
34.7222 1.10955e-15 1.18295e-15 2.65245e-15 -2.75562e-15 4.1604e-15 -3.87107e-09 -4.53416e-09 
35.3734 6.85969e-17 6.2641e-17 1.68881e-16 -1.57669e-16 2.47796e-16 -9.62522e-10 -1.16741e-09 
35.8753 9.95654e-18 1.47584e-17 2.1995e-17 -2.91567e-17 4.09992e-17 -3.66701e-10 -4.10918e-10 
36.1111 3.27836e-18 3.16031e-20 9.79877e-18 -7.74209e-19 9.61005e-18 -2.1042e-10 -2.47582e-10 
36.1111 3.27836e-18 3.34835e-18 7.7806e-18 -7.96908e-18 1.20827e-17 -2.1042e-10 -2.47582e-10 
36.3469 1.22873e-18 1.27034e-18 2.94633e-18 -3.00505e-18 4.56713e-18 -1.28821e-10 -1.51141e-10 
36.8488 1.50075e-19 1.52388e-19 3.5784e-19 -3.63743e-19 5.53258e-19 -4.50207e-11 -5.28818e-11 
37.5 1.00846e-20 1.06283e-20 2.38673e-20 -2.49015e-20 3.7551e-20 -1.16705e-11 -1.34515e-11 
38.1512 6.07277e-22 5.43643e-22 1.47037e-21 -1.38202e-21 2.16736e-21 -2.86386e-12 -3.4165e-12 
38.6531 8.66053e-23 1.35433e-22 1.91302e-22 -2.60494e-22 3.65422e-22 -1.08151e-12 -1.16744e-12 
38.8889 2.54398e-23 1.70011e-28 8.76343e-23 1.58183e-25 8.20443e-23 -5.86158e-13 -6.83273e-13 
38.8889 2.66946e-23 2.71982e-23 6.32075e-23 -6.65389e-23 9.90026e-23 -5.86158e-13 -6.83273e-13 
39.1247 9.9097e-24 1.02382e-23 2.37171e-23 -2.48734e-23 3.7089e-23 -3.57136e-13 -4.1543e-13 
39.6266 1.18969e-24 1.20801e-24 2.82437e-24 -2.96037e-24 4.41277e-24 -1.23743e-13 -1.44054e-13 
40.2778 7.83719e-26 8.17808e-26 1.84393e-25 -1.97697e-25 2.92504e-25 -3.17602e-14 -3.61927e-14 
40.929 4.76492e-27 3.99963e-27 1.1223e-26 -1.07803e-26 1.66212e-26 -7.83124e-15 -9.3233e-15 
41.4309 7.10914e-28 1.16427e-27 1.582e-27 -2.24661e-27 3.09334e-27 -3.0249e-15 -3.15341e-15 
41.6667 1.70889e-28 8.40766e-30 8.33518e-28 9.36027e-29 7.26036e-28 -1.48306e-15 -1.82744e-15 
41.6667 1.70889e-28 1.37872e-28 3.53028e-28 -3.79043e-28 5.55234e-28 -1.48306e-15 -1.82744e-15 
41.9025 7.07972e-29 7.88242e-29 1.77706e-28 -1.84472e-28 2.76397e-28 -9.54577e-16 -1.15343e-15 
42.4044 5.93782e-30 8.35642e-30 1.9575e-29 -1.73947e-29 2.81121e-29 -2.7645e-16 -3.7624e-16 
43.0556 1.69418e-30 7.695e-31 4.33571e-31 -2.81954e-30 2.89148e-30 -1.47667e-16 -1.21883e-16 
43.7067 2.50851e-30 7.13065e-32 1.98454e-32 -1.0444e-30 2.77732e-30 -1.79685e-16 1.40906e-17 
44.2087 1.61001e-30 3.88097e-31 1.14856e-30 1.95199e-30 2.9247e-30 -1.43952e-16 -4.0698e-17 
44.4445 1.3765e-33 2.13498e-30 8.99798e-30 -1.33869e-31 8.4572e-30 -4.20912e-18 -3.09025e-17 
44.4445 1.44275e-33 7.86718e-31 1.35532e-30 -8.53564e-32 1.81459e-30 -4.20912e-18 -3.09025e-17 
44.9161 6.13548e-32 6.39586e-32 3.88622e-32 -1.5871e-31 1.65722e-31 2.74486e-17 -9.62182e-18 
45.9199 6.94912e-32 1.29082e-32 2.99941e-31 -7.58802e-32 2.71478e-31 -2.92119e-17 -5.3978e-17 
47.2222 9.00607e-31 7.47052e-34 6.9592e-33 -6.57163e-32 9.76754e-31 1.05163e-16 1.50275e-18 
48.5246 1.24376e-31 1.91238e-32 2.78802e-32 1.23562e-31 1.68909e-31 3.90808e-17 -3.03143e-17 
49.5284 5.57356e-30 2.19091e-32 8.67714e-31 8.85337e-31 6.58575e-30 2.61614e-16 6.8787e-17 
50 2.30193e-29 3.94348e-30 3.33025e-30 -2.41388e-29 3.16232e-29 5.31669e-16 -2.04076e-17 
50 2.4101e-29 2.6485e-29 1.73275e-29 -6.56305e-29 6.8668e-29 5.31669e-16 -2.04076e-17 
50.0825 6.85157e-30 5.81261e-32 8.6609e-29 1.63934e-30 6.56984e-29 2.83478e-16 -6.41811e-17 
50.2771 2.39008e-31 6.93042e-31 6.09164e-30 1.05724e-30 5.16081e-30 5.29456e-17 2.27452e-18 
50.5845 8.92821e-30 7.35755e-31 7.4902e-32 -6.6579e-30 1.06005e-29 3.23598e-16 -3.81619e-17 
51.0064 9.97466e-31 1.50897e-30 6.77229e-30 -3.18697e-30 7.39246e-30 -1.08162e-16 8.81649e-20 
51.5458 2.22129e-30 8.96526e-32 4.77078e-32 1.15924e-30 2.50242e-30 -1.61409e-16 8.54502e-17 
52.2064 5.62349e-31 5.14928e-32 1.42777e-32 4.42043e-31 6.80651e-31 -8.12133e-17 2.88312e-18 
52.9929 4.59067e-32 1.01452e-32 1.56284e-31 -5.60606e-32 1.65875e-31 2.3204e-17 -1.14818e-17 
53.9115 7.14894e-32 8.05582e-32 9.52152e-32 -1.97135e-31 2.35435e-31 -2.89564e-17 -2.2936e-18 
54.9698 2.83213e-33 4.42798e-33 1.28744e-32 9.19915e-33 -4.04865e-33 -5.76342e-18 5.63584e-17 
56.1777 1.17543e-34 2.54275e-33 4.81614e-32 1.42017e-33 3.54347e-32 -1.17415e-18 1.87975e-18 
57.5475 6.86475e-32 1.81734e-33 1.36441e-34 2.90147e-32 7.49148e-32 -2.8375e-17 1.6975e-17 
59.0953 4.40298e-36 5.36793e-34 3.16779e-32 -1.26289e-34 1.6109e-32 2.27247e-19 -2.96955e-17 
60.8424 1.38341e-34 7.021e-33 7.4117e-33 2.56014e-33 1.10542e-32 1.2738e-18 1.84801e-17 
62.8177 4.23017e-34 3.58501e-33 1.58516e-33 3.19899e-33 5.67059e-33 -2.22743e-18 -2.05806e-18 
65.0623 1.90903e-32 1.44149e-33 2.3979e-33 -1.3627e-32 2.318e-32 -1.49634e-17 1.14047e-17 
67.638 7.99839e-34 1.82669e-33 2.51806e-33 -3.13994e-33 4.3079e-33 3.06285e-18 -7.59583e-18 
70.6469 1.06723e-33 1.18759e-33 4.54964e-34 2.92449e-33 2.73745e-33 3.53797e-18 4.09827e-18 
74.2836 2.97016e-34 6.78813e-34 2.87911e-34 1.16642e-33 1.19322e-33 -1.86644e-18 -4.14614e-18 
79.0474 4.66541e-35 3.80397e-34 1.25522e-34 -3.4606e-34 5.23216e-34 -7.39722e-19 2.88029e-18 
