0 0.0389962 0.00433189 3.14221e-15 -0.0262599 0.013193 -0.367322 0.513469 
0.4716 0.0317461 0.00293417 0.0003726 -0.0194998 0.00527675 -0.331422 0.521572 
1.47542 0.0201387 0.00106521 0.00304116 -0.00935786 -0.00562524 -0.263968 0.533967 
2.77778 0.0107084 0.000110595 0.00855667 -0.00219874 -0.0115146 -0.192486 0.541839 
4.08014 0.00537673 3.67497e-05 0.0147449 0.00089811 -0.0119973 -0.136394 0.542513 
5.08396 0.00301295 0.000244721 0.0193451 0.0017349 -0.0104193 -0.102101 0.539327 
5.55556 0.00225699 0.000372472 0.0213787 0.00185249 -0.00935798 -0.0883692 0.536958 
5.55556 0.00238789 0.00028289 0.0189825 0.0017133 -0.0107582 -0.0883692 0.536958 
6.02716 0.00166685 0.000421311 0.0208309 0.00174689 -0.00977687 -0.0738315 0.534497 
7.03098 0.000674813 0.000725611 0.0242846 0.00145868 -0.00740514 -0.0469771 0.52781 
8.33333 0.000113334 0.00106973 0.0277337 0.000725827 -0.0042563 -0.0192519 0.516901 
9.63569 1.16362e-06 0.00130844 0.0300508 -8.13391e-05 -0.00145689 0.00195074 0.504333 
10.6395 6.63961e-05 0.00141435 0.0311366 -0.000638802 0.000325545 0.0147355 0.493985 
11.1111 0.000120547 0.00144241 0.0314577 -0.000869241 0.00103899 0.0198551 0.489013 
11.1111 0.000127339 0.00130727 0.0280284 -0.000876681 -0.00120669 0.0198551 0.489013 
11.5827 0.000235813 0.00137079 0.0281441 -0.00122165 -0.000566829 0.0270194 0.484329 
12.5865 0.000546742 0.00148262 0.0278914 -0.00193457 0.000527182 0.0411418 0.474035 
13.8889 0.00108873 0.00160152 0.0266331 -0.00283729 0.00144521 0.0580566 0.460155 
15.1912 0.00179841 0.00172616 0.0244394 -0.00378584 0.00191175 0.0746168 0.445752 
16.1951 0.00249925 0.00185328 0.0221857 -0.00462438 0.0020782 0.0879623 0.434241 
16.6667 0.00289054 0.00192957 0.0209759 -0.00507455 0.00213345 0.0945978 0.428678 
16.6667 0.00304889 0.00184837 0.0187503 -0.00525313 0.000870884 0.0945978 0.428678 
17.1383 0.00365137 0.00198528 0.0174109 -0.00595788 0.00108513 0.103523 0.423227 
18.1421 0.00525232 0.00236265 0.0142432 -0.0077952 0.00174501 0.124161 0.410898 
19.4444 0.00822724 0.00311172 0.00970921 -0.0111964 0.00349372 0.155395 0.393012 
20.7468 0.0127514 0.00433687 0.00517198 -0.0164558 0.0072711 0.193459 0.372182 
21.7506 0.0178384 0.00579879 0.00218467 -0.022506 0.0126184 0.228817 0.353408 
22.2222 0.0208848 0.00670609 0.00110987 -0.026188 0.0162094 0.247586 0.34357 
22.2222 0.0219981 0.0244056 0.0083075 -0.13265 0.0397511 0.247586 0.34357 
22.6938 0.022486 0.0254966 0.00969771 -0.137078 0.0430054 0.250316 0.324378 
23.6976 0.021606 0.0258337 0.0135859 -0.135254 0.046081 0.245369 0.282792 
25 0.0165955 0.0219539 0.0209164 -0.109275 0.0419194 0.215044 0.23056 
26.3024 0.00870107 0.0141243 0.0314524 -0.0634659 0.031021 0.155711 0.185328 
27.3062 0.00288292 0.00715645 0.0422116 -0.0260037 0.0221792 0.0896291 0.158827 
27.7778 0.000989077 0.0042322 0.0481721 -0.011713 0.0193366 0.0524986 0.149722 
27.7778 0.00104042 0.00225153 0.00518941 -0.00358318 0.00498098 0.0524986 0.149722 
28.2494 0.00102432 0.0021558 0.00495444 -0.00347896 0.00484511 0.0520909 0.144166 
29.2532 0.00097292 0.00195177 0.00446595 -0.00322611 0.00452003 0.0507671 0.13275 
30.5556 0.000879023 0.00169215 0.00387262 -0.00285526 0.00405389 0.0482551 0.118805 
31.8579 0.000764039 0.00144392 0.0033421 -0.00245898 0.00357015 0.0449885 0.10587 
32.8617 0.000666507 0.00126258 0.00298308 -0.00214762 0.00320156 0.042019 0.0966066 
33.3333 0.000619084 0.00118066 0.00283034 -0.00200153 0.00303249 0.0404966 0.0924703 
33.3333 0.000650401 0.00110585 0.00255229 -0.00203987 0.00281655 0.0404966 0.0924703 
33.8049 0.000619545 0.00104091 0.00239691 -0.00193155 0.00267039 0.0395243 0.0886876 
34.8088 0.00055297 0.000911074 0.0020916 -0.00170723 0.00237125 0.0373403 0.0810141 
36.1111 0.000466994 0.000759362 0.00174696 -0.00143233 0.00201204 0.0343149 0.0718099 
37.4135 0.000383817 0.000625484 0.00145849 -0.00117851 0.00168917 0.0311093 0.0634306 
38.4173 0.000322692 0.000533445 0.00127226 -0.000997937 0.00146594 0.0285247 0.0575194 
38.8889 0.000295047 0.00049329 0.00119502 -0.000917617 0.00136873 0.0272755 0.0549036 
38.8889 0.000309601 0.00046395 0.00108045 -0.000935903 0.00128293 0.0272755 0.0549036 
39.3605 0.00028987 0.000431829 0.00100455 -0.000873678 0.00119916 0.0263921 0.0525185 
40.3643 0.00025015 0.000369472 0.000859188 -0.000750731 0.00103507 0.0245173 0.0477209 
41.6667 0.000203304 0.000299615 0.000700821 -0.000609465 0.000849502 0.0221027 0.0420379 
42.969 0.000161638 0.000240584 0.000572709 -0.000486966 0.000692088 0.019708 0.0369322 
43.9728 0.000132877 0.000201415 0.000492084 -0.000403985 0.000588008 0.0178689 0.0333698 
44.4445 0.000120323 0.000184691 0.000459109 -0.000368122 0.000543847 0.0170038 0.031804 
44.4445 0.000126114 0.000174257 0.000416129 -0.000375584 0.000512515 0.0170038 0.031804 
44.9161 0.000116835 0.000160824 0.000384355 -0.000347291 0.000474568 0.0163664 0.0303792 
45.9199 9.87624e-05 0.000135229 0.000324375 -0.000292794 0.00040192 0.0150474 0.0275317 
47.2222 7.8436e-05 0.000107351 0.000260305 -0.000232483 0.000322421 0.0134098 0.0241912 
48.5246 6.12196e-05 8.451e-05 0.00020942 -0.000182234 0.000257239 0.011847 0.0212206 
49.5284 4.98007e-05 6.97588e-05 0.000177792 -0.00014933 0.00021532 0.0106852 0.0191656 
50 4.49345e-05 6.35683e-05 0.000164931 -0.000135407 0.000197827 0.0101497 0.0182669 
50 4.70459e-05 6.01574e-05 0.000149845 -0.000138195 0.000187142 0.0101497 0.0182669 
50.822 4.08957e-05 5.17534e-05 0.000129116 -0.000119508 0.000161776 0.00946307 0.0168654 
52.7607 2.91895e-05 3.61295e-05 9.04439e-05 -8.43592e-05 0.000114109 0.00799478 0.0139519 
55.822 1.68518e-05 2.02512e-05 5.09282e-05 -4.79885e-05 6.48507e-05 0.00607459 0.0103043 
60.0253 7.71346e-06 8.97492e-06 2.26851e-05 -2.16136e-05 2.91806e-05 0.00410977 0.00675545 
65.3985 2.74248e-06 3.09246e-06 7.85568e-06 -7.56505e-06 1.0205e-05 0.00245056 0.00390502 
71.9785 7.43046e-07 8.1462e-07 2.07876e-06 -2.02103e-06 2.72446e-06 0.00127556 0.00197599 
79.8133 1.50729e-07 1.61354e-07 4.1335e-07 -4.05112e-07 5.45826e-07 0.000574501 0.000868632 
88.9635 2.25042e-08 2.36298e-08 6.07265e-08 -5.99032e-08 8.06789e-08 0.000221986 0.000329032 
99.5061 2.42907e-09 2.5125e-09 6.473e-09 -6.41744e-09 8.6407e-09 7.29312e-05 0.000106424 
111.538 1.85712e-10 1.89935e-10 4.90254e-10 -4.87878e-10 6.56769e-10 2.01657e-05 2.90813e-05 
125.183 9.80775e-12 9.94941e-12 2.57161e-11 -2.56609e-11 3.45393e-11 4.63424e-06 6.62611e-06 
140.602 3.46393e-13 3.49422e-13 9.03999e-13 -9.03749e-13 1.21633e-12 8.70919e-07 1.23787e-06 
158.005 7.83406e-15 7.87325e-15 2.03818e-14 -2.04013e-14 2.74559e-14 1.30974e-07 1.85428e-07 
177.682 1.06818e-16 1.07104e-16 2.77373e-16 -2.77851e-16 3.73915e-16 1.52938e-08 2.15992e-08 
200.041 8.04848e-19 8.05925e-19 2.08759e-18 -2.09215e-18 2.81543e-18 1.32755e-09 1.87216e-09 
225.699 2.93418e-21 2.93483e-21 7.6069e-21 -7.62295e-21 1.02588e-20 8.01561e-11 1.12987e-10 
255.671 4.14842e-24 4.1917e-24 1.06625e-23 -1.08324e-23 1.45272e-23 3.01394e-12 4.20006e-12 
291.898 1.28031e-27 6.80584e-28 6.30465e-27 -2.42486e-27 4.80993e-27 5.29481e-14 1.2908e-13 
339.352 3.30222e-29 1.93966e-28 3.77277e-28 -2.079e-28 3.15264e-28 8.50347e-15 -4.7255e-14 
