0 0.0385626 0.00428373 1.92951e-15 -0.025968 0.0129651 -0.36496 0.511466 
0.4716 0.031646 0.00294838 0.000340161 -0.0195162 0.00539974 -0.330614 0.519214 
1.47542 0.0204429 0.00112629 0.0027953 -0.00969484 -0.00522507 -0.265726 0.531241 
2.77778 0.0111569 0.000144344 0.00793003 -0.00256398 -0.0112835 -0.196306 0.539229 
4.08014 0.00576747 1.92734e-05 0.0137673 0.000673621 -0.0121489 -0.141142 0.540453 
5.08396 0.00331139 0.000197485 0.0181546 0.00163386 -0.0108727 -0.106947 0.537854 
5.55556 0.00250963 0.000316887 0.0201065 0.00180177 -0.00993919 -0.0931037 0.535785 
5.55556 0.00265518 0.000235105 0.0178528 0.001647 -0.0112258 -0.0931037 0.535785 
6.02716 0.00188867 0.000365742 0.0196379 0.00173254 -0.0103593 -0.0785233 0.53361 
7.03098 0.000807243 0.00066564 0.0230029 0.00152805 -0.00818297 -0.0513361 0.527546 
8.33333 0.000159049 0.00102697 0.0264123 0.000842481 -0.00518316 -0.0227869 0.517412 
9.63569 5.76252e-08 0.00130304 0.028744 1.80635e-05 -0.00242804 -0.000433737 0.505502 
10.6395 5.49943e-05 0.00144679 0.0298582 -0.000588001 -0.000624474 0.0133992 0.495542 
11.1111 0.000111144 0.00149432 0.0301938 -0.000849533 0.00011143 0.0190486 0.490709 
11.1111 0.000117406 0.00135301 0.0269023 -0.000856393 -0.00205668 0.0190486 0.490709 
11.5827 0.000229049 0.00143384 0.0270369 -0.00123138 -0.00138973 0.0266062 0.486133 
12.5865 0.000559862 0.001585 0.0268362 -0.0020241 -0.000209381 0.0415967 0.47599 
13.8889 0.00115093 0.00175769 0.0256623 -0.00305614 0.000868528 0.0596406 0.462149 
15.1912 0.00193088 0.00193738 0.0235672 -0.00415588 0.00153806 0.0772495 0.44761 
16.1951 0.00269669 0.00210753 0.0214001 -0.00512248 0.00188562 0.0912922 0.435887 
16.6667 0.00312075 0.00220425 0.0202349 -0.00563557 0.00203249 0.0982082 0.430197 
16.6667 0.00329171 0.0021075 0.0180879 -0.00582837 0.000818476 0.0982082 0.430197 
17.1383 0.00392664 0.00226492 0.0167963 -0.00659916 0.00112691 0.107262 0.424619 
18.1421 0.00559313 0.00268681 0.0137512 -0.00857824 0.00199897 0.128016 0.412011 
19.4444 0.00862561 0.00349201 0.00941216 -0.0121446 0.00401719 0.158976 0.393793 
20.7468 0.0131259 0.00475955 0.00508355 -0.0174904 0.00797595 0.196111 0.372768 
21.7506 0.0180797 0.00622745 0.00222264 -0.0234803 0.0132981 0.230161 0.354028 
22.2222 0.0210076 0.00712245 0.00117817 -0.0270679 0.0167877 0.248099 0.344288 
22.2222 0.0221275 0.0252253 0.00881873 -0.135255 0.0409201 0.248099 0.344288 
22.6938 0.0224937 0.0261875 0.0103537 -0.138947 0.043939 0.250144 0.325627 
23.6976 0.0213994 0.026267 0.0145796 -0.13573 0.0465837 0.243983 0.285361 
25 0.0162867 0.0221809 0.0224048 -0.108812 0.0422031 0.212851 0.235001 
26.3024 0.00850693 0.0143272 0.0334893 -0.063203 0.0315363 0.153832 0.191429 
27.3062 0.0028361 0.00739512 0.0446997 -0.0262183 0.023016 0.0888219 0.165772 
27.7778 0.000988524 0.00446895 0.0508787 -0.0120328 0.0202888 0.0524388 0.156864 
27.7778 0.00103984 0.00241635 0.00548097 -0.00371098 0.00516789 0.0524388 0.156864 
28.2494 0.00103224 0.002325 0.00526146 -0.00362684 0.00506111 0.0522469 0.151344 
29.2532 0.000996542 0.00212668 0.00479727 -0.0034082 0.00478679 0.0513354 0.139957 
30.5556 0.000917845 0.00186806 0.00422052 -0.00306554 0.00436547 0.0492668 0.125966 
31.8579 0.000812299 0.00161491 0.00369339 -0.00268138 0.0039059 0.0463476 0.112905 
32.8617 0.000718417 0.0014266 0.00333042 -0.00237009 0.00354424 0.0435871 0.103496 
33.3333 0.000671722 0.00134062 0.00317436 -0.00222164 0.00337546 0.0421468 0.0992792 
33.3333 0.000705701 0.00125462 0.00286252 -0.00226324 0.00312951 0.0421468 0.0992792 
33.8049 0.000676174 0.00118638 0.00270188 -0.0021543 0.00298325 0.0412556 0.095415 
34.8088 0.000610846 0.00104853 0.00238312 -0.00192496 0.00267925 0.0392121 0.087548 
36.1111 0.000523729 0.000884903 0.00201794 -0.00163744 0.00230621 0.0363084 0.0780595 
37.4135 0.000436936 0.00073808 0.0017074 -0.00136592 0.00196355 0.0331637 0.0693674 
38.4173 0.000371742 0.000635729 0.00150417 -0.00116929 0.00172244 0.0305897 0.063201 
38.8889 0.000341887 0.000590695 0.00141913 -0.0010809 0.00161634 0.0293356 0.0604621 
38.8889 0.000358751 0.000555208 0.00128308 -0.00110209 0.00151321 0.0293356 0.0604621 
39.3605 0.000337611 0.000519094 0.00119882 -0.00103377 0.00142147 0.0284581 0.0579598 
40.3643 0.000294491 0.000448376 0.00103612 -0.000897328 0.00123994 0.0265788 0.0529089 
41.6667 0.000242658 0.000368091 0.00085659 -0.000738021 0.00103148 0.0241266 0.0468933 
42.969 0.000195636 0.000299253 0.000709268 -0.0005975 0.000851692 0.0216632 0.0414554 
43.9728 0.000162653 0.000253005 0.00061537 -0.000500945 0.000731131 0.0197529 0.03764 
44.4445 0.000148117 0.000233105 0.000576648 -0.000458851 0.000679525 0.0188495 0.0359568 
44.4445 0.000155245 0.000219827 0.000522665 -0.000468037 0.000639794 0.0188495 0.0359568 
44.9161 0.000144532 0.000203796 0.000485094 -0.000434821 0.000595291 0.0181875 0.0344221 
45.9199 0.000123455 0.000173006 0.000413611 -0.000370267 0.000509348 0.0168091 0.0313441 
47.2222 9.93866e-05 0.000139056 0.000336315 -0.000297844 0.000414038 0.0150819 0.0277134 
48.5246 7.86641e-05 0.000110858 0.000274067 -0.000236593 0.000334728 0.0134177 0.0244646 
49.5284 6.47276e-05 9.24316e-05 0.000234888 -0.000195968 0.000283061 0.0121713 0.0222042 
50 5.87372e-05 8.46416e-05 0.000218823 -0.00017864 0.000261324 0.0115944 0.021212 
50 6.14973e-05 8.00703e-05 0.000198808 -0.000182285 0.000247043 0.0115944 0.021212 
50.8578 5.36146e-05 6.90119e-05 0.000171649 -0.000158013 0.000214056 0.0108258 0.0195949 
52.8807 3.85036e-05 4.83678e-05 0.000120751 -0.000112103 0.000151732 0.00917424 0.0162284 
56.0752 2.24065e-05 2.72526e-05 6.83774e-05 -6.41917e-05 8.67906e-05 0.00699852 0.012004 
60.4613 1.03417e-05 1.21455e-05 3.06413e-05 -2.91133e-05 3.9321e-05 0.00475461 0.00788296 
66.0681 3.70511e-06 4.20693e-06 1.06707e-05 -1.02558e-05 1.38389e-05 0.0028459 0.00456399 
72.9343 1.01024e-06 1.11308e-06 2.837e-06 -2.75462e-06 3.71424e-06 0.00148604 0.00231248 
81.1098 2.0591e-07 2.21197e-07 5.6612e-07 -5.54391e-07 7.47097e-07 0.0006709 0.0010175 
90.658 3.08413e-08 3.24617e-08 8.33607e-08 -8.2194e-08 1.10718e-07 0.000259649 0.000385616 
101.659 3.33466e-09 3.45472e-09 8.89499e-09 -8.81699e-09 1.18733e-08 8.53778e-05 0.000124732 
114.214 2.55039e-10 2.61111e-10 6.73622e-10 -6.70354e-10 9.02532e-10 2.36115e-05 3.40706e-05 
128.453 1.34577e-11 1.3661e-11 3.52937e-11 -3.52222e-11 4.74145e-11 5.42382e-06 7.75652e-06 
144.542 4.74401e-13 4.78737e-13 1.23806e-12 -1.23797e-12 1.66634e-12 1.01834e-06 1.44728e-06 
162.702 1.06985e-14 1.07545e-14 2.78302e-14 -2.78641e-14 3.75035e-14 1.52926e-07 2.16449e-07 
183.235 1.45331e-16 1.45738e-16 3.77294e-16 -3.78055e-16 5.08822e-16 1.78238e-08 2.51628e-08 
206.566 1.09003e-18 1.09155e-18 2.82649e-18 -2.83354e-18 3.81356e-18 1.54361e-09 2.17592e-09 
233.34 3.9521e-21 3.95307e-21 1.02427e-20 -1.02676e-20 1.38195e-20 9.29466e-11 1.30955e-10 
264.615 5.55115e-24 5.60974e-24 1.42615e-23 -1.44961e-23 1.94418e-23 3.48346e-12 4.85128e-12 
302.417 1.69647e-27 8.89941e-28 8.43225e-27 -3.19184e-27 6.38782e-27 6.08965e-14 1.49476e-13 
351.935 4.50498e-29 2.65422e-28 5.17796e-28 -2.84055e-28 4.32142e-28 9.92353e-15 -5.5276e-14 
