0 0.0381365 0.00423639 1.17097e-15 -0.025681 0.0126797 0.362629 -0.509871 
0.4716 0.031536 0.00295991 0.000310059 -0.0195203 0.00544824 0.329758 -0.517276 
1.47542 0.0207238 0.00118434 0.00256454 -0.0100096 -0.00490075 0.267317 -0.528927 
2.77778 0.0115875 0.00017995 0.00733294 -0.00291752 -0.0111025 0.199888 -0.536974 
4.08014 0.00615174 7.97209e-06 0.0128218 0.000447434 -0.0123257 0.145643 -0.538665 
5.08396 0.00361005 0.000157846 0.0169904 0.00152516 -0.0113403 0.11157 -0.536583 
5.55556 0.00276454 0.000268973 0.0188561 0.00174225 -0.0105321 0.0976345 -0.534782 
5.55556 0.00292487 0.00019437 0.0167426 0.00157176 -0.0117071 0.0976345 -0.534782 
6.02716 0.00211506 0.000317344 0.0184588 0.00170782 -0.0109538 0.0830255 -0.532862 
7.03098 0.000946586 0.000612286 0.0217208 0.00158699 -0.00897443 0.0555431 -0.527361 
8.33333 0.00021109 0.000989251 0.0250706 0.000952585 -0.00613179 0.0262291 -0.517935 
9.63569 2.39038e-06 0.00130123 0.0274005 0.000116259 -0.00343081 0.00279115 -0.506635 
10.6395 4.44517e-05 0.00148239 0.0285349 -0.00053511 -0.0016118 -0.0120363 -0.497042 
11.1111 0.000101516 0.00154949 0.0288827 -0.000826757 -0.000854995 -0.0181894 -0.492343 
11.1111 0.000107236 0.00140158 0.0257342 -0.000833023 -0.00294286 -0.0181894 -0.492343 
11.5827 0.000221107 0.00149998 0.0258866 -0.00123744 -0.00224975 -0.0261185 -0.487871 
12.5865 0.000569843 0.00169157 0.0257383 -0.0021096 -0.00098338 -0.04193 -0.477887 
13.8889 0.0012077 0.00192052 0.0246547 -0.0032724 0.00025762 -0.0610417 -0.46411 
15.1912 0.00205572 0.00215865 0.0226697 -0.00452638 0.00113657 -0.0796397 -0.449481 
16.1951 0.00288442 0.00237466 0.0206006 -0.00562351 0.00167096 -0.0943358 -0.437596 
16.6667 0.00334001 0.00249312 0.0194856 -0.00620044 0.00191192 -0.101513 -0.431807 
16.6667 0.00352298 0.0023794 0.0174182 -0.00640679 0.000744719 -0.101513 -0.431807 
17.1383 0.00418812 0.00255815 0.0161802 -0.0072431 0.0011484 -0.110682 -0.42613 
18.1421 0.00591413 0.00302566 0.0132679 -0.00936069 0.00223164 -0.131526 -0.413306 
19.4444 0.00899393 0.00388653 0.00913144 -0.013083 0.00451012 -0.162196 -0.394841 
20.7468 0.0134597 0.00519381 0.00501117 -0.0185018 0.00863369 -0.19842 -0.373701 
21.7506 0.0182764 0.00666508 0.00227277 -0.0244231 0.0139197 -0.231213 -0.355045 
22.2222 0.0210873 0.007547 0.00125723 -0.0279158 0.0173069 -0.248357 -0.34542 
22.2222 0.0222114 0.0260247 0.00941053 -0.137642 0.0420138 -0.248357 -0.34542 
22.6938 0.0224575 0.0268577 0.0110956 -0.1406 0.0448013 -0.249729 -0.327296 
23.6976 0.0211595 0.0266866 0.0156726 -0.136041 0.0470408 -0.242405 -0.288346 
25 0.0159618 0.0224085 0.0240122 -0.108273 0.0424848 -0.210538 -0.23982 
26.3024 0.00830659 0.0145393 0.0356649 -0.0629149 0.0320787 -0.15188 -0.197859 
27.3062 0.00278575 0.00764517 0.0473398 -0.0264201 0.0238912 -0.0879547 -0.173022 
27.7778 0.000985678 0.0047182 0.053742 -0.012346 0.0212838 -0.0523186 -0.16431 
27.7778 0.00103684 0.00259293 0.00578943 -0.00383865 0.00535714 -0.0523186 -0.16431 
28.2494 0.00103762 0.00250642 0.00558637 -0.00377547 0.00528078 -0.052338 -0.158827 
29.2532 0.00101775 0.00231489 0.00514909 -0.00359345 0.00506088 -0.0518347 -0.147479 
30.5556 0.000955076 0.00205869 0.00459281 -0.00328277 0.00469018 -0.0502132 -0.133458 
31.8579 0.000860186 0.00180187 0.00407291 -0.00291464 0.00426085 -0.0476536 -0.120287 
32.8617 0.000770987 0.00160733 0.00370865 -0.00260616 0.00391053 -0.0451152 -0.110747 
33.3333 0.0007255 0.00151757 0.0035504 -0.00245651 0.00374397 -0.0437641 -0.106456 
33.3333 0.000762201 0.001419 0.00320161 -0.00250144 0.00346461 -0.0437641 -0.106456 
33.8049 0.000734471 0.00134773 0.00303667 -0.00239306 0.00332002 -0.0429606 -0.102516 
34.8088 0.000671327 0.00120224 0.00270613 -0.00216086 0.00301449 -0.0410724 -0.094468 
36.1111 0.000584094 0.00102684 0.00232194 -0.00186276 0.00263098 -0.0383111 -0.0847096 
37.4135 0.000494436 0.000866847 0.00199009 -0.00157467 0.00227075 -0.0352483 -0.0757166 
38.4173 0.000425548 0.000753783 0.00176999 -0.00136227 0.00201275 -0.0327007 -0.0693021 
38.8889 0.000393595 0.000703621 0.00167711 -0.00126578 0.001898 -0.0314491 -0.066443 
38.8889 0.00041301 0.00066092 0.00151632 -0.00129017 0.00177462 -0.0314491 -0.066443 
39.3605 0.000390611 0.000620609 0.00142351 -0.00121584 0.00167511 -0.0305844 -0.0638256 
40.3643 0.000344297 0.000540996 0.00124283 -0.00106575 0.00147618 -0.028714 -0.0585249 
41.6667 0.000287526 0.000449429 0.00104094 -0.000887693 0.0012442 -0.0262402 -0.0521788 
42.969 0.000234988 0.000369789 0.000872944 -0.000727937 0.00104082 -0.023722 -0.0464078 
43.9728 0.000197537 0.000315629 0.000764537 -0.000616603 0.00090251 -0.0217496 -0.0423368 
44.4445 0.00018087 0.000292149 0.000719469 -0.000567647 0.000842791 -0.0208118 -0.0405344 
44.4445 0.000189575 0.000275368 0.000652115 -0.000578865 0.000792739 -0.0208118 -0.0405344 
44.9161 0.000177342 0.000256402 0.000608081 -0.000540252 0.000741069 -0.0201292 -0.0388877 
45.9199 0.000153029 0.00021969 0.000523656 -0.00046454 0.000640425 -0.0186985 -0.035574 
47.2222 0.000124843 0.000178721 0.000431264 -0.000378443 0.000527333 -0.0168889 -0.0316445 
48.5246 0.000100175 0.000144239 0.00035584 -0.000304545 0.000431843 -0.0151287 -0.0281069 
49.5284 8.3355e-05 0.000121445 0.000307781 -0.000254909 0.000368841 -0.0138002 -0.0256319 
50 7.60633e-05 0.000111739 0.000287916 -0.000233572 0.000342121 -0.0131828 -0.0245415 
50 7.96375e-05 0.000105664 0.000261581 -0.000238292 0.000323189 -0.0131828 -0.0245415 
50.8951 6.96536e-05 9.1257e-05 0.000226347 -0.000207106 0.000280756 -0.0123288 -0.0226843 
53.006 5.03619e-05 6.42392e-05 0.000159983 -0.000147754 0.000200099 -0.0104833 -0.0188117 
56.3394 2.95656e-05 3.64074e-05 9.11628e-05 -8.52269e-05 0.000115281 -0.00803235 -0.0139399 
60.9162 1.37732e-05 1.63295e-05 4.11315e-05 -3.89575e-05 5.26327e-05 -0.00548234 -0.0091728 
66.7669 4.97754e-06 5.69124e-06 1.44181e-05 -1.38261e-05 1.86604e-05 -0.00329577 -0.00532152 
73.9317 1.36739e-06 1.5141e-06 3.85568e-06 -3.73776e-06 5.04059e-06 -0.00172741 -0.00270128 
82.4627 2.80408e-07 3.02272e-07 7.73115e-07 -7.56279e-07 1.01926e-06 -0.000782247 -0.00119044 
92.4261 4.21974e-08 4.45192e-08 1.1427e-07 -1.12591e-07 1.51676e-07 -0.000303453 -0.000451719 
103.906 4.5782e-09 4.75046e-09 1.2227e-08 -1.21144e-08 1.63146e-08 -9.99531e-05 -0.000146248 
117.007 3.50968e-10 3.59686e-10 9.27702e-10 -9.22962e-10 1.24268e-09 -2.76747e-05 -3.99715e-05 
131.864 1.85461e-11 1.88382e-11 4.86601e-11 -4.8555e-11 6.53649e-11 -6.36173e-06 -9.10282e-06 
148.653 6.54222e-13 6.60451e-13 1.70775e-12 -1.70754e-12 2.29847e-12 -1.19484e-06 -1.69862e-06 
167.603 1.47551e-14 1.48355e-14 3.83868e-14 -3.84336e-14 5.17309e-14 -1.79441e-07 -2.54007e-07 
189.029 2.00362e-16 2.00946e-16 5.20168e-16 -5.21236e-16 7.01548e-16 -2.09101e-08 -2.95203e-08 
213.375 1.50163e-18 1.50382e-18 3.89368e-18 -3.90362e-18 5.25387e-18 -1.81022e-09 -2.55159e-09 
241.313 5.43854e-21 5.44004e-21 1.40944e-20 -1.41296e-20 1.90179e-20 -1.08941e-10 -1.53476e-10 
273.948 7.62852e-24 7.70836e-24 1.95984e-23 -1.992e-23 2.67175e-23 -4.08008e-12 -5.68217e-12 
313.395 2.32844e-27 1.22872e-27 1.15312e-26 -4.39388e-27 8.76534e-27 -7.12823e-14 -1.74413e-13 
365.066 6.12624e-29 3.59552e-28 6.99938e-28 -3.85537e-28 5.85588e-28 -1.15623e-14 6.4203e-14 
