0 0.037709 0.0041889 7.12632e-16 -0.0253931 0.0123284 -0.360354 0.50874 
0.4716 0.0314098 0.00296823 0.000282044 -0.0195085 0.00541659 -0.328881 0.515813 
1.47542 0.0209777 0.00123896 0.00234741 -0.0103003 -0.0046562 -0.268773 0.527083 
2.77778 0.0119979 0.000216657 0.00676296 -0.00325748 -0.010976 -0.203263 0.535141 
4.08014 0.00652747 1.84555e-06 0.0119062 0.000221758 -0.0125326 -0.149927 0.537222 
5.08396 0.00390725 0.000124807 0.0158513 0.00141091 -0.0118266 -0.115996 0.535594 
5.55556 0.00302032 0.000227788 0.0176271 0.00167585 -0.011141 -0.101984 0.534029 
5.55556 0.00319548 0.000159794 0.0156514 0.00148958 -0.0122063 -0.101984 0.534029 
6.02716 0.0023447 0.000275262 0.0172938 0.00167469 -0.0115643 -0.0873591 0.532337 
7.03098 0.00109196 0.000564821 0.02044 0.0016371 -0.00978233 -0.0596167 0.527344 
8.33333 0.000269092 0.000956037 0.0237124 0.00105731 -0.00710377 -0.0295948 0.518564 
9.63569 8.10586e-06 0.00130262 0.0260252 0.000214202 -0.00446593 -0.00513646 0.50783 
10.6395 3.47314e-05 0.0015208 0.0271722 -0.000479086 -0.00263697 0.0106323 0.498583 
11.1111 9.15587e-05 0.00160754 0.0275304 -0.000799736 -0.00186087 0.0172629 0.494014 
11.1111 9.67173e-05 0.00145261 0.0245293 -0.000805388 -0.0038662 0.0172629 0.494014 
11.5827 0.000211737 0.00156883 0.0246984 -0.00123841 -0.00314803 0.0255423 0.489646 
12.5865 0.000576009 0.00180181 0.0246027 -0.002189 -0.0017966 0.0421286 0.479824 
13.8889 0.00125755 0.00208925 0.0236148 -0.00348285 -0.000390693 0.0622478 0.466138 
15.1912 0.00217037 0.00238888 0.0217503 -0.00489263 0.000702204 0.0817767 0.451464 
16.1951 0.00305897 0.0026533 0.0197894 -0.00612151 0.00142746 0.0970845 0.439463 
16.6667 0.00354441 0.00279465 0.0187299 -0.00676259 0.00176415 0.104504 0.4336 
16.6667 0.00373858 0.00266253 0.0167427 -0.00698157 0.000641657 0.104504 0.4336 
17.1383 0.00443132 0.00286332 0.0155634 -0.00788232 0.00114089 0.113775 0.42785 
18.1421 0.00621011 0.00337731 0.0127933 -0.0101342 0.00243291 0.134689 0.414867 
19.4444 0.00932636 0.00429326 0.00886621 -0.0140024 0.00496144 0.165058 0.396234 
20.7468 0.0137467 0.0056377 0.00495422 -0.0194806 0.00923353 0.200392 0.375053 
21.7506 0.018422 0.00710991 0.00233542 -0.0253252 0.0144732 0.231979 0.356525 
22.2222 0.0211172 0.00797806 0.00134797 -0.0287223 0.0177571 0.24837 0.347029 
22.2222 0.0222429 0.0267958 0.0100897 -0.139765 0.0430163 0.24837 0.347029 
22.6938 0.022371 0.0274996 0.0119308 -0.141996 0.0455777 0.249084 0.329448 
23.6976 0.0208807 0.0270859 0.0168734 -0.136149 0.0474397 0.240644 0.291805 
25 0.015616 0.022631 0.0257474 -0.107624 0.0427534 0.208108 0.245075 
26.3024 0.00809691 0.0147567 0.0379872 -0.0625785 0.0326406 0.149852 0.204678 
27.3062 0.00273038 0.00790478 0.0501381 -0.0265966 0.0248003 0.0870192 0.180638 
27.7778 0.000979768 0.00497903 0.0567676 -0.0126446 0.0223187 0.0521273 0.17212 
27.7778 0.00103063 0.0027815 0.00611536 -0.00396384 0.00554564 0.0521273 0.17212 
28.2494 0.00103964 0.00270037 0.00592991 -0.00392264 0.00550126 0.0523546 0.166677 
29.2532 0.00103576 0.0025169 0.00552252 -0.00377998 0.00533999 0.052257 0.155375 
30.5556 0.000989949 0.00226481 0.00499103 -0.00350549 0.00502637 0.0510882 0.141337 
31.8579 0.000906996 0.00200583 0.0044827 -0.00315773 0.00463411 0.0489009 0.128073 
32.8617 0.000823593 0.001806 0.00412019 -0.00285523 0.00430018 0.0465983 0.118415 
33.3333 0.000779842 0.00171283 0.00396104 -0.00270574 0.00413806 0.0453438 0.114055 
33.3333 0.000819291 0.0016002 0.00357191 -0.00275404 0.00382156 0.0453438 0.114055 
33.8049 0.000793872 0.00152624 0.0034038 -0.00264759 0.0036807 0.0446348 0.110045 
34.8088 0.000733959 0.00137365 0.00306359 -0.00241512 0.00337762 0.0429175 0.101828 
36.1111 0.0006478 0.00118683 0.00266239 -0.00210901 0.00298786 0.0403198 0.0918137 
37.4135 0.000556206 0.00101362 0.00231047 -0.00180601 0.00261309 0.0373608 0.0825311 
38.4173 0.000484135 0.000889555 0.00207396 -0.00157846 0.00233973 0.0348563 0.0758756 
38.8889 0.000450263 0.00083406 0.00197332 -0.001474 0.00221682 0.0336149 0.0728987 
38.8889 0.000472473 0.000782921 0.00178414 -0.0015019 0.00206985 0.0336149 0.0728987 
39.3605 0.000449024 0.000738249 0.00168268 -0.00142177 0.00196299 0.0327701 0.0701687 
40.3643 0.000399841 0.000649276 0.00148359 -0.00125821 0.00174715 0.0309233 0.0646218 
41.6667 0.000338321 0.00054562 0.00125837 -0.00106097 0.00149152 0.0284451 0.057947 
42.969 0.000280214 0.000454195 0.00106839 -0.000880968 0.00126367 0.0258874 0.051842 
43.9728 0.000238111 0.000391273 0.000944288 -0.000753743 0.00110654 0.0238634 0.0475129 
44.4445 0.00021919 0.000363793 0.000892286 -0.000697319 0.00103811 0.0228957 0.0455896 
44.4445 0.00022974 0.000342717 0.000808754 -0.000710913 0.000975422 0.0228957 0.0455896 
44.9161 0.000215928 0.000320467 0.000757584 -0.000666463 0.00091603 0.0221967 0.043829 
45.9199 0.000188195 0.000277068 0.000658734 -0.000578531 0.000799354 0.0207223 0.0402744 
47.2222 0.000155546 0.000228063 0.000549276 -0.000477186 0.000666519 0.0188393 0.0360374 
48.5246 0.000126501 0.000186275 0.000458717 -0.000388915 0.000552729 0.0169896 0.0322004 
49.5284 0.000106421 0.000158339 0.000400317 -0.000328881 0.000476704 0.0155829 0.0295014 
50 9.76425e-05 0.00014636 0.000375985 -0.000302873 0.000444204 0.0149264 0.0283081 
50 0.000102231 0.000138347 0.000341595 -0.000308933 0.000419291 0.0149264 0.0283081 
50.934 8.97331e-05 0.000119756 0.000296307 -0.000269286 0.000365277 0.0139843 0.0261839 
53.1367 6.53672e-05 8.47135e-05 0.00021053 -0.000193306 0.000261917 0.0119356 0.0217467 
56.615 3.87499e-05 4.83279e-05 0.00012081 -0.000112415 0.000152107 0.00918966 0.0161488 
61.391 1.824e-05 2.18351e-05 5.49318e-05 -5.18415e-05 7.00539e-05 0.00630487 0.0106522 
67.4961 6.65739e-06 7.66573e-06 1.94038e-05 -1.85574e-05 2.50487e-05 0.00380904 0.00619541 
74.9724 1.84512e-06 2.05329e-06 5.2259e-06 -5.05622e-06 6.81887e-06 0.00200529 0.00315266 
83.8744 3.81271e-07 4.12414e-07 1.0545e-06 -1.03008e-06 1.38827e-06 0.000911551 0.00139257 
94.2711 5.77474e-08 6.10661e-08 1.56721e-07 -1.54261e-07 2.07803e-07 0.000354756 0.000529535 
106.25 6.29957e-09 6.54657e-09 1.68497e-08 -1.66821e-08 2.24648e-08 0.000117171 0.000171771 
119.921 4.85186e-10 4.97722e-10 1.28382e-09 -1.27654e-09 1.71864e-09 3.25176e-05 4.70304e-05 
135.425 2.57435e-11 2.61646e-11 6.75935e-11 -6.74184e-11 9.07529e-11 7.49027e-06 1.07281e-05 
152.943 9.1149e-13 9.20497e-13 2.38056e-12 -2.37944e-12 3.20267e-12 1.40942e-06 2.0051e-06 
172.718 2.06303e-14 2.07468e-14 5.36928e-14 -5.37424e-14 7.2331e-14 2.1204e-07 3.00319e-07 
195.075 2.81134e-16 2.81983e-16 7.30095e-16 -7.31403e-16 9.84344e-16 2.47526e-08 3.49609e-08 
220.48 2.11483e-18 2.11801e-18 5.48516e-18 -5.49782e-18 7.39894e-18 2.14685e-09 3.0273e-09 
249.632 7.69055e-21 7.69297e-21 1.99356e-20 -1.99808e-20 2.68914e-20 1.29462e-10 1.82452e-10 
283.687 1.08378e-23 1.09475e-23 2.7856e-23 -2.82955e-23 3.79517e-23 4.85998e-12 6.77296e-12 
324.849 3.34005e-27 1.81145e-27 1.62338e-26 -6.38966e-27 1.25329e-26 8.5318e-14 2.05688e-13 
378.767 8.24883e-29 4.82226e-28 9.37927e-28 -5.18095e-28 7.85414e-28 1.34079e-14 -7.42571e-14 
