0 0.0372704 0.00414018 4.34176e-16 -0.0250978 0.0119023 0.358164 -0.508132 
0.4716 0.0312601 0.00297269 0.000255903 -0.0194766 0.00529837 0.328016 -0.514884 
1.47542 0.0212004 0.0012897 0.00214262 -0.0105648 -0.00449579 0.27013 -0.525769 
2.77778 0.012385 0.00025377 0.00621793 -0.00358188 -0.0109084 0.206465 -0.533794 
4.08014 0.0068924 6.69906e-11 0.011019 -1.37289e-06 -0.0127738 0.154023 -0.536199 
5.08396 0.0042013 9.74722e-05 0.0147366 0.00129293 -0.0123356 0.120252 -0.534966 
5.55556 0.00327552 0.000192474 0.0164193 0.00160424 -0.0117692 0.106179 -0.533612 
5.55556 0.00346548 0.000130571 0.0145789 0.00140224 -0.0127269 0.106179 -0.533612 
6.02716 0.00257629 0.000238716 0.0161433 0.00163477 -0.0121939 0.0915495 -0.532123 
7.03098 0.00124257 0.000522554 0.0191624 0.00167974 -0.0106089 0.0635797 -0.527586 
8.33333 0.000332799 0.000926758 0.022341 0.00115769 -0.00810023 0.0329041 -0.519396 
9.63569 1.72367e-05 0.00130669 0.0246229 0.000312845 -0.00553388 0.00748833 -0.509188 
10.6395 2.58426e-05 0.00156146 0.0257753 -0.000418746 -0.0037004 -0.0091691 -0.500269 
11.1111 8.11854e-05 0.00166791 0.026142 -0.000767081 -0.00290677 -0.0162516 -0.495825 
11.1111 8.57596e-05 0.00150557 0.0232922 -0.000772092 -0.00482759 -0.0162516 -0.495825 
11.5827 0.000200681 0.00163976 0.023477 -0.0012326 -0.00408573 -0.0248605 -0.491559 
12.5865 0.000577597 0.00191494 0.023434 -0.00225979 -0.00265106 -0.0421763 -0.481906 
13.8889 0.00129877 0.0022628 0.0225465 -0.00368356 -0.00108008 -0.0632445 -0.468333 
15.1912 0.00227196 0.00262655 0.0208118 -0.00524893 0.000229124 -0.0836481 -0.453657 
16.1951 0.00321643 0.00294159 0.0189684 -0.00660932 0.00114743 -0.0995275 -0.441585 
16.6667 0.00372956 0.00310681 0.017969 -0.00731415 0.00158061 -0.107173 -0.43567 
16.6667 0.00393387 0.00295491 0.0160625 -0.00754457 0.000500331 -0.107173 -0.43567 
17.1383 0.00465115 0.00317829 0.0149467 -0.00850803 0.00109456 -0.116535 -0.429872 
18.1421 0.00647509 0.00373932 0.0123271 -0.0108886 0.00259139 -0.137498 -0.416785 
19.4444 0.00961603 0.0047095 0.00861556 -0.0148915 0.00535852 -0.167561 -0.398056 
20.7468 0.0139794 0.0060885 0.00491216 -0.0204151 0.00976268 -0.202031 -0.376899 
21.7506 0.0185085 0.00755932 0.00241105 -0.0261746 0.0149459 -0.232466 -0.358539 
22.2222 0.0210886 0.00841302 0.0014514 -0.0294749 0.0181258 -0.248141 -0.349186 
22.2222 0.0222128 0.027528 0.0108639 -0.141566 0.0439071 -0.248141 -0.349186 
22.6938 0.0222258 0.0281034 0.0128675 -0.14308 0.0462491 -0.248214 -0.332152 
23.6976 0.0205556 0.0274558 0.0181905 -0.136004 0.0477631 -0.238705 -0.295805 
25 0.0152434 0.0228406 0.0276182 -0.106823 0.0429941 -0.205559 -0.25083 
26.3024 0.00787415 0.0149741 0.0404619 -0.0621644 0.0332109 -0.14774 -0.211952 
27.3062 0.00266825 0.00817107 0.0530981 -0.0267315 0.0257361 -0.0860023 -0.188689 
27.7778 0.000969848 0.00524977 0.0599575 -0.0129179 0.0233881 -0.05185 -0.180364 
27.7778 0.00102019 0.00298193 0.00645899 -0.00408334 0.00572905 -0.05185 -0.180364 
28.2494 0.0010373 0.00290686 0.00629252 -0.00406528 0.00571848 -0.0522829 -0.174964 
29.2532 0.00104956 0.00273297 0.00591836 -0.00396503 0.00562056 -0.052591 -0.163714 
30.5556 0.00102147 0.00248696 0.00541653 -0.00373141 0.00537128 -0.0518823 -0.149673 
31.8579 0.000951791 0.00222764 0.00492465 -0.00340894 0.00502378 -0.0500816 -0.136331 
32.8617 0.000875384 0.00202373 0.00456742 -0.00311603 0.00471203 -0.0480293 -0.126566 
33.3333 0.00083395 0.00192764 0.0044089 -0.0029683 0.00455696 -0.0468789 -0.122144 
33.3333 0.000876136 0.00179928 0.00397578 -0.00301995 0.00419919 -0.0468789 -0.122144 
33.8049 0.000853587 0.00172308 0.00380586 -0.00291703 0.0040645 -0.0462717 -0.11807 
34.8088 0.000798068 0.00156417 0.00345855 -0.00268737 0.00376862 -0.0447416 -0.109694 
36.1111 0.000714358 0.00136655 0.00304297 -0.00237649 0.00337781 -0.0423301 -0.0994363 
37.4135 0.000621961 0.00118031 0.00267279 -0.00206084 0.00299252 -0.0394978 -0.0898752 
38.4173 0.000547381 0.00104511 0.00242074 -0.00181924 0.00270604 -0.0370541 -0.0829852 
38.8889 0.000511841 0.000984141 0.0023126 -0.00170711 0.00257579 -0.035831 -0.0798932 
38.8889 0.000537088 0.000923166 0.00209088 -0.00173883 0.00240139 -0.035831 -0.0798932 
39.3605 0.000512871 0.000874026 0.00198086 -0.00165333 0.00228792 -0.0350139 -0.0770526 
40.3643 0.000461291 0.000775331 0.00176323 -0.00147681 0.00205622 -0.0332066 -0.0712629 
41.6667 0.000395382 0.000658876 0.00151402 -0.00126039 0.00177743 -0.0307429 -0.0642616 
42.969 0.000331798 0.000554729 0.00130093 -0.00105943 0.00152473 -0.0281626 -0.0578218 
43.9728 0.00028495 0.000482202 0.00116007 -0.000915361 0.00134801 -0.0260988 -0.0532319 
44.4445 0.000263687 0.000450295 0.00110058 -0.000850917 0.00127037 -0.0251062 -0.0511859 
44.4445 0.000276378 0.000423979 0.000997548 -0.000867271 0.00119229 -0.0251062 -0.0511859 
44.9161 0.000260966 0.000398092 0.000938585 -0.000816609 0.00112472 -0.0243961 -0.0493094 
45.9199 0.000229694 0.000347219 0.000823828 -0.000715495 0.00099084 -0.0228878 -0.0455089 
47.2222 0.000192299 0.000289104 0.000695271 -0.000597374 0.000836411 -0.020942 -0.0409557 
48.5246 0.000158476 0.000238908 0.000587502 -0.000492977 0.000702204 -0.0190112 -0.0368084 
49.5284 0.000134766 0.000204976 0.000517176 -0.000421088 0.000611414 -0.0175315 -0.0338759 
50 0.000124311 0.000190325 0.000487646 -0.000389703 0.000572294 -0.0168378 -0.0325748 
50 0.000130153 0.000179831 0.000443043 -0.000397418 0.000539728 -0.0168378 -0.0325748 
50.9746 0.000114693 0.00015606 0.000385347 -0.000347539 0.000471686 -0.0158062 -0.0301542 
53.2732 8.42451e-05 0.000110998 0.000275393 -0.0002512 0.000340497 -0.0135466 -0.0250877 
56.9027 5.04838e-05 6.37942e-05 0.000159277 -0.000147419 0.000199519 -0.0104866 -0.0186755 
61.8863 2.40411e-05 2.90651e-05 7.30627e-05 -6.86675e-05 9.27997e-05 -0.0072366 -0.0123546 
68.2569 8.87442e-06 1.02916e-05 2.60396e-05 -2.48256e-05 3.35091e-05 -0.00439671 -0.00720804 
76.0584 2.48533e-06 2.77955e-06 7.07343e-06 -6.82759e-06 9.20702e-06 -0.00232675 -0.00367965 
85.3475 5.18413e-07 5.62669e-07 1.43882e-06 -1.40298e-06 1.89061e-06 -0.00106266 -0.0016305 
96.1964 7.91885e-08 8.393e-08 2.15454e-07 -2.11777e-07 2.85239e-07 -0.000415325 -0.000621945 
108.696 8.70613e-09 9.06089e-09 2.33297e-08 -2.30721e-08 3.10645e-08 -0.000137711 -0.000202372 
122.961 6.75481e-10 6.93583e-10 1.78981e-09 -1.77805e-09 2.39341e-09 -3.83587e-05 -5.55815e-05 
139.139 3.60977e-11 3.67092e-11 9.48812e-11 -9.45617e-11 1.27267e-10 -8.86742e-06 -1.27193e-05 
157.42 1.28735e-12 1.30051e-12 3.36511e-12 -3.36119e-12 4.52321e-12 -1.67458e-06 -2.38526e-06 
178.054 2.93573e-14 2.95285e-14 7.64617e-14 -7.64834e-14 1.02918e-13 -2.52881e-07 -3.58546e-07 
201.384 4.03299e-16 4.04556e-16 1.04804e-15 -1.04928e-15 1.41188e-15 -2.96395e-08 -4.1904e-08 
227.894 3.06088e-18 3.06562e-18 7.94378e-18 -7.95739e-18 1.07069e-17 -2.58215e-09 -3.64447e-09 
258.314 1.12428e-20 1.12468e-20 2.91608e-20 -2.92107e-20 3.93055e-20 -1.56493e-10 -2.20739e-10 
293.85 1.60294e-23 1.61807e-23 4.1243e-23 -4.18356e-23 5.61133e-23 -5.90903e-12 -8.24767e-12 
336.802 5.05362e-27 2.88731e-27 2.36793e-26 -9.92284e-27 1.88447e-26 -1.0492e-13 -2.45766e-13 
393.065 1.10346e-28 6.36269e-28 1.23578e-27 -6.88313e-28 1.03675e-27 -1.55037e-14 8.51874e-14 
