0 0.0368101 0.00408904 2.47295e-16 -0.0247878 0.0113919 -0.356092 0.508111 
0.4716 0.0310787 0.00297253 0.000231452 -0.0194195 0.00508654 -0.327198 0.514553 
1.47542 0.0213864 0.00133605 0.0019491 -0.0108 -0.00442422 -0.271424 0.525052 
2.77778 0.0127451 0.000290636 0.00569604 -0.00388858 -0.0109037 -0.209532 0.533008 
4.08014 0.00724391 1.63783e-06 0.0101585 -0.000220072 -0.013053 -0.157967 0.535677 
5.08396 0.00449032 7.5039e-05 0.0136455 0.0011728 -0.01287 -0.124371 0.534787 
5.55556 0.00352862 0.000162258 0.0152325 0.00152879 -0.0124193 -0.110251 0.533619 
5.55556 0.00373326 0.000105975 0.0135251 0.00131118 -0.0132715 -0.110251 0.533619 
6.02716 0.00280854 0.000206993 0.0150077 0.0015894 -0.0128448 -0.0956263 0.532309 
7.03098 0.00139768 0.000484816 0.0178895 0.00171597 -0.0114555 -0.0674591 0.528182 
8.33333 0.000402072 0.000900792 0.0209597 0.00125453 -0.00912146 -0.0361817 0.520531 
9.63569 2.99188e-05 0.0013128 0.0231976 0.000413131 -0.00663449 -0.00986981 0.510811 
10.6395 1.78555e-05 0.00160364 0.0243488 -0.000352741 -0.0048021 0.00762471 0.502205 
11.1111 7.03428e-05 0.00172977 0.0247221 -0.000727144 -0.00399296 0.0151338 0.497883 
11.1111 7.43062e-05 0.00155966 0.0220271 -0.000731486 -0.00582758 0.0151338 0.497883 
11.5827 0.000187684 0.00171191 0.0222266 -0.00121795 -0.00506377 0.0240518 0.493719 
12.5865 0.000573759 0.00202983 0.022236 -0.00231885 -0.00354877 0.0420532 0.484239 
13.8889 0.00132945 0.00243957 0.0214531 -0.00386964 -0.00181457 0.0640135 0.470802 
15.1912 0.00235718 0.00286958 0.0198564 -0.00558835 -0.000289238 0.0852375 0.456163 
16.1951 0.00335236 0.00323701 0.0181388 -0.00707824 0.000822146 0.101651 0.44406 
16.6667 0.00389045 0.00342686 0.0172037 -0.0078456 0.00135155 0.109505 0.438117 
16.6667 0.00410358 0.00325384 0.0153784 -0.00808596 0.000310658 0.109505 0.438117 
17.1383 0.00484179 0.00350017 0.0143302 -0.0091096 0.000998344 0.118948 0.432293 
18.1421 0.00670217 0.00410844 0.0118686 -0.0116118 0.00269414 0.139946 0.419151 
19.4444 0.00985488 0.00513164 0.00837844 -0.0157364 0.00568672 0.169699 0.400393 
20.7468 0.0141487 0.00654243 0.00488448 -0.0212902 0.0102059 0.203335 0.379323 
21.7506 0.018526 0.00800947 0.00250018 -0.0269554 0.0153225 0.232672 0.361167 
22.2222 0.0209911 0.00884798 0.00156868 -0.0301573 0.0183972 0.247669 0.351967 
22.2222 0.0221101 0.028207 0.0117417 -0.14297 0.0446602 0.247669 0.351967 
22.6938 0.0220116 0.0286552 0.0139146 -0.14378 0.0467906 0.247116 0.335481 
23.6976 0.0201751 0.0277836 0.0196324 -0.135542 0.0479881 0.236583 0.300419 
25 0.0148367 0.0230268 0.0296311 -0.105817 0.0431868 0.202883 0.257163 
26.3024 0.00763387 0.015184 0.0430922 -0.0616363 0.0337743 0.145529 0.219762 
27.3062 0.00259727 0.00843985 0.0562191 -0.0268038 0.0266879 0.0848856 0.197257 
27.7778 0.000954781 0.00552765 0.0633087 -0.013152 0.0244828 0.0514668 0.189123 
27.7778 0.00100434 0.00319361 0.00682 -0.00419284 0.00590137 0.0514668 0.189123 
28.2494 0.00102939 0.00312539 0.00667406 -0.00419922 0.00592669 0.0521047 0.183768 
29.2532 0.00105788 0.00296286 0.00633696 -0.00414476 0.00589745 0.0528207 0.172579 
30.5556 0.00104834 0.0027253 0.00587025 -0.00395717 0.00572061 0.0525821 0.158546 
31.8579 0.000993343 0.00246784 0.00540039 -0.0036655 0.00542655 0.0511842 0.14514 
32.8617 0.000925217 0.00226136 0.00505248 -0.00338635 0.00514363 0.0493979 0.13528 
33.3333 0.000886734 0.00216296 0.00489639 -0.00324225 0.00499861 0.0483596 0.1308 
33.3333 0.000931591 0.00201711 0.00441538 -0.00329717 0.0045951 0.0483596 0.1308 
33.8049 0.000912518 0.00193924 0.00424529 -0.00319964 0.00446938 0.047862 0.126667 
34.8088 0.000862683 0.00177506 0.00389403 -0.00297644 0.00418636 0.0465368 0.118144 
36.1111 0.000782999 0.00156759 0.00346744 -0.00266478 0.0038009 0.0443355 0.107655 
37.4135 0.000691166 0.00136882 0.00308151 -0.00233953 0.00341027 0.0416545 0.0978261 
38.4173 0.00061494 0.00122255 0.00281529 -0.00208552 0.00311381 0.0392904 0.0907081 
38.8889 0.000578073 0.00115606 0.00270012 -0.00196628 0.00297741 0.0380945 0.0875034 
38.8889 0.000606587 0.00108366 0.00244125 -0.00200211 0.00277123 0.0380945 0.0875034 
39.3605 0.000581968 0.00103003 0.00232294 -0.00191191 0.00265222 0.0373134 0.0845544 
40.3643 0.000528638 0.000921399 0.00208702 -0.00172344 0.00240645 0.0355627 0.0785252 
41.6667 0.000458912 0.000791586 0.00181359 -0.00148836 0.00210584 0.0331345 0.0711991 
42.969 0.000390133 0.000673881 0.00157662 -0.00126617 0.00182864 0.0305507 0.0644237 
43.9728 0.00033857 0.000590949 0.00141811 -0.00110457 0.00163199 0.0284603 0.0595704 
44.4445 0.000314928 0.000554201 0.00135066 -0.00103165 0.00154482 0.0274486 0.0573999 
44.4445 0.000330086 0.000521519 0.00122421 -0.00105118 0.00144803 0.0274486 0.0573999 
44.9161 0.000313105 0.000491654 0.00115684 -0.000994043 0.00137199 0.0267333 0.0554057 
45.9199 0.000278272 0.000432525 0.00102476 -0.000878963 0.00122002 0.0252024 0.0513539 
47.2222 0.000235944 0.000364198 0.000875069 -0.000742684 0.00104239 0.0232066 0.0464757 
48.5246 0.000197004 0.000304428 0.000747944 -0.000620455 0.000885768 0.0212053 0.0420072 
49.5284 0.00016932 0.00026358 0.000664012 -0.000535231 0.000778486 0.019659 0.0388312 
50 0.000157008 0.000245821 0.000628498 -0.000497738 0.000731895 0.0189308 0.0374172 
50 0.000164386 0.000232167 0.000571012 -0.000507482 0.000689584 0.0189308 0.0374172 
51.017 0.000145496 0.000202048 0.000498146 -0.00044539 0.00060477 0.0178099 0.0346679 
53.4155 0.000107859 0.000144588 0.000358319 -0.000324401 0.000439848 0.0153343 0.0289007 
57.2029 6.54173e-05 8.37964e-05 0.000209071 -0.00019233 0.00026033 0.0119421 0.0215752 
62.4032 3.15618e-05 3.85451e-05 9.68667e-05 -9.06054e-05 0.000122442 0.00829502 0.0143219 
69.0509 1.18017e-05 1.37854e-05 3.48826e-05 -3.31337e-05 4.47166e-05 0.00507234 0.00838757 
77.1916 3.34569e-06 3.76051e-06 9.57327e-06 -9.21413e-06 1.24225e-05 0.00270072 0.00429896 
86.8847 7.059e-07 7.68752e-07 1.96692e-06 -1.91361e-06 2.57802e-06 0.00124053 0.00191283 
98.2053 1.09001e-07 1.15785e-07 2.97439e-07 -2.9183e-07 3.92946e-07 0.000487474 0.000732758 
111.248 1.211e-08 1.26215e-08 3.25237e-08 -3.21155e-08 4.32274e-08 0.000162483 0.000239488 
126.134 9.49419e-10 9.75731e-10 2.52011e-09 -2.50024e-09 3.36447e-09 4.54952e-05 6.60821e-05 
143.016 5.12812e-11 5.21777e-11 1.34986e-10 -1.34372e-10 1.80788e-10 1.05734e-05 1.51975e-05 
162.092 1.84947e-12 1.86894e-12 4.84054e-12 -4.82959e-12 6.49714e-12 2.00798e-06 2.86533e-06 
183.623 4.26884e-14 4.29444e-14 1.11308e-13 -1.11223e-13 1.49616e-13 3.05064e-07 4.33253e-07 
207.967 5.94257e-16 5.96159e-16 1.54591e-15 -1.54617e-15 2.07979e-15 3.59935e-08 5.09672e-08 
235.63 4.57742e-18 4.58468e-18 1.18917e-17 -1.19002e-17 1.60068e-17 3.15898e-09 4.46542e-09 
267.373 1.70983e-20 1.71053e-20 4.43921e-20 -4.44252e-20 5.9758e-20 1.93069e-10 2.72732e-10 
304.454 2.48603e-23 2.50732e-23 6.40722e-23 -6.48553e-23 8.69861e-23 7.36189e-12 1.03006e-11 
349.274 8.12905e-27 4.96785e-27 3.61408e-26 -1.65079e-26 3.0035e-26 1.33124e-13 2.99163e-13 
407.984 1.45526e-28 8.33075e-28 1.6008e-27 -9.04482e-28 1.3526e-27 1.78117e-14 -9.70323e-14 
