0 0.0363157 0.00403412 1.40329e-16 -0.0244549 0.010787 -0.354174 0.508748 
0.4716 0.0308556 0.00296681 0.000208534 -0.0193311 0.0047737 -0.326465 0.514892 
1.47542 0.021529 0.00137743 0.00176592 -0.0110025 -0.00444617 -0.272698 0.525006 
2.77778 0.0130739 0.000326633 0.00519573 -0.00417519 -0.0109653 -0.212506 0.532861 
4.08014 0.00757894 6.04817e-06 0.00932357 -0.000432573 -0.0133727 -0.161798 0.53574 
5.08396 0.0047722 5.67907e-05 0.0125778 0.00105182 -0.0134316 -0.128389 0.535146 
5.55556 0.00377796 0.000136438 0.0140666 0.00145057 -0.0130926 -0.114235 0.534142 
5.55556 0.00399706 8.5354e-05 0.0124899 0.00121758 -0.0138413 -0.114235 0.534142 
6.02716 0.00304002 0.000179436 0.0138875 0.00153961 -0.0135178 -0.0996245 0.532992 
7.03098 0.0015566 0.000450951 0.0166231 0.0017465 -0.012322 -0.0712879 0.529233 
8.33333 0.000476889 0.000877438 0.0195713 0.00134845 -0.0101664 -0.0394581 0.522074 
9.63569 4.64107e-05 0.0013201 0.0217533 0.000515975 -0.00776653 -0.0123094 0.51281 
10.6395 1.09231e-05 0.00164627 0.022897 -0.000279537 -0.00594125 0.00597174 0.504502 
11.1111 5.90305e-05 0.00179193 0.0232751 -0.000677979 -0.00511899 0.0138824 0.5003 
11.1111 6.23565e-05 0.0016138 0.0207379 -0.000681622 -0.00686593 0.0138824 0.5003 
11.5827 0.000172505 0.00178401 0.0209509 -0.00119201 -0.00608242 0.0230901 0.496236 
12.5865 0.000563561 0.00214483 0.0210125 -0.00236236 -0.00449143 0.0417346 0.486937 
13.8889 0.0013474 0.00261735 0.0203373 -0.00403512 -0.00259835 0.0645317 0.473658 
15.1912 0.00242228 0.00311505 0.0188859 -0.00590232 -0.000860094 0.0865242 0.459093 
16.1951 0.00346165 0.00353606 0.0173013 -0.00751761 0.000441854 0.103435 0.446998 
16.6667 0.00402134 0.00375107 0.0164342 -0.00834528 0.00106601 0.111484 0.441048 
16.6667 0.00424164 0.00355569 0.0146905 -0.00859372 6.13763e-05 0.111484 0.441048 
17.1383 0.00499652 0.00382508 0.0137138 -0.00967401 0.000839797 0.120998 0.435217 
18.1421 0.00688331 0.00448027 0.011417 -0.0122886 0.00272644 0.142018 0.422068 
19.4444 0.0100334 0.00555475 0.00815364 -0.0165199 0.00592907 0.171462 0.403343 
20.7468 0.0142439 0.00699419 0.00487059 -0.0220869 0.0105448 0.204295 0.382414 
21.7506 0.0184626 0.00845487 0.00260338 -0.0276472 0.0155841 0.232589 0.364495 
22.2222 0.0208121 0.00927735 0.001701 -0.0307483 0.018552 0.246946 0.35546 
22.2222 0.0219215 0.0288143 0.0127322 -0.143883 0.0452425 0.246946 0.35546 
22.6938 0.0217157 0.0291372 0.0150808 -0.144006 0.0471705 0.245784 0.339525 
23.6976 0.0197284 0.0280529 0.0212065 -0.134681 0.0480851 0.234268 0.305735 
25 0.0143876 0.0231756 0.0317901 -0.104539 0.0433055 0.20006 0.264162 
26.3024 0.00737091 0.0153768 0.045876 -0.0609487 0.0343103 0.143195 0.228199 
27.3062 0.00251499 0.00870509 0.059493 -0.0267871 0.0276396 0.083644 0.206435 
27.7778 0.000933223 0.00580844 0.0668101 -0.0133289 0.0255887 0.0509517 0.198493 
27.7778 0.000981667 0.00341518 0.00719719 -0.00428662 0.00605454 0.0509517 0.198493 
28.2494 0.00101444 0.00335473 0.00707358 -0.00431885 0.00611808 0.0517953 0.193186 
29.2532 0.00105916 0.00320565 0.00677782 -0.00431384 0.00616338 0.0529245 0.182064 
30.5556 0.00106896 0.00297931 0.00635242 -0.00417797 0.00606795 0.053169 0.168052 
31.8579 0.00103005 0.00272638 0.00591088 -0.00392328 0.00583709 0.0521924 0.154595 
32.8617 0.000971576 0.0025192 0.005577 -0.00366265 0.00559058 0.0506892 0.144652 
33.3333 0.000936733 0.00241931 0.00542544 -0.00352436 0.00545912 0.049772 0.140119 
33.3333 0.000984119 0.00225406 0.00489245 -0.00358237 0.00500504 0.049772 0.140119 
33.8049 0.000969173 0.00217526 0.00472413 -0.00349238 0.00489158 0.0493926 0.135932 
34.8088 0.000926436 0.00200719 0.00437276 -0.00327994 0.00462807 0.0482913 0.127271 
36.1111 0.000852572 0.00179126 0.00393942 -0.00297241 0.00425574 0.0463262 0.116564 
37.4135 0.000762931 0.00158085 0.00354112 -0.00264151 0.00386637 0.0438232 0.106476 
38.4173 0.000686141 0.00142388 0.00326271 -0.00237743 0.00356412 0.0415593 0.0991367 
38.8889 0.000648395 0.00135193 0.00314128 -0.00225196 0.00342328 0.0404 0.0958218 
38.8889 0.000680378 0.00126633 0.00284012 -0.00229214 0.00318036 0.0404 0.0958218 
39.3605 0.000655819 0.00120829 0.00271404 -0.00219822 0.00305735 0.0396641 0.0927664 
40.3643 0.000601596 0.00108973 0.00246064 -0.00199943 0.00280025 0.037989 0.0865009 
41.6667 0.000528889 0.000946236 0.00216332 -0.00174693 0.00248024 0.0356195 0.078852 
42.969 0.000455437 0.000814311 0.00190218 -0.00150385 0.00217982 0.0330537 0.07174 
43.9728 0.000399357 0.00072027 0.00172543 -0.00132441 0.00196352 0.0309518 0.0666207 
44.4445 0.00037337 0.000678298 0.00164964 -0.00124272 0.00186678 0.0299278 0.0643239 
44.4445 0.00039134 0.000637923 0.0014952 -0.00126588 0.00174735 0.0299278 0.0643239 
44.9161 0.000372894 0.000603772 0.00141891 -0.00120215 0.00166279 0.029214 0.0622099 
45.9199 0.000334616 0.00053565 0.00126821 -0.00107262 0.00149227 0.027674 0.0579016 
47.2222 0.000287312 0.000456028 0.00109546 -0.00091707 0.00129027 0.0256433 0.0526894 
48.5246 0.000243024 0.000385493 0.000946846 -0.000775467 0.00110953 0.0235843 0.0478884 
49.5284 0.000211081 0.000336762 0.00084758 -0.000675486 0.000984157 0.0219797 0.0444587 
50 0.000196748 0.000315431 0.000805259 -0.000631158 0.000929277 0.0212204 0.0429267 
50 0.000205993 0.000297776 0.000731606 -0.000643369 0.000874618 0.0212204 0.0429267 
51.0612 0.000183213 0.000259963 0.000640378 -0.000566921 0.000770053 0.0200127 0.0398132 
53.564 0.000137219 0.000187309 0.000463958 -0.00041646 0.000564758 0.0173194 0.0332658 
57.5161 8.43489e-05 0.000109583 0.000273391 -0.000249747 0.000338034 0.013579 0.0249157 
62.9426 4.12964e-05 5.09601e-05 0.000128111 -0.000119168 0.000161009 0.0095013 0.0166062 
69.8793 1.567e-05 1.84386e-05 4.66891e-05 -4.41557e-05 5.95731e-05 0.00585278 0.00976968 
78.3741 4.50596e-06 5.09008e-06 1.29703e-05 -1.24407e-05 1.67662e-05 0.00313849 0.00503207 
88.4888 9.63854e-07 1.05319e-06 2.69771e-06 -2.61726e-06 3.52448e-06 0.00145155 0.0022508 
100.302 1.50851e-07 1.60588e-07 4.13049e-07 -4.04315e-07 5.44161e-07 0.00057425 0.000867044 
113.912 1.69876e-08 1.77294e-08 4.5747e-08 -4.50818e-08 6.06516e-08 0.000192705 0.000285066 
129.445 1.35047e-09 1.38907e-09 3.59263e-09 -3.5579e-09 4.78543e-09 5.43338e-05 7.91636e-05 
147.061 7.40203e-11 7.53516e-11 1.95214e-10 -1.94004e-10 2.60893e-10 1.27204e-05 1.83332e-05 
166.966 2.71197e-12 2.74128e-12 7.11005e-12 -7.08283e-12 9.52377e-12 2.43483e-06 3.48306e-06 
189.434 6.36841e-14 6.40754e-14 1.66318e-13 -1.65939e-13 2.2311e-13 3.73115e-07 5.3114e-07 
214.837 9.03651e-16 9.06606e-16 2.35434e-15 -2.35124e-15 3.16118e-15 4.44454e-08 6.30778e-08 
243.702 7.11191e-18 7.12339e-18 1.85034e-17 -1.84895e-17 2.48579e-17 3.94294e-09 5.58599e-09 
276.826 2.72253e-20 2.72379e-20 7.07872e-20 -7.07393e-20 9.51072e-20 2.43957e-10 3.45363e-10 
315.52 4.07341e-23 4.1036e-23 1.05234e-22 -1.06206e-22 1.42434e-22 9.4364e-12 1.32484e-11 
362.289 1.40266e-26 9.31193e-27 5.81766e-26 -2.96882e-26 5.12371e-26 1.75107e-13 3.72405e-13 
423.552 1.90454e-28 1.066e-27 2.02154e-27 -1.17047e-27 1.7235e-27 2.04043e-14 -1.09321e-13 
