0 0.0357731 0.00397385 8.33205e-17 -0.0240895 0.010078 -0.352453 0.510124 
0.4716 0.0305791 0.00295444 0.000187021 -0.0192041 0.00435255 -0.325863 0.515981 
1.47542 0.0216199 0.00141316 0.0015923 -0.0111678 -0.00456582 -0.274 0.525713 
2.77778 0.0133656 0.000361157 0.00471581 -0.00443901 -0.0110954 -0.215435 0.53344 
4.08014 0.00789375 1.26006e-05 0.00851344 -0.000637207 -0.0137335 -0.165564 0.536483 
5.08396 0.00504446 4.20898e-05 0.0115333 0.000930978 -0.0140199 -0.132352 0.536144 
5.55556 0.00402158 0.000114378 0.0129221 0.00137029 -0.013788 -0.118174 0.535283 
5.55556 0.00425481 6.81221e-05 0.0114737 0.00112228 -0.0144356 -0.118174 0.535283 
6.02716 0.00326917 0.000155443 0.0127835 0.00148601 -0.0142115 -0.103586 0.534275 
7.03098 0.00171862 0.000420295 0.0153649 0.00177167 -0.0132059 -0.0751055 0.530848 
8.33333 0.000557344 0.00085587 0.018179 0.00143973 -0.0112321 -0.0427704 0.524139 
9.63569 6.71185e-05 0.00132746 0.0202939 0.000622226 -0.00892693 -0.0148424 0.515301 
10.6395 5.31348e-06 0.00168789 0.0214239 -0.000197414 -0.0071155 0.0041761 0.507279 
11.1111 4.73326e-05 0.00185275 0.0218051 -0.000617312 -0.00628307 0.0124641 0.503194 
11.1111 4.99994e-05 0.00166644 0.0194281 -0.000620234 -0.00794097 0.0124641 0.503194 
11.5827 0.000154958 0.00185432 0.0196536 -0.0011518 -0.0071407 0.0219425 0.499231 
12.5865 0.000546007 0.00225768 0.0197665 -0.00238566 -0.00547989 0.0411887 0.490119 
13.8889 0.00135016 0.00279304 0.0192017 -0.00417262 -0.00343535 0.0647696 0.47702 
15.1912 0.00246301 0.00335895 0.0179014 -0.00618034 -0.00149106 0.0874806 0.462566 
16.1951 0.00353848 0.00383401 0.0164563 -0.00791432 -4.11504e-06 0.104855 0.450516 
16.6667 0.00411564 0.00407433 0.0156604 -0.00879883 0.000711874 0.113083 0.444577 
16.6667 0.00434111 0.00385558 0.0139988 -0.0090531 -0.000259887 0.113083 0.444577 
17.1383 0.00510764 0.00414779 0.0130968 -0.0101852 0.000605117 0.122661 0.43876 
18.1421 0.00700922 0.00484891 0.010971 -0.0129006 0.00267165 0.143692 0.425647 
19.4444 0.0101402 0.00597216 0.00793968 -0.0172203 0.00606596 0.172831 0.407013 
20.7468 0.0142518 0.0074365 0.00486977 -0.022781 0.0107578 0.204896 0.386278 
21.7506 0.0183037 0.00888784 0.00272114 -0.0282241 0.0157078 0.232202 0.368626 
22.2222 0.0205361 0.00969324 0.00184955 -0.0312209 0.0185668 0.245955 0.359765 
22.2222 0.0216308 0.0293256 0.013844 -0.144188 0.045613 0.245955 0.359765 
22.6938 0.021323 0.0295257 0.0163741 -0.143646 0.0473488 0.244199 0.344381 
23.6976 0.0192022 0.028242 0.0229179 -0.133319 0.0480166 0.231737 0.311853 
25 0.013886 0.0232688 0.0340941 -0.102907 0.0433168 0.197065 0.271929 
26.3024 0.00707936 0.0155394 0.0488037 -0.0600461 0.0347913 0.140707 0.237369 
27.3062 0.00241863 0.00895841 0.0629016 -0.0266484 0.0285685 0.0822441 0.216335 
27.7778 0.000903631 0.00608597 0.0704389 -0.0134255 0.0266853 0.0502708 0.208586 
27.7778 0.000950539 0.00364419 0.00758811 -0.00435724 0.00617787 0.0502708 0.208586 
28.2494 0.000990731 0.00359259 0.00748884 -0.0044168 0.00628211 0.0513226 0.203329 
29.2532 0.00105151 0.00345939 0.00723923 -0.00446511 0.0064083 0.0528734 0.192281 
30.5556 0.00108131 0.00324753 0.00686204 -0.0043871 0.0064041 0.0536174 0.178301 
31.8579 0.00105988 0.00300234 0.00645602 -0.00417623 0.00624728 0.0530835 0.164808 
32.8617 0.00101248 0.00279676 0.00614157 -0.00393954 0.00604579 0.0518828 0.154791 
33.3333 0.000982013 0.0026964 0.00599699 -0.00380957 0.00593193 0.0510963 0.150212 
33.3333 0.00103169 0.00250976 0.00540785 -0.00387039 0.00542217 0.0510963 0.150212 
33.8049 0.00102155 0.00243097 0.00524361 -0.0037904 0.00532474 0.0508447 0.145975 
34.8088 0.000987444 0.0022608 0.00489676 -0.00359378 0.00508855 0.0499886 0.137186 
36.1111 0.000921414 0.00203832 0.004462 -0.00329631 0.00473875 0.0482883 0.126272 
37.4135 0.000835878 0.00181768 0.00405576 -0.0029648 0.00435891 0.0459924 0.115937 
38.4173 0.000759858 0.00165074 0.00376793 -0.00269383 0.00405633 0.0438511 0.108382 
38.8889 0.000721802 0.00157357 0.00364134 -0.0025634 0.00391333 0.042739 0.104959 
38.8889 0.000757407 0.0014728 0.00329224 -0.00260814 0.00362814 0.042739 0.104959 
39.3605 0.000733483 0.00141059 0.00315928 -0.00251182 0.00350324 0.0420586 0.101799 
40.3643 0.000679467 0.00128241 0.00288983 -0.00230511 0.00323866 0.0404803 0.0953009 
41.6667 0.000604932 0.00112524 0.00256977 -0.00203737 0.00290311 0.0381956 0.0873311 
42.969 0.000527634 0.000978713 0.00228483 -0.00177455 0.00258201 0.0356719 0.0798816 
43.9728 0.000467452 0.000873028 0.00208968 -0.00157753 0.00234722 0.0335759 0.0744938 
44.4445 0.00043925 0.000825517 0.00200536 -0.00148701 0.00224123 0.0325473 0.0720687 
44.4445 0.000460391 0.000775902 0.00181762 -0.00151425 0.00209454 0.0325473 0.0720687 
44.9161 0.000440676 0.000737216 0.00173203 -0.00144407 0.00200175 0.0318428 0.069833 
45.9199 0.000399252 0.000659472 0.00156171 -0.00130003 0.00181289 0.0303093 0.0652629 
47.2222 0.000347136 0.000567557 0.00136422 -0.00112457 0.00158603 0.0282619 0.0597075 
48.5246 0.000297437 0.000485102 0.0011921 -0.000962375 0.00137998 0.0261607 0.0545624 
49.5284 0.000261049 0.000427515 0.0010758 -0.000846383 0.00123522 0.0245083 0.0508686 
50 0.000244573 0.000402137 0.00102585 -0.000794551 0.00117134 0.0237223 0.0492132 
50 0.000256066 0.000379447 0.000932021 -0.000809729 0.00110111 0.0237223 0.0492132 
51.1074 0.000228991 0.000332429 0.000818825 -0.000716716 0.000973713 0.0224331 0.0456967 
53.719 0.000173474 0.000241362 0.000598016 -0.000531545 0.000720818 0.0195253 0.038281 
57.843 0.000108245 0.000142713 0.000356295 -0.000322867 0.000436907 0.0154235 0.0287807 
63.5055 5.38746e-05 6.71966e-05 0.000169113 -0.000156298 0.000211094 0.0108811 0.0192725 
70.7439 2.07869e-05 2.46425e-05 6.24857e-05 -5.8793e-05 7.92816e-05 0.00675889 0.0113996 
79.6081 6.07669e-06 6.89907e-06 1.76084e-05 -1.68196e-05 2.26548e-05 0.00365438 0.00590672 
90.1626 1.32123e-06 1.44848e-06 3.71681e-06 -3.59363e-06 4.83633e-06 0.001704 0.00265922 
102.489 2.10211e-07 2.24255e-07 5.77887e-07 -5.6401e-07 7.5861e-07 0.000679686 0.0010316 
116.691 2.40763e-08 2.51608e-08 6.50478e-08 -6.3936e-08 8.59618e-08 0.000230025 0.000341769 
132.9 1.94843e-09 2.00569e-09 5.19766e-09 -5.13526e-09 6.90248e-09 6.54369e-05 9.5707e-05 
151.282 1.08857e-10 1.10864e-10 2.87789e-10 -2.85372e-10 3.8351e-10 1.54671e-05 2.23693e-05 
172.053 4.07234e-12 4.11734e-12 1.07005e-11 -1.0637e-11 1.42933e-11 2.99159e-06 4.29347e-06 
195.498 9.78567e-14 9.84697e-14 2.56107e-13 -2.54997e-13 3.42623e-13 4.63741e-07 6.62216e-07 
222.005 1.42471e-15 1.42944e-15 3.71954e-15 -3.7071e-15 4.98079e-15 5.59556e-08 7.9656e-08 
252.126 1.1543e-17 1.15618e-17 3.00928e-17 -3.00096e-17 4.03192e-17 5.03663e-09 7.15699e-09 
286.69 4.56791e-20 4.5703e-20 1.19006e-19 -1.18691e-19 1.59471e-19 3.1684e-10 4.49871e-10 
327.067 7.10487e-23 7.14779e-23 1.84106e-22 -1.8512e-22 2.48209e-22 1.24956e-11 1.76205e-11 
375.87 2.61178e-26 1.89599e-26 1.00167e-25 -5.78062e-26 9.44117e-26 2.39579e-13 4.77925e-13 
439.797 2.46989e-28 1.33544e-27 2.48777e-27 -1.49189e-27 2.1496e-27 2.3298e-14 -1.21735e-13 
