0 0.0351659 0.0039064 4.50896e-17 -0.0236806 0.00925555 0.350981 -0.51233 
0.4716 0.0302353 0.00293406 0.000166806 -0.0190298 0.00381667 0.325447 -0.517911 
1.47542 0.0216491 0.00144242 0.00142767 -0.0112904 -0.00478602 0.275387 -0.527267 
2.77778 0.0136133 0.000393615 0.00425542 -0.00467693 -0.0112943 0.218376 -0.534844 
4.08014 0.00818381 2.074e-05 0.00772776 -0.000832387 -0.0141337 0.169317 -0.538011 
5.08396 0.00530414 3.03732e-05 0.0105125 0.000810954 -0.0146316 0.136311 -0.537889 
5.55556 0.00425718 9.55e-05 0.0117999 0.00128827 -0.0145016 0.122119 -0.537155 
5.55556 0.00450408 5.37554e-05 0.0104773 0.00102572 -0.0150504 0.122119 -0.537155 
6.02716 0.00349414 0.000134451 0.011697 0.00142879 -0.0149215 0.10756 -0.536272 
7.03098 0.001883 0.000392158 0.0141173 0.00179132 -0.014102 0.07896 -0.533143 
8.33333 0.000643647 0.000835103 0.0167863 0.00152831 -0.0123122 0.0461642 -0.526848 
9.63569 9.26267e-05 0.0013334 0.0188237 0.000732597 -0.0101099 0.0175126 -0.518411 
10.6395 1.4553e-06 0.00172652 0.019934 -0.000104491 -0.00832005 -0.00219512 -0.510666 
11.1111 3.54671e-05 0.00190994 0.0203164 -0.000542549 -0.00748112 -0.0108366 -0.506697 
11.1111 3.74654e-05 0.00171549 0.0181017 -0.000544738 -0.00904873 -0.0108366 -0.506697 
11.5827 0.000134959 0.00192044 0.0183384 -0.0010939 -0.00823551 -0.0205674 -0.502836 
12.5865 0.000520089 0.00236522 0.0185013 -0.00238316 -0.00651338 -0.0403755 -0.493917 
13.8889 0.00133506 0.00296241 0.0180483 -0.00427317 -0.00432861 -0.0646888 -0.48102 
15.1912 0.00247458 0.00359586 0.016904 -0.00640958 -0.00218966 -0.0880704 -0.466711 
16.1951 0.00357628 0.00412446 0.0156036 -0.00825235 -0.000527017 -0.105875 -0.454741 
16.6667 0.0041659 0.00438979 0.0148817 -0.0091887 0.000276119 -0.11427 -0.448832 
16.6667 0.00439411 0.00414693 0.0133027 -0.00944607 -0.000666328 -0.11427 -0.448832 
17.1383 0.00516637 0.0044613 0.0124785 -0.0106237 0.000279357 -0.123905 -0.443048 
18.1421 0.00706922 0.00520643 0.0105291 -0.0134248 0.00251132 -0.144938 -0.430012 
19.4444 0.0101625 0.00637487 0.00773479 -0.017811 0.00607504 -0.173779 -0.411523 
20.7468 0.0141575 0.00785948 0.004881 -0.0233422 0.0108197 -0.205112 -0.39103 
21.7506 0.0180324 0.00929788 0.00285374 -0.028653 0.0156666 -0.231486 -0.373674 
22.2222 0.0201452 0.0100849 0.00201534 -0.0315409 0.0184136 -0.244672 -0.364996 
22.2222 0.0212191 0.02971 0.0150851 -0.143743 0.0457215 -0.244672 -0.364996 
22.6938 0.0208158 0.0297909 0.0178006 -0.142563 0.0472763 -0.242335 -0.350164 
23.6976 0.0185815 0.0283233 0.0247678 -0.131336 0.047736 -0.22896 -0.318887 
25 0.013321 0.0232836 0.0365348 -0.100824 0.0431786 -0.19386 -0.280584 
26.3024 0.00675269 0.0156549 0.0518541 -0.0588618 0.0351813 -0.138025 -0.247399 
27.3062 0.00230511 0.00918848 0.0664117 -0.0263474 0.0294436 -0.0806429 -0.227083 
27.7778 0.000864311 0.00635153 0.0741555 -0.0134136 0.0277433 -0.0493805 -0.219529 
27.7778 0.000909178 0.00387673 0.00798848 -0.00439525 0.0062575 -0.0493805 -0.219529 
28.2494 0.000956331 0.0038352 0.00791578 -0.00448357 0.00640499 -0.0506448 -0.214326 
29.2532 0.00103274 0.00372062 0.00771763 -0.00458912 0.00661869 -0.0526292 -0.203361 
30.5556 0.00108294 0.00352703 0.00739633 -0.00457544 0.00671621 -0.053893 -0.189426 
31.8579 0.00108029 0.00329336 0.00703389 -0.00441586 0.00664533 -0.053827 -0.175909 
32.8617 0.00104539 0.00309221 0.00674508 -0.0042092 0.0064985 -0.0529505 -0.16583 
33.3333 0.00102008 0.00299264 0.00661031 -0.00409044 0.00640679 -0.0523055 -0.161209 
33.3333 0.00107168 0.00278265 0.00596093 -0.00415361 0.00583614 -0.0523055 -0.161209 
33.8049 0.00106705 0.00270501 0.0058035 -0.00408641 0.00575906 -0.0521924 -0.156927 
34.8088 0.00104318 0.00253503 0.00546673 -0.00391143 0.00555921 -0.0516053 -0.148021 
36.1111 0.000987203 0.00230858 0.0050371 -0.00363111 0.00524308 -0.0502017 -0.136912 
37.4135 0.000907981 0.00207976 0.00462859 -0.00330529 0.00488293 -0.0481452 -0.12634 
38.4173 0.000834336 0.00190407 0.00433506 -0.00303163 0.00458703 -0.0461514 -0.118575 
38.8889 0.000796682 0.00182214 0.00420485 -0.002898 0.00444487 -0.045098 -0.115047 
38.8889 0.000835979 0.00170407 0.00380173 -0.00294737 0.00411131 -0.045098 -0.115047 
39.3605 0.000813389 0.00163812 0.00366317 -0.00285047 0.00398728 -0.0444845 -0.111785 
40.3643 0.000760954 0.00150103 0.00338001 -0.00263917 0.00372052 -0.0430268 -0.105057 
41.6667 0.000686119 0.00133067 0.00303938 -0.00235954 0.003375 -0.0408563 -0.0967691 
42.969 0.000606178 0.00116956 0.00273193 -0.00207925 0.00303743 -0.0384025 -0.0889815 
43.9728 0.000542589 0.00105197 0.00251883 -0.00186565 0.00278648 -0.0363325 -0.0833226 
44.4445 0.000512428 0.00099872 0.00242606 -0.00176658 0.00267206 -0.0353082 -0.0807676 
44.4445 0.000537091 0.000938087 0.00219894 -0.00179836 0.00249274 -0.0353082 -0.0807676 
44.9161 0.000516423 0.000894723 0.00210391 -0.00172218 0.00239247 -0.0346222 -0.0784083 
45.9199 0.000472394 0.000806917 0.00191339 -0.00156422 0.0021864 -0.0331134 -0.073571 
47.2222 0.000415914 0.000701902 0.00168991 -0.0013689 0.00193524 -0.0310709 -0.0676634 
48.5246 0.000360986 0.000606495 0.0014926 -0.00118547 0.00170356 -0.0289466 -0.0621625 
49.5284 0.000320127 0.000539135 0.00135774 -0.00105254 0.00153862 -0.0272592 -0.0581939 
50 0.00030145 0.000509249 0.00129937 -0.000992666 0.00146523 -0.0264521 -0.0564096 
50 0.000315615 0.000480274 0.00118052 -0.00101137 0.00137552 -0.0264521 -0.0564096 
51.1555 0.000283964 0.000422415 0.00104141 -0.000899684 0.00122231 -0.0250907 -0.0524473 
53.8807 0.00021788 0.000309331 0.000767373 -0.000674386 0.000914337 -0.021978 -0.0440658 
58.1841 0.000138246 0.000185096 0.000462864 -0.00041554 0.000562073 -0.0175068 -0.0332734 
64.0928 7.00876e-05 8.83907e-05 0.000222893 -0.000204462 0.000275978 -0.0124653 -0.0224023 
71.646 2.75591e-05 3.29202e-05 8.36628e-05 -7.82441e-05 0.000105436 -0.00781652 -0.013335 
80.8957 8.21096e-06 9.36947e-06 2.39716e-05 -2.27847e-05 3.06652e-05 -0.00426656 -0.00695883 
91.9091 1.81987e-06 2.00168e-06 5.1494e-06 -4.95799e-06 6.66703e-06 -0.00200863 -0.00315758 
104.772 2.95315e-07 3.15693e-07 8.15639e-07 -7.93165e-07 1.06593e-06 -0.00080914 -0.00123556 
119.592 3.45315e-08 3.61321e-08 9.36585e-08 -9.17576e-08 1.23263e-07 -0.000276687 -0.000413261 
136.505 2.85715e-09 2.94326e-09 7.64762e-09 -7.53301e-09 1.01167e-08 -7.95879e-05 -0.000116952 
155.687 1.63517e-10 1.66599e-10 4.33623e-10 -4.28752e-10 5.75701e-10 -1.90398e-05 -2.76565e-05 
177.361 6.28146e-12 6.35216e-12 1.65526e-11 -1.64089e-11 2.20302e-11 -3.73174e-06 -5.37793e-06 
201.825 1.55452e-13 1.56441e-13 4.07965e-13 -4.05099e-13 5.43837e-13 -5.87055e-07 -8.41685e-07 
229.485 2.33923e-15 2.34709e-15 6.12358e-15 -6.08681e-15 8.17106e-15 -7.2014e-08 -1.02923e-07 
260.916 1.96741e-17 1.97064e-17 5.14277e-17 -5.11493e-17 6.8662e-17 -6.60433e-09 -9.42166e-09 
296.984 8.1261e-20 8.1308e-20 2.12264e-19 -2.11152e-19 2.83452e-19 -4.24445e-10 -6.04997e-10 
339.116 1.32879e-22 1.33494e-22 3.45622e-22 -3.45976e-22 4.63703e-22 -1.71636e-11 -2.43343e-11 
390.041 5.29417e-26 4.18583e-26 1.86478e-25 -1.22286e-25 1.89297e-25 -3.42594e-13 -6.36797e-13 
456.748 3.13267e-28 1.6246e-27 2.90487e-27 -1.85318e-27 2.58709e-27 -2.63535e-14 1.32576e-13 
