0 0.0344756 0.00382972 2.63564e-17 -0.0232157 0.00831285 -0.349822 0.515468 
0.4716 0.0298081 0.00290412 0.000147812 -0.0187983 0.00316178 -0.325281 0.520786 
1.47542 0.0216042 0.0014643 0.0012716 -0.0113639 -0.00510716 -0.276924 0.529772 
2.77778 0.0138086 0.000423416 0.00381413 -0.00488542 -0.011559 -0.221394 0.537183 
4.08014 0.0084436 2.99846e-05 0.0069668 -0.00101661 -0.0145676 -0.173123 0.540439 
5.08396 0.00554763 2.1149e-05 0.00951657 0.000692057 -0.0152591 -0.140328 0.540504 
5.55556 0.00448198 7.92787e-05 0.0107015 0.00120436 -0.0152251 -0.126132 0.539881 
5.55556 0.00474191 4.17894e-05 0.00950202 0.000927953 -0.0156779 -0.126132 0.539881 
6.02716 0.00371271 0.000115938 0.0106299 0.00136765 -0.0156392 -0.111608 0.539109 
7.03098 0.00204885 0.00036581 0.0128832 0.00180468 -0.0150002 -0.0829098 0.536249 
8.33333 0.000736112 0.000813939 0.0153972 0.00161356 -0.0133963 -0.0496961 0.530337 
9.63569 0.000123733 0.00133603 0.0173472 0.000847554 -0.0113054 -0.0203748 0.52228 
10.6395 1.84722e-10 0.0017595 0.018432 1.18842e-06 -0.00954637 -2.48948e-05 0.514803 
11.1111 2.38581e-05 0.00196046 0.0188136 -0.000450831 -0.0087056 0.00894681 0.510949 
11.1111 2.52024e-05 0.00175818 0.0167627 -0.000452303 -0.0101817 0.00894681 0.510949 
11.5827 0.000112614 0.00197915 0.0170092 -0.00101441 -0.0093604 0.0189123 0.507191 
12.5865 0.000484891 0.00246327 0.0172203 -0.00234831 -0.00758833 0.0392437 0.498475 
13.8889 0.0012993 0.00311983 0.0168795 -0.00432612 -0.00527926 0.0642396 0.485801 
15.1912 0.00245184 0.00381854 0.0158946 -0.00657465 -0.00296251 0.0882457 0.471672 
16.1951 0.00356782 0.00439891 0.014743 -0.0085124 -0.00113799 0.106451 0.459815 
16.6667 0.00416389 0.00468834 0.0140973 -0.00949373 -0.000254547 0.115 0.453955 
16.6667 0.004392 0.0044211 0.0126016 -0.00975098 -0.00117129 0.115 0.453955 
17.1383 0.005163 0.00475637 0.0118575 -0.0109658 -0.000152961 0.124686 0.448221 
18.1421 0.00705137 0.00554239 0.0100893 -0.0138337 0.00222562 0.145715 0.435302 
19.4444 0.0100855 0.00675098 0.0075367 -0.0182593 0.00593158 0.174267 0.417009 
20.7468 0.0139435 0.00824996 0.00490282 -0.0237336 0.0107019 0.204905 0.396805 
21.7506 0.0176295 0.00967097 0.00300104 -0.028894 0.0154294 0.230402 0.379771 
22.2222 0.0196193 0.0104378 0.00219903 -0.0316664 0.0180603 0.243057 0.371284 
22.2222 0.0206652 0.0299291 0.01646 -0.142376 0.0455082 0.243057 0.371284 
22.6938 0.0201741 0.0298955 0.0193622 -0.140595 0.0468946 0.240152 0.357007 
23.6976 0.0178495 0.0282628 0.0267501 -0.128585 0.0471875 0.225893 0.326972 
25 0.0126803 0.0231912 0.0390928 -0.0981742 0.0428395 0.190394 0.290265 
26.3024 0.006384 0.0157019 0.05499 -0.0573183 0.0354343 0.135094 0.25843 
27.3062 0.00217123 0.00938033 0.0699695 -0.0258364 0.0302233 0.0787847 0.238827 
27.7778 0.000813517 0.00659324 0.0778975 -0.0132588 0.0287229 0.048225 0.231473 
27.7778 0.000855747 0.00410691 0.0083916 -0.0043889 0.00627594 0.048225 0.231473 
28.2494 0.000909193 0.00407677 0.00834783 -0.00450726 0.00646913 0.0497081 0.226327 
29.2532 0.0010004 0.00398389 0.00820684 -0.00467377 0.00677689 0.0521419 0.215453 
30.5556 0.00107101 0.00381285 0.00794981 -0.00473094 0.00698693 0.0539505 0.201576 
31.8579 0.00108818 0.00359515 0.00763991 -0.00463058 0.00701467 0.0543814 0.188051 
32.8617 0.00106717 0.0034018 0.00738373 -0.00446064 0.00693307 0.0538538 0.177922 
33.3333 0.00104779 0.00330458 0.00726204 -0.00435633 0.0068686 0.0533624 0.173264 
33.3333 0.00110079 0.00306938 0.00654863 -0.00442122 0.00623198 0.0533624 0.173264 
33.8049 0.00110235 0.00299431 0.00640119 -0.00436991 0.00618004 0.0534002 0.168943 
34.8088 0.00109034 0.00282737 0.00608108 -0.00422316 0.00602679 0.0531087 0.15993 
36.1111 0.0010468 0.00260027 0.00566456 -0.0039683 0.00575735 0.0520373 0.148639 
37.4135 0.000976377 0.00236613 0.00526092 -0.00365589 0.00542914 0.0502565 0.13784 
38.4173 0.000907 0.00218352 0.00496653 -0.00338491 0.00514862 0.0484381 0.129873 
38.8889 0.000870608 0.00209758 0.00483476 -0.00325039 0.00501113 0.0474564 0.126242 
38.8889 0.000913552 0.00195997 0.00437125 -0.00330434 0.00462266 0.0474564 0.126242 
39.3605 0.000893119 0.00189098 0.00422891 -0.00320916 0.00450305 0.0469227 0.122881 
40.3643 0.000843938 0.0017462 0.00393544 -0.00299776 0.00424106 0.0456125 0.115928 
41.6667 0.000770753 0.00156377 0.00357773 -0.00271105 0.00389333 0.0435899 0.107324 
42.969 0.000689817 0.0013887 0.00325028 -0.00241694 0.00354555 0.0412378 0.0991979 
43.9728 0.000623862 0.00125935 0.00302055 -0.00218882 0.00328227 0.0392168 0.0932658 
44.4445 0.000592159 0.00120033 0.00291976 -0.00208192 0.00316093 0.0382074 0.0905793 
44.4445 0.00062066 0.00112668 0.00264642 -0.00211864 0.00294284 0.0382074 0.0905793 
44.9161 0.000599501 0.00107865 0.00254216 -0.00203736 0.00283648 0.0375505 0.0880946 
45.9199 0.000553717 0.000980653 0.00233152 -0.00186695 0.00261559 0.0360881 0.0829853 
47.2222 0.000493697 0.000862062 0.00208153 -0.00165284 0.00234216 0.0340762 0.0767165 
48.5246 0.000434059 0.000752932 0.00185791 -0.00144838 0.00208578 0.0319518 0.0708481 
49.5284 0.000388936 0.000675035 0.00170328 -0.00129817 0.00190072 0.0302454 0.0665939 
50 0.000368101 0.000640237 0.00163586 -0.00122994 0.00181769 0.0294242 0.0646751 
50 0.000385398 0.000603486 0.00148623 -0.00125279 0.00170374 0.0294242 0.0646751 
51.2058 0.000349117 0.000533107 0.00131704 -0.00112068 0.00152225 0.0280049 0.0602207 
54.0495 0.000271711 0.000394134 0.000980096 -0.000850087 0.00115205 0.024706 0.0507653 
58.54 0.000175649 0.000239015 0.000599339 -0.00053226 0.000719467 0.0198643 0.0385209 
64.7057 9.09092e-05 0.000115972 0.000293335 -0.000266728 0.000359719 0.0142907 0.0260975 
72.5873 3.65187e-05 4.39631e-05 0.00011209 -0.000104085 0.000140123 0.00905747 0.0156491 
82.2392 1.11197e-05 1.27534e-05 3.27394e-05 -3.09348e-05 4.15917e-05 0.00499799 0.00823493 
93.7317 2.52021e-06 2.78098e-06 7.17879e-06 -6.87711e-06 9.23792e-06 0.0023794 0.00377173 
107.154 4.18618e-07 4.48396e-07 1.16251e-06 -1.12545e-06 1.51087e-06 0.000969746 0.00149133 
122.618 5.01811e-08 5.25689e-08 1.36738e-07 -1.33421e-07 1.79037e-07 0.000335753 0.00050462 
140.267 4.26525e-09 4.39668e-09 1.14637e-08 -1.12492e-08 1.50911e-08 9.78862e-05 0.000144662 
160.283 2.51414e-10 2.56241e-10 6.69244e-10 -6.59337e-10 8.84355e-10 2.37653e-05 3.47058e-05 
182.899 9.97887e-12 1.00928e-11 2.63905e-11 -2.60696e-11 3.49625e-11 4.73467e-06 6.85854e-06 
208.428 2.56131e-13 2.57776e-13 6.7453e-13 -6.67483e-13 8.95109e-13 7.58543e-07 1.09305e-06 
237.291 4.01563e-15 4.0292e-15 1.05481e-14 -1.0449e-14 1.40117e-14 9.49787e-08 1.36423e-07 
270.088 3.53815e-17 3.54393e-17 9.28017e-17 -9.19854e-17 1.23346e-16 8.91533e-09 1.27819e-08 
307.724 1.54141e-19 1.54238e-19 4.04e-19 -4.00537e-19 5.37095e-19 5.88448e-10 8.42903e-10 
351.689 2.68276e-22 2.69124e-22 7.00918e-22 -6.98e-22 9.34924e-22 2.45493e-11 3.50298e-11 
404.829 1.17378e-25 1.0049e-25 3.81021e-25 -2.82125e-25 4.16365e-25 5.13502e-13 8.90034e-13 
474.437 3.93725e-28 1.87515e-27 3.13236e-27 -2.23205e-27 2.94903e-27 2.97403e-14 -1.39452e-13 
