0 6.17403e-30 5.39267e-30 2.02143e-29 -1.16582e-29 1.85206e-29 -3.53879e-16 1.04165e-15 
0.2358 1.27409e-30 2.49081e-30 1.18013e-29 3.59927e-30 5.08487e-30 -1.60757e-16 1.03784e-15 
0.73771 2.60769e-31 1.9645e-30 1.39805e-29 -1.4461e-30 8.19262e-30 7.27274e-17 7.30312e-16 
1.38889 2.03063e-30 1.87392e-30 2.34339e-30 -3.94126e-30 4.18335e-30 2.02948e-16 4.83509e-16 
2.04007 1.75836e-30 4.02506e-32 1.23523e-29 -5.37506e-31 9.4063e-30 1.88853e-16 2.27823e-16 
2.54198 7.2254e-30 2.18986e-30 2.88183e-30 -8.0368e-30 1.04689e-29 -3.82826e-16 4.0017e-16 
2.77778 3.80091e-30 4.47554e-30 1.60563e-28 -8.33317e-30 1.1087e-28 2.7766e-16 4.11379e-16 
2.77778 3.80091e-30 8.61851e-30 6.32474e-29 -1.15639e-29 5.29598e-29 2.7766e-16 4.11379e-16 
3.01358 1.0397e-30 7.19335e-32 1.82688e-29 5.52539e-31 1.23066e-29 -1.45219e-16 2.98294e-16 
3.51549 2.54068e-30 2.54861e-31 3.69811e-31 -1.62581e-30 2.10667e-30 -2.2701e-16 3.91509e-16 
4.16667 6.67689e-30 2.34217e-30 4.15374e-33 -7.98988e-30 8.83195e-30 3.68008e-16 2.52182e-16 
4.81785 6.24946e-32 9.55364e-31 2.17823e-29 -4.93684e-31 1.50566e-29 -3.56034e-17 1.01474e-16 
5.31976 1.154e-29 2.70681e-30 4.80512e-30 -1.12921e-29 1.6416e-29 -4.83808e-16 4.26941e-16 
5.55556 3.02651e-29 9.63902e-30 4.15328e-28 -3.45089e-29 3.06514e-28 7.83504e-16 4.05547e-16 
5.55556 3.20203e-29 5.3067e-29 5.13305e-29 -8.59294e-29 1.23723e-28 7.83504e-16 4.05547e-16 
5.79136 3.76674e-29 4.39327e-30 3.0736e-29 -2.6816e-29 6.25562e-29 8.49788e-16 6.29775e-17 
6.29327 1.64673e-29 1.87986e-29 4.2405e-29 -3.66768e-29 6.44165e-29 -5.61875e-16 3.04829e-16 
6.94444 1.14405e-28 1.29537e-28 2.39682e-28 -2.53767e-28 3.94034e-28 -1.48098e-15 1.84843e-15 
7.59562 1.65452e-27 1.62038e-27 4.15471e-27 -3.41319e-27 5.90425e-27 -5.63201e-15 6.49308e-15 
8.09753 1.27186e-26 1.26881e-26 2.87535e-26 -2.64809e-26 4.3613e-26 -1.56152e-14 1.78883e-14 
8.33333 3.12506e-26 3.09676e-26 7.12738e-26 -6.48484e-26 1.07125e-25 -2.44769e-14 2.86411e-14 
8.33333 3.12506e-26 8.90991e-27 7.54563e-26 -3.47842e-26 8.51332e-26 -2.44769e-14 2.86411e-14 
8.56913 7.9548e-26 9.78143e-26 1.78694e-25 -1.83879e-25 2.92242e-25 -3.9052e-14 4.5575e-14 
9.07104 4.9558e-25 4.61021e-25 1.19947e-24 -9.964e-25 1.70248e-24 -9.74732e-14 1.19281e-13 
9.72222 6.35577e-24 6.46727e-24 1.51492e-23 -1.33648e-23 2.23568e-23 -3.4907e-13 4.1684e-13 
10.3734 7.69008e-23 7.61317e-23 1.83238e-22 -1.59502e-22 2.67896e-22 -1.21421e-12 1.46123e-12 
10.8753 5.33128e-22 5.33145e-22 1.27402e-21 -1.11136e-21 1.86615e-21 -3.19701e-12 3.83576e-12 
11.1111 1.32052e-21 1.30698e-21 3.12974e-21 -2.73857e-21 4.59016e-21 -5.03154e-12 6.03969e-12 
11.1111 1.39492e-21 3.25077e-22 3.1279e-21 -1.44692e-21 3.59591e-21 -5.03154e-12 6.03969e-12 
11.3469 3.33647e-21 4.01354e-21 7.57958e-21 -7.86295e-21 1.23079e-20 -7.78161e-12 9.3476e-12 
11.8488 2.07726e-20 1.93476e-20 5.11543e-20 -4.30761e-20 7.26723e-20 -1.94165e-11 2.39581e-11 
12.5 2.70712e-19 2.78543e-19 6.4832e-19 -5.90035e-19 9.67674e-19 -7.00938e-11 8.37928e-11 
13.1512 3.30862e-18 3.32472e-18 7.92973e-18 -7.12654e-18 1.17316e-17 -2.45047e-10 2.9559e-10 
13.6531 2.30676e-17 2.34596e-17 5.5482e-17 -4.9985e-17 8.22444e-17 -6.47034e-10 7.79522e-10 
13.8889 5.72124e-17 5.76465e-17 1.36559e-16 -1.23398e-16 2.02666e-16 -1.01899e-09 1.22964e-09 
13.8889 5.72124e-17 1.7011e-17 1.52338e-16 -6.70329e-17 1.67166e-16 -1.01899e-09 1.22964e-09 
14.1247 1.50967e-16 1.88551e-16 3.48869e-16 -3.6252e-16 5.69472e-16 -1.65526e-09 1.95062e-09 
14.6266 9.62184e-16 9.12194e-16 2.34501e-15 -2.01303e-15 3.37003e-15 -4.17883e-09 5.12879e-09 
15.2778 1.23003e-14 1.27533e-14 2.95407e-14 -2.69121e-14 4.41035e-14 -1.49411e-08 1.79904e-08 
15.929 1.4799e-13 1.50246e-13 3.56949e-13 -3.20402e-13 5.27467e-13 -5.18253e-08 6.31364e-08 
16.4309 1.01709e-12 1.04625e-12 2.46456e-12 -2.21654e-12 3.64767e-12 -1.35864e-07 1.65625e-07 
16.6667 2.50414e-12 2.55517e-12 6.02788e-12 -5.43522e-12 8.92936e-12 -2.13184e-07 2.60522e-07 
16.6667 2.64132e-12 9.45587e-13 6.08211e-12 -3.49715e-12 7.35061e-12 -2.13184e-07 2.60522e-07 
16.9025 6.19526e-12 7.34664e-12 1.43246e-11 -1.49288e-11 2.307e-11 -3.26493e-07 4.02418e-07 
17.4044 3.84708e-11 3.78353e-11 9.66491e-11 -8.44241e-11 1.39187e-10 -8.13598e-07 1.02624e-06 
18.0556 4.7691e-10 5.1183e-10 1.17147e-09 -1.09328e-09 1.75921e-09 -2.86459e-06 3.5506e-06 
18.7067 5.52088e-09 5.87848e-09 1.36816e-08 -1.26063e-08 2.0359e-08 -9.74649e-06 1.22973e-05 
19.2086 3.62881e-08 3.94485e-08 9.07635e-08 -8.3724e-08 1.35163e-07 -2.49877e-05 3.18344e-05 
19.4444 8.71308e-08 9.45287e-08 2.17549e-07 -2.00826e-07 3.23859e-07 -3.87195e-05 4.96847e-05 
19.4444 8.71308e-08 7.62316e-08 2.4327e-07 -1.80346e-07 3.19957e-07 -3.87195e-05 4.96847e-05 
19.6802 2.11238e-07 2.44753e-07 5.15384e-07 -5.03156e-07 7.947e-07 -6.0288e-05 7.76052e-05 
20.1822 1.30552e-06 1.43641e-06 3.37019e-06 -3.03028e-06 4.93463e-06 -0.000149877 0.000197763 
20.8333 1.37222e-05 1.59648e-05 3.56571e-05 -3.27527e-05 5.28573e-05 -0.000485911 0.000659455 
21.4845 0.000132352 0.000160485 0.000356983 -0.000322503 0.000523174 -0.00150907 0.00214807 
21.9864 0.000707351 0.000910788 0.00197855 -0.00177614 0.00288605 -0.00348868 0.00523025 
22.2222 0.00150367 0.0019993 0.00431208 -0.00383679 0.00625213 -0.00508652 0.00787973 
22.2222 0.00158383 0.00405261 0.0320846 -0.0145041 0.0162761 -0.00508652 0.00787973 
22.3794 0.0152752 0.0196776 0.0239485 -0.0992545 0.0450468 -0.0157965 0.012728 
22.714 0.0493482 0.0529829 0.0298789 -0.292734 0.115159 -0.0283924 0.0317388 
23.1481 0.0651418 0.0666901 0.0708318 -0.377338 0.141821 -0.032621 0.0638648 
23.5823 0.0538511 0.0544168 0.142756 -0.309909 0.108459 -0.0296595 0.0958427 
23.9169 0.0367314 0.0369202 0.207737 -0.210824 0.0644779 -0.0244954 0.11702 
24.0741 0.0282835 0.028467 0.237649 -0.162445 0.0434261 -0.0214948 0.125417 
24.0741 0.0282835 0.0284141 0.237433 -0.162294 0.043296 -0.0214948 0.125417 
24.2313 0.0202856 0.0203623 0.264781 -0.116353 0.023345 -0.0182037 0.132662 
24.5659 0.00674301 0.0067616 0.310178 -0.0386564 -0.0102468 -0.0104953 0.143845 
25 4.93208e-06 4.93629e-06 0.332499 -2.82479e-05 -0.0268964 0.000283845 0.14902 
25.4341 0.00746164 0.0074817 0.307773 -0.0427748 -0.00847926 0.0110404 0.143281 
25.7687 0.0214083 0.0214887 0.260975 -0.122791 0.0261132 0.0187007 0.131693 
25.9259 0.0295207 0.0296568 0.233187 -0.169393 0.0463527 0.0219599 0.124273 
25.9259 0.0295207 0.0297118 0.233405 -0.16955 0.0464859 0.0219599 0.124273 
26.0831 0.0380235 0.0382194 0.203215 -0.218242 0.0676789 0.0249226 0.115712 
26.4177 0.0550393 0.055622 0.138218 -0.31676 0.111441 0.0299849 0.0942406 
26.8519 0.0656998 0.0672843 0.067273 -0.380636 0.143334 0.0327604 0.0620183 
27.286 0.0488381 0.0525239 0.0277518 -0.289953 0.114115 0.0282453 0.029872 
27.6206 0.0143038 0.018659 0.0226164 -0.0935276 0.042684 0.0152859 0.0110821 
27.7778 0.00114599 0.00338334 0.031113 -0.0112729 0.0148691 0.00432671 0.00644535 
27.7778 0.00120548 0.00156936 0.00336916 -0.00322009 0.00503377 0.00432671 0.00644535 
28.0136 0.000548885 0.000696553 0.00150457 -0.00144758 0.00225817 0.00291957 0.00422874 
28.5155 9.67671e-05 0.000116367 0.000257189 -0.00024843 0.000387063 0.00122586 0.0016978 
29.1667 9.42943e-06 1.0967e-05 2.42436e-05 -2.38074e-05 3.68939e-05 0.000382666 0.000507274 
29.8178 8.43883e-07 9.21352e-07 2.16506e-06 -2.06433e-06 3.23617e-06 0.000114477 0.000148348 
30.3198 1.32548e-07 1.57912e-07 3.19493e-07 -3.38703e-07 5.10963e-07 4.53694e-05 5.71538e-05 
30.5556 5.32699e-08 4.09887e-08 1.50065e-07 -1.09395e-07 1.93945e-07 2.87619e-05 3.62471e-05 
30.5556 5.32699e-08 5.78954e-08 1.32101e-07 -1.30014e-07 2.0142e-07 2.87619e-05 3.62471e-05 
30.7914 2.17965e-08 2.3763e-08 5.42019e-08 -5.32806e-08 8.26435e-08 1.8398e-05 2.30256e-05 
31.2933 3.19428e-09 3.40975e-09 7.86836e-09 -7.72634e-09 1.19873e-08 7.0431e-06 8.73453e-06 
31.9444 2.64039e-10 2.85121e-10 6.42416e-10 -6.42354e-10 9.9089e-10 2.02494e-06 2.45973e-06 
32.5956 2.0367e-11 2.01466e-11 4.97091e-11 -4.74231e-11 7.44048e-11 5.62394e-07 6.85472e-07 
33.0975 3.04217e-12 4.04836e-12 7.17801e-12 -8.21594e-12 1.21834e-11 2.17355e-07 2.5079e-07 
33.3333 1.02791e-12 3.64281e-13 3.33243e-12 -1.43259e-12 3.55408e-12 1.26344e-07 1.53276e-07 
33.3333 1.07991e-12 1.06428e-12 2.45354e-12 -2.57861e-12 3.85304e-12 1.26344e-07 1.53276e-07 
33.8049 1.78697e-13 1.95576e-13 4.30519e-13 -4.49657e-13 6.78076e-13 5.1395e-08 5.98486e-08 
34.8088 2.51614e-15 2.10502e-15 7.00547e-15 -5.53554e-15 9.29537e-15 6.09858e-09 8.50454e-09 
36.1111 9.05171e-17 1.80162e-16 8.19367e-17 -3.07158e-16 3.56194e-16 1.15672e-09 4.34045e-10 
37.4135 1.60903e-17 5.96793e-17 1.14681e-18 -7.45347e-17 8.63094e-17 -4.8769e-10 1.20579e-10 
38.4173 1.37896e-17 7.60933e-17 6.06079e-19 -7.79136e-17 1.02444e-16 4.51478e-10 5.80204e-11 
38.8889 2.00907e-18 2.64536e-16 3.53456e-17 -5.54503e-17 3.29547e-16 -1.72329e-10 -9.39337e-11 
38.8889 2.10817e-18 1.00594e-18 2.86597e-18 -3.5961e-18 5.27171e-18 -1.72329e-10 -9.39337e-11 
39.3605 1.74136e-19 9.19206e-20 2.73407e-19 -3.12424e-19 4.73064e-19 -4.9528e-11 -1.54037e-11 
40.3643 1.42033e-23 7.87268e-22 1.03494e-22 -2.61126e-22 9.84064e-22 4.47301e-13 1.21425e-12 
41.6667 8.48816e-23 2.57839e-22 1.07563e-23 -3.65321e-22 3.86076e-22 -1.09349e-12 1.25104e-12 
42.969 9.4593e-23 3.06345e-22 3.07777e-23 -4.20367e-22 4.74493e-22 1.15435e-12 -3.61833e-13 
43.9728 6.74534e-23 3.66954e-22 1.49555e-23 -3.88509e-22 5.05691e-22 -9.74783e-13 2.8376e-14 
44.4445 1.21248e-23 1.3839e-21 4.64433e-23 -3.19877e-22 1.64124e-21 4.13279e-13 2.14831e-13 
44.4445 1.27083e-23 5.86583e-24 1.69516e-23 -2.18746e-23 3.15662e-23 4.13279e-13 2.14831e-13 
44.9161 1.00934e-24 5.10213e-25 1.55626e-24 -1.81813e-24 2.71539e-24 1.16471e-13 3.1005e-14 
45.9199 2.55486e-28 5.96338e-27 1.32801e-27 -3.12724e-27 7.98612e-27 -1.85303e-15 -3.89478e-15 
47.2222 4.85453e-28 1.54965e-27 5.90425e-29 -2.19746e-27 2.30006e-27 2.5543e-15 -3.12892e-15 
48.5246 5.50913e-28 1.87704e-27 2.02465e-28 -2.57637e-27 2.90054e-27 -2.72107e-15 9.07048e-16 
49.5284 4.40563e-28 2.27498e-27 8.5643e-29 -2.53643e-27 3.16955e-27 2.43334e-15 -1.8157e-16 
50 5.00571e-29 9.17266e-27 2.13789e-28 -1.71676e-27 1.08302e-26 -8.20222e-16 -4.69908e-16 
50 5.24093e-29 7.87622e-29 7.41083e-28 -1.66898e-28 6.45377e-28 -8.20222e-16 -4.69908e-16 
50.0861 1.94939e-29 7.09882e-29 1.07537e-29 -9.66342e-29 1.10634e-28 -5.00238e-16 -2.5952e-16 
50.2892 3.46714e-29 3.75953e-31 1.0808e-31 -9.37866e-30 3.81601e-29 -6.67134e-16 -4.71061e-17 
50.6099 2.92857e-30 1.172e-30 3.93526e-29 -4.81259e-30 3.0993e-29 -1.9389e-16 -1.94664e-17 
51.0502 2.84358e-30 1.19875e-31 2.54235e-30 -1.51665e-30 4.91284e-30 1.91056e-16 6.34871e-17 
51.613 2.24378e-30 2.64636e-33 4.67715e-31 2.00172e-31 2.75083e-30 -1.69714e-16 -2.57238e-17 
52.3023 1.8816e-31 7.44479e-33 4.75201e-31 -9.72251e-32 5.25438e-31 -4.91463e-17 3.40238e-17 
53.123 7.74212e-32 9.98695e-33 4.87245e-33 -7.22328e-32 9.77319e-32 3.15251e-17 -1.44793e-17 
54.0816 1.46331e-33 1.88543e-35 2.23246e-33 -4.31481e-34 2.02046e-33 4.33406e-18 1.34187e-17 
55.1859 5.80807e-34 2.9605e-33 3.17565e-32 -3.40633e-33 1.73468e-32 2.73051e-18 -3.64962e-17 
56.4463 3.73269e-33 2.67625e-33 1.61703e-34 -8.21036e-33 6.98927e-33 -6.9221e-18 6.91233e-18 
57.8757 1.41633e-35 1.11531e-32 9.15751e-32 -1.03245e-33 6.06163e-32 4.26392e-19 -4.79394e-17 
59.4908 1.9714e-33 3.04927e-32 1.14776e-33 -2.01406e-32 3.81542e-32 -5.03053e-18 6.49361e-18 
61.3139 8.1037e-34 1.13502e-32 4.20258e-34 7.8783e-33 1.42768e-32 -3.22529e-18 -4.03948e-18 
63.3751 1.50934e-33 6.16101e-33 5.08826e-35 7.92151e-33 8.69687e-33 4.40171e-18 4.95802e-18 
65.7173 2.45015e-33 4.09675e-33 1.0578e-34 -8.23009e-33 7.45852e-33 5.60821e-18 -2.67038e-18 
68.4051 9.46419e-33 1.7089e-33 4.6994e-34 -1.04469e-32 1.25613e-32 -1.10222e-17 -2.02336e-18 
71.5447 3.64995e-34 5.90059e-34 2.27035e-34 -1.20553e-33 1.19736e-33 2.16456e-18 -2.52386e-18 
75.3396 7.94588e-33 5.99453e-34 2.17684e-33 -5.66939e-33 1.05229e-32 -1.00995e-17 6.66845e-18 
80.3106 6.51686e-34 4.62377e-34 4.60973e-34 -1.42595e-33 1.52506e-33 2.89232e-18 -2.25932e-18 
