0 0.0336813 0.00374148 1.01054e-17 -0.0226809 0.00724687 0.349052 -0.519654 
0.4716 0.0292792 0.00286286 0.000129985 -0.0184979 0.00238755 0.325444 -0.524721 
1.47542 0.0214713 0.00147775 0.00112388 -0.0113808 -0.00552542 0.278693 -0.533347 
2.77778 0.0139415 0.00044998 0.00339198 -0.00506052 -0.0118816 0.22457 -0.54058 
4.08014 0.00866653 3.99268e-05 0.00623162 -0.0011885 -0.0150241 0.177059 -0.543896 
5.08396 0.00577059 1.39954e-05 0.00854765 0.000574178 -0.0158894 0.14448 -0.544121 
5.55556 0.00469258 6.52395e-05 0.00962969 0.0011179 -0.0159444 0.130287 -0.543596 
5.55556 0.00496473 3.18175e-05 0.00855034 0.000828509 -0.0163043 0.130287 -0.543596 
6.02716 0.00392221 9.94125e-05 0.00958511 0.00130167 -0.0163499 0.115803 -0.542924 
7.03098 0.00221511 0.000340466 0.0116668 0.0018103 -0.0158847 0.0870268 -0.540309 
8.33333 0.000835137 0.000790945 0.0140169 0.00169421 -0.0144679 0.053436 -0.534753 
9.63569 0.000161486 0.00133291 0.0158705 0.000967132 -0.0124979 0.0234976 -0.527058 
10.6395 1.90411e-06 0.00178344 0.0169239 0.000121476 -0.0107806 0.00255153 -0.519846 
11.1111 1.32371e-05 0.00200038 0.0173025 -0.00033921 -0.00994382 -0.00672746 -0.516107 
11.1111 1.39829e-05 0.00179091 0.0154163 -0.000340027 -0.011327 -0.00672746 -0.516107 
11.5827 8.835e-05 0.00202635 0.0156709 -0.000909155 -0.010504 -0.0169105 -0.512454 
12.5865 0.000439757 0.00254641 0.0159277 -0.00227378 -0.00869687 -0.0377276 -0.50395 
13.8889 0.00124022 0.00325799 0.0156982 -0.00431918 -0.00628503 -0.063358 -0.491523 
15.1912 0.00238952 0.00401765 0.0148742 -0.00665762 -0.00381392 -0.0879443 -0.477607 
16.1951 0.00350558 0.00464635 0.0138741 -0.00867188 -0.00184678 -0.10652 -0.465897 
16.6667 0.00410097 0.00495821 0.0133063 -0.0096891 -0.000892471 -0.115211 -0.460102 
16.6667 0.00432563 0.00466696 0.0118945 -0.00994246 -0.00178698 -0.115211 -0.460102 
17.1383 0.00508725 0.00502112 0.0112325 -0.0111839 -0.000706608 -0.124943 -0.454435 
18.1421 0.00694295 0.00584337 0.00964924 -0.0140947 0.00179454 -0.145963 -0.441673 
19.4444 0.00989341 0.0070852 0.0073426 -0.0185268 0.00560952 -0.174238 -0.423624 
20.7468 0.0135912 0.00859098 0.00493305 -0.0239113 0.0103733 -0.204221 -0.403754 
21.7506 0.0170742 0.00998901 0.00316217 -0.028899 0.0149623 -0.228897 -0.387068 
22.2222 0.0189365 0.0107334 0.00240054 -0.0315479 0.0174714 -0.241058 -0.378781 
22.2222 0.019946 0.0299365 0.0179683 -0.139894 0.0449046 -0.241058 -0.378781 
22.6938 0.0193767 0.0297947 0.021054 -0.137556 0.0461362 -0.237593 -0.36506 
23.6976 0.016989 0.0280195 0.0288488 -0.124906 0.0463062 -0.222473 -0.336263 
25 0.0119521 0.0229572 0.0417324 -0.0948313 0.0422382 -0.186601 -0.301131 
26.3024 0.00596657 0.0156542 0.0581517 -0.0553285 0.0354935 -0.131843 -0.270629 
27.3062 0.00201397 0.00951489 0.0734936 -0.025061 0.0308536 -0.0765985 -0.251737 
27.7778 0.000749665 0.00679553 0.0815725 -0.0129216 0.0295713 -0.0467334 -0.244587 
27.7778 0.000788581 0.00432631 0.00878748 -0.00432422 0.00621187 -0.0467334 -0.244587 
28.2494 0.000847358 0.00430897 0.00877506 -0.00447349 0.00645279 -0.0484437 -0.239503 
29.2532 0.000951962 0.00424107 0.00869714 -0.00470407 0.00686055 -0.0513468 -0.228732 
30.5556 0.00104238 0.00409733 0.00851325 -0.00483827 0.00719364 -0.0537301 -0.214928 
31.8579 0.00108002 0.00390065 0.00826564 -0.0048052 0.00733298 -0.0546916 -0.201411 
32.8617 0.00107408 0.00371909 0.00804984 -0.00467911 0.00732781 -0.054541 -0.191244 
33.3333 0.00106136 0.00362607 0.00794486 -0.00459278 0.0072961 -0.054217 -0.186555 
33.3333 0.00111505 0.00336412 0.00716436 -0.00465852 0.00658894 -0.054217 -0.186555 
33.8049 0.00112339 0.00329328 0.00703056 -0.00462641 0.00656735 -0.0544194 -0.1822 
34.8088 0.00112481 0.00313285 0.00673476 -0.00451516 0.00647203 -0.0544536 -0.173092 
36.1111 0.00109612 0.00290932 0.00634084 -0.00429525 0.00626406 -0.0537547 -0.161633 
37.4135 0.0010372 0.00267365 0.00595083 -0.00400543 0.0059822 -0.0522902 -0.150619 
38.4173 0.000974254 0.00248669 0.00566169 -0.00374379 0.00572763 -0.0506786 -0.142458 
38.8889 0.000940136 0.00239783 0.00553103 -0.00361135 0.00559955 -0.0497833 -0.138728 
38.8889 0.00098651 0.00223847 0.00500076 -0.00366961 0.00514943 -0.0497833 -0.138728 
39.3605 0.000969176 0.00216743 0.00485708 -0.00357905 0.00503864 -0.049344 -0.13527 
40.3643 0.000925215 0.00201686 0.00455801 -0.00337329 0.00479024 -0.0482119 -0.128096 
41.6667 0.000856081 0.00182432 0.00418838 -0.00308604 0.00445054 -0.0463757 -0.11918 
42.969 0.000776304 0.0016367 0.003845 -0.00278352 0.00410132 -0.044162 -0.110718 
43.9728 0.000709433 0.00149629 0.00360106 -0.00254424 0.00383144 -0.0422171 -0.104511 
44.4445 0.000676801 0.00143174 0.00349318 -0.00243084 0.00370556 -0.0412347 -0.101692 
44.4445 0.000709375 0.00134291 0.00316616 -0.00247281 0.00344185 -0.0412347 -0.101692 
44.9161 0.000688365 0.00129046 0.00305334 -0.00238787 0.0033316 -0.0406195 -0.0990802 
45.9199 0.000642045 0.00118258 0.00282362 -0.00220764 0.00309993 -0.0392291 -0.0936945 
47.2222 0.000579781 0.00105045 0.00254769 -0.0019772 0.00280826 -0.0372784 -0.0870562 
48.5246 0.000516402 0.000927274 0.00229755 -0.00175319 0.00252991 -0.0351819 -0.0808093 
49.5284 0.000467547 0.000838362 0.00212254 -0.0015862 0.00232604 -0.0334763 -0.076259 
50 0.000444739 0.000798367 0.00204565 -0.00150968 0.00223375 -0.0326496 -0.0742002 
50 0.000465638 0.000752109 0.00185854 -0.00153728 0.00208997 -0.0326496 -0.0742002 
51.2582 0.000425031 0.000667631 0.00165522 -0.00138378 0.00187875 -0.0311935 -0.0692032 
54.2256 0.000336098 0.000498863 0.00124525 -0.00106368 0.00144048 -0.0277388 -0.0585553 
58.9114 0.000221842 0.000307077 0.000773154 -0.000678007 0.000915595 -0.022536 -0.0446787 
65.3452 0.000117497 0.000151691 0.000385329 -0.000346802 0.000467178 -0.0164009 -0.0304846 
73.5696 4.83474e-05 5.8669e-05 0.000150247 -0.00013835 0.000186021 -0.0105206 -0.0184347 
83.6413 1.50901e-05 1.73963e-05 4.48583e-05 -4.20884e-05 5.65146e-05 -0.0058776 -0.00979528 
95.6335 3.50918e-06 3.88469e-06 1.00729e-05 -9.59111e-06 1.28666e-05 -0.00283437 -0.00453586 
109.639 5.98973e-07 6.42812e-07 1.67401e-06 -1.61188e-06 2.16101e-06 -0.001171 -0.00181568 
125.776 7.39369e-08 7.75399e-08 2.02585e-07 -1.9669e-07 2.63585e-07 -0.000411419 -0.000622907 
144.193 6.48891e-09 6.69277e-09 1.75272e-08 -1.71189e-08 2.29348e-08 -0.000121882 -0.000181355 
165.079 3.96252e-10 4.03972e-10 1.05969e-09 -1.03932e-09 1.39216e-09 -3.01189e-05 -4.42702e-05 
188.679 1.63587e-11 1.65473e-11 4.34554e-11 -4.27391e-11 5.72418e-11 -6.11967e-06 -8.92079e-06 
215.318 4.38797e-13 4.41628e-13 1.16061e-12 -1.14353e-12 1.53145e-12 -1.00227e-06 -1.45325e-06 
245.436 7.22961e-15 7.25401e-15 1.90722e-14 -1.8812e-14 2.51925e-14 -1.2865e-07 -1.8593e-07 
279.66 6.73926e-17 6.75017e-17 1.7752e-16 -1.75207e-16 2.34626e-16 -1.24211e-08 -1.79181e-08 
318.932 3.13207e-19 3.13418e-19 8.24411e-19 -8.13891e-19 1.08992e-18 -8.46779e-10 -1.22037e-09 
364.809 5.87951e-22 5.89078e-22 1.54424e-21 -1.52878e-21 2.0458e-21 -3.66881e-11 -5.27442e-11 
420.259 2.86623e-25 2.61409e-25 8.64458e-25 -7.11056e-25 1.00909e-24 -8.10045e-13 -1.31732e-12 
492.894 4.82649e-28 2.0419e-27 2.90136e-27 -2.57882e-27 3.12937e-27 -3.32407e-14 1.37632e-13 
