0 0.0327611 0.00363926 1.22809e-17 -0.0220612 0.00606127 -0.348765 0.525014 
0.4716 0.0286289 0.00280837 0.000113303 -0.0181165 0.00150007 -0.326029 0.529842 
1.47542 0.0212347 0.00148166 0.000984504 -0.0113329 -0.00603067 -0.280787 0.538121 
2.77778 0.0140006 0.000472749 0.00298961 -0.00519796 -0.012248 -0.227996 0.545168 
4.08014 0.00884495 5.02374e-05 0.00552421 -0.00134681 -0.0154852 -0.181218 0.548523 
5.08396 0.00596794 8.56334e-06 0.00760909 0.000456749 -0.0165018 -0.148856 0.548885 
5.55556 0.00488499 5.29601e-05 0.00858845 0.00102766 -0.0166381 -0.134675 0.548448 
5.55556 0.0051683 2.34947e-05 0.0076258 0.000726399 -0.0169085 -0.134675 0.548448 
6.02716 0.00411941 8.44239e-05 0.00856689 0.00122932 -0.0170317 -0.120235 0.547865 
7.03098 0.00238045 0.000315291 0.0104735 0.00180593 -0.0167321 -0.0913991 0.545475 
8.33333 0.000941162 0.000764439 0.0126525 0.00176815 -0.0155027 -0.0574704 0.540254 
9.63569 0.000207216 0.00132112 0.0144011 0.00109068 -0.0136642 -0.0269664 0.532909 
10.6395 8.52521e-06 0.00179413 0.0154171 0.000257808 -0.0120017 -0.00546972 0.525958 
11.1111 4.77587e-06 0.00202482 0.0157905 -0.000204991 -0.0111761 0.00409391 0.522337 
11.1111 5.04495e-06 0.00180928 0.0140692 -0.000205286 -0.0124651 0.00409391 0.522337 
11.5827 6.3092e-05 0.0020569 0.0143299 -0.000774055 -0.0116481 0.0144776 0.518793 
12.5865 0.000384574 0.00260792 0.014629 -0.00215186 -0.00982483 0.0357437 0.510512 
13.8889 0.00115564 0.0033678 0.014508 -0.00423899 -0.00733831 0.0619614 0.498355 
15.1912 0.00228278 0.00418152 0.0138445 -0.00663861 -0.0047439 0.0870848 0.484688 
16.1951 0.00338236 0.00485308 0.0129969 -0.00870556 -0.00265974 0.106003 0.473158 
16.6667 0.00396879 0.00518473 0.0125078 -0.00974697 -0.00164701 0.114826 0.467445 
16.6667 0.00418621 0.00487073 0.0111807 -0.00999217 -0.00252236 0.114826 0.467445 
17.1383 0.00492912 0.00524084 0.010602 -0.011247 -0.00139351 0.124599 0.461863 
18.1421 0.0067314 0.0060927 0.00920617 -0.0141713 0.00120006 0.145607 0.449292 
19.4444 0.00957055 0.00735851 0.00714898 -0.0185702 0.00508374 0.173619 0.431538 
20.7468 0.0130822 0.00886146 0.00496855 -0.0238257 0.0098031 0.202987 0.412044 
21.7506 0.0163459 0.0102295 0.00333511 -0.0286144 0.0142308 0.226899 0.395732 
22.2222 0.0180752 0.0109486 0.00261864 -0.0311296 0.0166112 0.2386 0.387654 
22.2222 0.0190387 0.0296793 0.0196008 -0.136087 0.0438367 0.2386 0.387654 
22.6938 0.0184032 0.0294374 0.0228606 -0.13325 0.0449284 0.234583 0.374492 
23.6976 0.0159839 0.0275469 0.0310325 -0.120129 0.0450214 0.218621 0.346929 
25 0.0111256 0.0225423 0.0443968 -0.0906633 0.041306 0.182395 0.313361 
26.3024 0.00549485 0.0154812 0.061251 -0.052802 0.0352915 0.128183 0.284179 
27.3062 0.00183104 0.00956896 0.0768681 -0.0239635 0.031268 0.0739945 0.266003 
27.7778 0.00067169 0.00693887 0.0850506 -0.0123595 0.030222 0.0448162 0.259066 
27.7778 0.000706558 0.00452356 0.00916217 -0.00418543 0.00604062 0.0448162 0.259066 
28.2494 0.000769316 0.00452039 0.00918339 -0.00436582 0.00633051 0.0467642 0.254049 
29.2532 0.000885132 0.00448082 0.0091743 -0.00466239 0.00684276 0.0501609 0.243392 
30.5556 0.000993913 0.0043694 0.00907254 -0.00487878 0.00730813 0.053154 0.22968 
31.8579 0.00105199 0.00419932 0.00889738 -0.00492063 0.00757152 0.0546848 0.216188 
32.8617 0.00106195 0.00403405 0.00873026 -0.00484561 0.00765406 0.0549432 0.205998 
33.3333 0.0010565 0.0039474 0.00864596 -0.00478098 0.00766079 0.0548021 0.201285 
33.3333 0.00110995 0.00365771 0.00779659 -0.00484642 0.00687966 0.0548021 0.201285 
33.8049 0.0011255 0.00359305 0.00768047 -0.00483693 0.00689381 0.0551848 0.196902 
34.8088 0.00114164 0.00344321 0.00741762 -0.00476881 0.00686841 0.0555788 0.187712 
36.1111 0.00113011 0.00322839 0.00705731 -0.00459428 0.00673812 0.0552976 0.176101 
37.4135 0.00108551 0.00299601 0.00669137 -0.00433763 0.00651896 0.0541953 0.164887 
38.4173 0.00103134 0.00280813 0.00641498 -0.00409331 0.00630268 0.0528259 0.156541 
38.8889 0.00100064 0.00271787 0.00628875 -0.00396659 0.00618968 0.0520336 0.152715 
38.8889 0.00105 0.00253474 0.00568584 -0.00402861 0.00567138 0.0520336 0.152715 
39.3605 0.00103679 0.00246303 0.00554395 -0.00394616 0.00557468 0.0517054 0.149164 
40.3643 0.00100026 0.00230935 0.00524551 -0.00375315 0.00535068 0.0507864 0.141776 
41.6667 0.00093801 0.00210969 0.00487108 -0.00347382 0.005032 0.0491806 0.132554 
42.969 0.000862073 0.00191192 0.00451774 -0.0031703 0.00469298 0.0471479 0.123757 
43.9728 0.000796192 0.00176194 0.00426342 -0.00292482 0.00442444 0.0453105 0.117276 
44.4445 0.000763467 0.00169243 0.00415003 -0.00280701 0.00429743 0.0443696 0.114324 
44.4445 0.000800212 0.00158618 0.00376152 -0.00285436 0.0039808 0.0443696 0.114324 
44.9161 0.000780179 0.00152985 0.00364145 -0.00276791 0.00386982 0.0438107 0.111584 
45.9199 0.000734966 0.00141304 0.00339495 -0.00258191 0.00363344 0.0425223 0.105919 
47.2222 0.000672314 0.00126818 0.00309516 -0.00233941 0.00333011 0.0406695 0.0989044 
48.5246 0.000606726 0.0011313 0.00281965 -0.00209901 0.00303492 0.0386348 0.0922689 
49.5284 0.000555087 0.00103136 0.00262456 -0.00191697 0.00281526 0.0369542 0.0874127 
50 0.000530686 0.000986085 0.00253819 -0.00183276 0.00271486 0.0361328 0.0852087 
50 0.000555623 0.00092838 0.00230603 -0.0018657 0.00253482 0.0361328 0.0852087 
51.313 0.000511528 0.000828549 0.00206507 -0.00169115 0.00229423 0.0346694 0.0796152 
54.4094 0.000411755 0.000626445 0.00157231 -0.00131932 0.00178477 0.0311051 0.0676451 
59.2989 0.00027815 0.000392069 0.00099275 -0.000857846 0.00115695 0.0255653 0.0519353 
66.0125 0.000151153 0.000197593 0.000504833 -0.000448933 0.000603877 0.018846 0.0357198 
74.5946 6.38904e-05 7.81686e-05 0.000201346 -0.000183579 0.000246452 0.0122526 0.0218084 
85.1042 2.05054e-05 2.37621e-05 6.16272e-05 -5.73409e-05 7.68726e-05 0.00694137 0.0117174 
97.618 4.91027e-06 5.4529e-06 1.422e-05 -1.34417e-05 1.80033e-05 0.00339675 0.00549502 
112.233 8.64785e-07 9.29788e-07 2.43498e-06 -2.32935e-06 3.11785e-06 0.00142549 0.00223134 
129.071 1.10443e-07 1.15941e-07 3.04596e-07 -2.93951e-07 3.93291e-07 0.000509425 0.000777961 
148.289 1.00623e-08 1.03836e-08 2.73421e-08 -2.65528e-08 3.55164e-08 0.000153766 0.00023065 
170.083 6.40512e-10 6.53129e-10 1.72258e-09 -1.68016e-09 2.24694e-09 3.8795e-05 5.74662e-05 
194.71 2.76976e-11 2.80187e-11 7.39772e-11 -7.23658e-11 9.67659e-11 8.06738e-06 1.18495e-05 
222.507 7.82646e-13 7.8769e-13 2.08116e-12 -2.03962e-12 2.72714e-12 1.35611e-06 1.9811e-06 
253.935 1.36751e-14 1.37209e-14 3.62672e-14 -3.55831e-14 4.75756e-14 1.79257e-07 2.61012e-07 
289.647 1.36275e-16 1.36492e-16 3.60864e-16 -3.54283e-16 4.73673e-16 1.78945e-08 2.60074e-08 
330.628 6.83776e-19 6.84257e-19 1.80931e-18 -1.77687e-18 2.37565e-18 1.26756e-09 1.84045e-09 
378.499 1.40396e-21 1.40511e-21 3.71001e-21 -3.64856e-21 4.87628e-21 5.74367e-11 8.32852e-11 
436.361 7.72737e-25 7.40676e-25 2.19944e-24 -1.96525e-24 2.70659e-24 1.3475e-12 2.08268e-12 
512.155 5.8623e-28 1.97397e-27 1.9053e-27 -2.79443e-27 2.93277e-27 3.71147e-14 -1.18077e-13 
