0 0.0316937 0.0035207 8.69404e-18 -0.0213425 0.00476963 0.34907 -0.531676 
0.4716 0.0278379 0.00273881 9.77688e-05 -0.0176418 0.000514833 0.327148 -0.536279 
1.47542 0.0208785 0.00147493 0.000853703 -0.0112119 -0.00660401 0.283319 -0.544225 
2.77778 0.013974 0.00049122 0.0026083 -0.00529349 -0.0126352 0.231786 -0.551086 
4.08014 0.00897048 6.0673e-05 0.00484771 -0.00149056 -0.0159243 0.185709 -0.554463 
5.08396 0.00613392 4.58198e-06 0.00670576 0.000338719 -0.0170671 0.153566 -0.554945 
5.55556 0.00505463 4.20801e-05 0.00758346 0.000931808 -0.0172757 0.139403 -0.554588 
5.55556 0.00534777 1.65461e-05 0.00673346 0.000620085 -0.0174607 0.139403 -0.554588 
6.02716 0.00430056 7.05714e-05 0.00758107 0.0011484 -0.0176538 0.125011 -0.554087 
7.03098 0.00254321 0.000289431 0.00931082 0.00178846 -0.0175097 0.0961336 -0.551907 
8.33333 0.00105461 0.000732561 0.011313 0.00183225 -0.0164674 0.0619057 -0.547004 
9.63569 0.000262537 0.00129726 0.0129491 0.00121654 -0.0147719 0.0308873 -0.540001 
10.6395 2.17256e-05 0.00178669 0.0139218 0.000410702 -0.0131796 0.00888527 -0.533313 
11.1111 2.43348e-07 0.00202807 0.0142873 -4.63096e-05 -0.0123739 -0.000940369 -0.529812 
11.1111 2.57058e-07 0.00180816 0.0127299 -4.63247e-05 -0.0135672 -0.000940369 -0.529812 
11.5827 3.84982e-05 0.00206487 0.0129945 -0.000605822 -0.0127658 -0.0115081 -0.52638 
12.5865 0.000320157 0.0026399 0.0133313 -0.00197539 -0.0109496 -0.0331867 -0.518335 
13.8889 0.00104458 0.00343858 0.0133142 -0.00407229 -0.00842362 -0.059945 -0.506476 
15.1912 0.00212817 0.00429642 0.0128083 -0.00649732 -0.00574541 -0.0855629 -0.493092 
16.1951 0.00319249 0.00500292 0.0121122 -0.00858726 -0.0035768 -0.104797 -0.481776 
16.6667 0.00376059 0.00535055 0.0117015 -0.0096384 -0.00252147 -0.113739 -0.476163 
16.6667 0.0039666 0.00501622 0.01046 -0.00987074 -0.00338 -0.113739 -0.476163 
17.1383 0.00468036 0.00539824 0.00996485 -0.0111229 -0.00221951 -0.123549 -0.470682 
18.1421 0.00640614 0.00627081 0.00875729 -0.0140253 0.000429648 -0.144544 -0.458342 
19.4444 0.00910353 0.00754858 0.00695161 -0.0183438 0.00433394 -0.172308 -0.440929 
20.7468 0.0124006 0.00903665 0.00500488 -0.0234249 0.00896472 -0.201105 -0.421854 
21.7506 0.0154273 0.0103661 0.00351624 -0.0279837 0.0132047 -0.224308 -0.405943 
22.2222 0.0170173 0.0110564 0.00285033 -0.0303532 0.0154478 -0.235584 -0.398083 
22.2222 0.0179244 0.0291006 0.021335 -0.130751 0.0422325 -0.235584 -0.398083 
22.6938 0.0172368 0.0287692 0.0247511 -0.127486 0.0432002 -0.231021 -0.385485 
23.6976 0.0148222 0.0267958 0.0332497 -0.114093 0.0432627 -0.21423 -0.359159 
25 0.0101942 0.0219047 0.0470022 -0.085549 0.0399713 -0.177664 -0.327146 
26.3024 0.00496594 0.0151492 0.0641658 -0.0496554 0.0347537 -0.124001 -0.299282 
27.3062 0.00162166 0.00951606 0.0799379 -0.0224895 0.0313887 -0.0708604 -0.28183 
27.7778 0.000579574 0.00700031 0.0881603 -0.0115314 0.0305955 -0.0423621 -0.275116 
27.7778 0.00060966 0.00468413 0.00949716 -0.00395625 0.00573572 -0.0423621 -0.275116 
28.2494 0.000674573 0.00469635 0.00955393 -0.00416697 0.00607448 -0.0445603 -0.270173 
29.2532 0.000798438 0.00468823 0.00961879 -0.0045295 0.00669317 -0.0484791 -0.259646 
30.5556 0.000922956 0.00461412 0.00960762 -0.00483126 0.00729739 -0.0521224 -0.246045 
31.8579 0.00100046 0.00447646 0.00951495 -0.00495441 0.00769539 -0.0542666 -0.232602 
32.8617 0.00102655 0.00433241 0.00940497 -0.0049372 0.00787604 -0.0549698 -0.222404 
33.3333 0.00102876 0.00425453 0.00934546 -0.0048979 0.00792668 -0.055029 -0.217675 
33.3333 0.0010808 0.00393703 0.00842737 -0.00496161 0.00707008 -0.055029 -0.217675 
33.8049 0.00110373 0.00388067 0.00833326 -0.00497794 0.00712514 -0.0556096 -0.213273 
34.8088 0.00113541 0.00374604 0.00811276 -0.00496051 0.00718158 -0.0564019 -0.204016 
36.1111 0.00114296 0.00354594 0.00779832 -0.00484222 0.00714577 -0.0565891 -0.192272 
37.4135 0.00111532 0.00332272 0.00746845 -0.00463032 0.00700698 -0.0559007 -0.180875 
38.4173 0.00107236 0.00313827 0.00721366 -0.00441245 0.00684281 -0.0548135 -0.172356 
38.8889 0.00104629 0.00304858 0.00709585 -0.00429575 0.00675135 -0.0541431 -0.168439 
38.8889 0.0010979 0.00284015 0.00641556 -0.00436059 0.00615921 -0.0541431 -0.168439 
39.3605 0.00108987 0.00276953 0.00627932 -0.00429026 0.00608264 -0.0539448 -0.164799 
40.3643 0.00106312 0.00261629 0.00598936 -0.00411839 0.00589565 -0.0532786 -0.157207 
41.6667 0.00101091 0.00241369 0.00561942 -0.00385737 0.00561369 -0.051954 -0.147687 
42.969 0.000941974 0.00220942 0.00526431 -0.00356248 0.00529949 -0.0501513 -0.138562 
43.9728 0.000879442 0.00205228 0.00500511 -0.00331754 0.00504267 -0.0484581 -0.131809 
44.4445 0.000847694 0.00197883 0.00488854 -0.00319829 0.00491914 -0.0475754 -0.128723 
44.4445 0.000888493 0.00185303 0.0044309 -0.00325086 0.0045422 -0.0475754 -0.128723 
44.9161 0.000870454 0.00179376 0.00430565 -0.00316582 0.00443474 -0.0470899 -0.125856 
45.9199 0.000828421 0.00166978 0.0040463 -0.00297979 0.00420209 -0.0459389 -0.11991 
47.2222 0.000767852 0.00151399 0.00372673 -0.00273168 0.00389671 -0.0442276 -0.112514 
48.5246 0.00070223 0.0013647 0.00342885 -0.00248021 0.00359277 -0.0422956 -0.105482 
49.5284 0.000649267 0.0012544 0.0032153 -0.00228644 0.00336255 -0.0406693 -0.100312 
50 0.000623888 0.00120407 0.00312001 -0.00219588 0.00325619 -0.0398665 -0.0979581 
50 0.000653204 0.00113285 0.00283464 -0.0022346 0.00303283 -0.0398665 -0.0979581 
51.3701 0.000607177 0.00101706 0.00255373 -0.00204136 0.00276598 -0.0384363 -0.0917113 
54.6011 0.000498558 0.000779051 0.00197004 -0.00161893 0.00218687 -0.034829 -0.0782799 
59.7033 0.000345569 0.000496616 0.00126698 -0.00107613 0.00144889 -0.0289969 -0.0605145 
66.7089 0.000193211 0.000255904 0.000658734 -0.00057762 0.000775559 -0.021682 -0.0419922 
75.6641 8.41425e-05 0.000103821 0.000269406 -0.000242794 0.000325332 -0.0143084 -0.0259152 
86.6309 2.786e-05 3.24546e-05 8.47834e-05 -7.81118e-05 0.000104518 -0.0082333 -0.0140997 
99.6888 6.89515e-06 7.68104e-06 2.0173e-05 -1.89047e-05 2.52715e-05 -0.00409596 -0.00670812 
114.939 1.25828e-06 1.35524e-06 3.57391e-06 -3.39223e-06 4.53183e-06 -0.00174974 -0.0027689 
132.51 1.67064e-07 1.7554e-07 4.64329e-07 -4.44854e-07 5.94054e-07 -0.000637566 -0.000983438 
152.563 1.58891e-08 1.64031e-08 4.34837e-08 -4.19373e-08 5.59874e-08 -0.000196622 -0.000297738 
175.305 1.06099e-09 1.08204e-09 2.87279e-09 -2.78333e-09 3.71516e-09 -5.08088e-05 -7.59542e-05 
201.003 4.84062e-11 4.89676e-11 1.3014e-10 -1.26472e-10 1.68794e-10 -1.08526e-05 -1.60846e-05 
230.009 1.45279e-12 1.46209e-12 3.88829e-12 -3.78596e-12 5.05256e-12 -1.88012e-06 -2.77127e-06 
262.804 2.71735e-14 2.72631e-14 7.2532e-14 -7.07048e-14 9.43554e-14 -2.57132e-07 -3.77761e-07 
300.069 2.92594e-16 2.93047e-16 7.79809e-16 -7.60658e-16 1.01507e-15 -2.66819e-08 -3.91268e-08 
342.831 1.60468e-18 1.60583e-18 4.27348e-18 -4.16995e-18 5.56464e-18 -1.97596e-09 -2.89473e-09 
392.785 3.65608e-21 3.65609e-21 9.72972e-21 -9.4974e-21 1.26723e-20 -9.43174e-11 -1.38108e-10 
453.163 2.30361e-24 2.28392e-24 6.30174e-24 -5.95845e-24 8.03536e-24 -2.36749e-12 -3.53605e-12 
532.253 7.33142e-28 1.59297e-27 3.26046e-28 -2.80728e-27 2.42462e-27 -4.22355e-14 6.41978e-14 
