0 0.0304618 0.00338384 2.71401e-18 -0.0205129 0.00339886 -0.350092 0.539759 
0.4716 0.0268898 0.00265264 8.34161e-05 -0.0170638 -0.000540242 -0.328926 0.544151 
1.47542 0.0203884 0.00145667 0.000731938 -0.0110107 -0.00721558 -0.286416 0.551782 
2.77778 0.0138502 0.000505003 0.00225002 -0.00534341 -0.0130106 -0.236066 0.558459 
4.08014 0.0090347 7.10847e-05 0.00420648 -0.00161916 -0.0163054 -0.190661 0.56185 
5.08396 0.00626252 1.8694e-06 0.00584416 0.00021861 -0.0175466 -0.158737 0.56244 
5.55556 0.00519658 3.23215e-05 0.00662227 0.000828034 -0.0178174 -0.144598 0.562156 
5.55556 0.00549795 1.07829e-05 0.00588001 0.000507556 -0.017922 -0.144598 0.562156 
6.02716 0.00446155 5.75356e-05 0.00663536 0.00105616 -0.018176 -0.130259 0.561732 
7.03098 0.0027014 0.000262085 0.00818849 0.00175401 -0.0181756 -0.101358 0.559751 
8.33333 0.0011758 0.000693428 0.0100103 0.00188228 -0.0173189 -0.0668697 0.555157 
9.63569 0.000329312 0.00125781 0.0115272 0.00134161 -0.0157789 -0.0353889 0.548493 
10.6395 4.39466e-05 0.00175589 0.0124509 0.000579065 -0.0142741 -0.0129278 0.542072 
11.1111 2.15572e-06 0.00200403 0.0128059 0.000137014 -0.0134984 -0.00286325 0.538695 
11.1111 2.27718e-06 0.0017821 0.0114099 0.000136881 -0.0145946 -0.00286325 0.538695 
11.5827 1.72103e-05 0.00204391 0.0116759 -0.000402998 -0.0138198 0.00787144 0.535381 
12.5865 0.000248748 0.0026339 0.0120448 -0.00173923 -0.0120383 0.0299255 0.52759 
13.8889 0.000908071 0.00345876 0.0121245 -0.00380801 -0.0095152 0.0571769 0.516056 
15.1912 0.0019249 0.00434738 0.0117702 -0.00621578 -0.00680116 0.0832462 0.502995 
16.1951 0.00293352 0.0050782 0.0112219 -0.0082933 -0.00458784 0.102767 0.491926 
16.6667 0.00347307 0.00543674 0.0108884 -0.00933692 -0.00350914 0.111819 0.486431 
16.6667 0.00366333 0.00508583 0.00973311 -0.00955149 -0.00435202 0.111819 0.486431 
17.1383 0.00433668 0.00547453 0.0093206 -0.0107821 -0.00317998 0.121663 0.481069 
18.1421 0.00596124 0.00635643 0.00829991 -0.0136216 -0.000518761 0.142642 0.468996 
19.4444 0.00848459 0.00763116 0.00674557 -0.0178059 0.00335038 0.170175 0.451974 
20.7468 0.0115374 0.00908975 0.00503615 -0.0226612 0.00784243 0.198442 0.433364 
21.7506 0.0143087 0.0103704 0.00369984 -0.0269556 0.0118647 0.220993 0.417881 
22.2222 0.015753 0.0110276 0.00309024 -0.0291659 0.0139609 0.231879 0.410249 
22.2222 0.0165928 0.0281469 0.0231307 -0.123721 0.0400334 0.231879 0.410249 
22.6938 0.0158701 0.0277392 0.0266748 -0.120118 0.0408936 0.226773 0.398222 
23.6976 0.0135008 0.0257208 0.0354245 -0.106683 0.0409713 0.209162 0.373138 
25 0.00915809 0.0210053 0.0494344 -0.079403 0.0381692 0.172268 0.342683 
26.3024 0.00438162 0.0146256 0.0667384 -0.0458294 0.0338055 0.119157 0.316142 
27.3062 0.00138773 0.00932877 0.0825086 -0.0205985 0.0311325 0.0670585 0.299429 
27.7778 0.000475051 0.00695513 0.0906892 -0.0104062 0.0306046 0.0392348 0.292951 
27.7778 0.000499711 0.00479088 0.0097696 -0.00362237 0.00527223 0.0392348 0.292951 
28.2494 0.000564413 0.00481933 0.00986308 -0.00386116 0.00565782 0.0416976 0.288091 
29.2532 0.000692006 0.00484514 0.0100056 -0.00428681 0.00638096 0.0461708 0.277712 
30.5556 0.000828182 0.00481281 0.010092 -0.00467399 0.00712608 0.0505098 0.264249 
31.8579 0.000922775 0.00471321 0.0100908 -0.00488239 0.00766558 0.0533163 0.250879 
32.8617 0.000964354 0.00459538 0.010046 -0.00492839 0.00795255 0.0545043 0.240694 
33.3333 0.000974245 0.00452878 0.0100152 -0.00491757 0.00805171 0.0547831 0.235958 
33.3333 0.00102353 0.00418471 0.00903132 -0.00497791 0.00712101 0.0547831 0.235958 
33.8049 0.00105357 0.00413885 0.00896356 -0.00502269 0.00722137 0.0555812 0.231545 
34.8088 0.00110083 0.00402434 0.00879505 -0.00506258 0.0073703 0.0568141 0.222241 
36.1111 0.0011286 0.00384559 0.00853948 -0.00501091 0.00744497 0.0575264 0.210387 
37.4135 0.00112011 0.00363832 0.00825877 -0.00485563 0.00740433 0.0573096 0.198829 
38.4173 0.0010906 0.00346249 0.00803548 -0.00467403 0.00730674 0.0565496 0.190152 
38.8889 0.00107035 0.00337578 0.00793064 -0.00457209 0.00724376 0.0560222 0.186152 
38.8889 0.00112315 0.00314135 0.00717032 -0.00463843 0.00657394 0.0560222 0.186152 
39.3605 0.00112126 0.00307396 0.00704427 -0.00458454 0.00652396 0.055975 0.182429 
40.3643 0.00110655 0.0029256 0.00677216 -0.00444311 0.00638787 0.0556067 0.174644 
41.6667 0.00106766 0.00272548 0.00641816 -0.00421242 0.00616048 0.0546207 0.164841 
42.969 0.0010092 0.00251969 0.00607175 -0.00393783 0.00588841 0.0531044 0.155397 
43.9728 0.000952752 0.00235889 0.00581497 -0.00370201 0.00565604 0.0515978 0.148377 
44.4445 0.000923258 0.00228303 0.00569842 -0.00358518 0.00554172 0.0507929 0.14516 
44.4445 0.000967695 0.00213593 0.00516496 -0.00364244 0.00509775 0.0507929 0.14516 
44.9161 0.000952812 0.00207511 0.00503752 -0.0035625 0.00499916 0.0504008 0.142167 
45.9199 0.000916404 0.00194666 0.00477114 -0.00338391 0.00478107 0.0494285 0.135941 
47.2222 0.000860967 0.00178299 0.00443831 -0.00313905 0.00448652 0.0479101 0.128164 
48.5246 0.000798153 0.0016238 0.00412337 -0.00288429 0.00418531 0.0461293 0.120732 
49.5284 0.000745877 0.00150471 0.00389468 -0.00268405 0.00395234 0.044593 0.115241 
50 0.000720404 0.00144996 0.0037918 -0.00258938 0.00384339 0.043825 0.112734 
50 0.000754256 0.00136322 0.00344498 -0.00263409 0.0035694 0.043825 0.112734 
51.4296 0.000708736 0.0012319 0.00312393 -0.00242727 0.00328321 0.0424819 0.105776 
54.8012 0.000595008 0.000957199 0.00244449 -0.00196043 0.00264298 0.0389246 0.0907371 
60.1253 0.000424349 0.000622606 0.00160392 -0.00133523 0.00179388 0.0328718 0.0706744 
67.4355 0.000244815 0.000328761 0.000854354 -0.000736965 0.000987295 0.0249678 0.0495254 
76.7802 0.00011018 0.000137143 0.000359172 -0.000319319 0.0004269 0.0167499 0.0309303 
88.2239 3.77596e-05 4.4221e-05 0.00011656 -0.000106149 0.000141711 0.00980563 0.0170651 
101.85 9.69419e-06 1.08323e-05 2.86975e-05 -2.66198e-05 3.55048e-05 0.00496842 0.00825079 
117.763 1.84075e-06 1.98588e-06 5.28147e-06 -4.96664e-06 6.6203e-06 0.00216501 0.00346891 
136.098 2.55303e-07 2.68472e-07 7.16045e-07 -6.80089e-07 9.06164e-07 0.000806287 0.00125809 
157.024 2.54867e-08 2.63196e-08 7.03407e-08 -6.72798e-08 8.96216e-08 0.000254753 0.000390019 
180.754 1.79654e-09 1.83229e-09 4.90384e-09 -4.71308e-09 6.27712e-09 6.76365e-05 0.000102196 
207.57 8.70997e-11 8.81054e-11 2.36021e-10 -2.27561e-10 3.03045e-10 1.48926e-05 2.23062e-05 
237.837 2.79926e-12 2.81695e-12 7.55063e-12 -7.29457e-12 9.71362e-12 2.66983e-06 3.97685e-06 
272.058 5.65722e-14 5.67547e-14 1.52181e-13 -1.47194e-13 1.96e-13 3.79545e-07 5.63491e-07 
310.944 6.65224e-16 6.6622e-16 1.78675e-15 -1.72934e-15 2.30269e-15 4.11572e-08 6.09924e-08 
355.566 4.03672e-18 4.03959e-18 1.08342e-17 -1.04899e-17 1.39677e-17 3.20609e-09 4.74657e-09 
407.692 1.03527e-20 1.03471e-20 2.77773e-20 -2.68859e-20 3.58005e-20 1.62364e-10 2.40399e-10 
470.696 7.57388e-24 7.66123e-24 2.02791e-23 -1.97878e-23 2.63251e-23 4.39159e-12 6.45006e-12 
553.225 1.04801e-27 9.23133e-28 1.34872e-27 -2.55507e-27 2.72107e-27 5.16589e-14 5.59526e-14 
