0 0.029056 0.00322768 -3.35337e-18 -0.0195662 0.00199165 0.351959 -0.549344 
0.4716 0.0257752 0.00254903 7.03004e-05 -0.0163769 -0.00162292 0.331494 -0.553541 
1.47542 0.0197551 0.00142637 0.000619867 -0.010725 -0.00782365 0.290211 -0.560877 
2.77778 0.0136204 0.00051389 0.00191729 -0.00534531 -0.0133317 0.240973 -0.56738 
4.08014 0.0090304 8.14252e-05 0.00360595 -0.00173251 -0.0165839 0.196213 -0.57078 
5.08396 0.00634817 3.45876e-07 0.00503236 9.46734e-05 -0.0178938 0.164512 -0.571472 
5.55556 0.00530611 2.35218e-05 0.00571419 0.000713784 -0.0182159 0.150405 -0.571258 
5.55556 0.00561384 6.12519e-06 0.00507371 0.000386551 -0.0182458 0.150405 -0.571258 
6.02716 0.00459824 4.51263e-05 0.00573924 0.00094957 -0.0185508 0.136122 -0.570907 
7.03098 0.00285278 0.000232645 0.00711842 0.00169823 -0.0186804 0.107218 -0.569119 
8.33333 0.00130481 0.000645439 0.00875869 0.00191301 -0.0180061 0.0725112 -0.564831 
9.63569 0.000409526 0.0011996 0.0101517 0.00146108 -0.0166339 0.0406231 -0.558509 
10.6395 7.82024e-05 0.00169695 0.0110209 0.000759383 -0.0152355 0.0177518 -0.552363 
11.1111 1.38569e-05 0.00194701 0.0113625 0.0003424 -0.0145011 0.00747248 -0.549117 
11.1111 1.46376e-05 0.00172611 0.0101239 0.000341544 -0.0154988 0.00747248 -0.549117 
11.5827 3.05026e-06 0.00198815 0.0103882 -0.000167329 -0.014763 -0.00341113 -0.545929 
12.5865 0.000174509 0.00258196 0.0107823 -0.00144232 -0.0130472 -0.0258012 -0.538409 
13.8889 0.000750197 0.00341731 0.0109495 -0.00344039 -0.0105753 -0.0534955 -0.527234 
15.1912 0.0016765 0.00432003 0.0107373 -0.0057826 -0.00788076 -0.0799709 -0.514536 
16.1951 0.00260836 0.00506184 0.0103303 -0.00780757 -0.0056687 -0.0997503 -0.503752 
16.6667 0.00310884 0.00542493 0.0100709 -0.00882418 -0.0045889 -0.1089 -0.498393 
16.6667 0.00327915 0.00506275 0.00900241 -0.00901625 -0.00541571 -0.1089 -0.498393 
17.1383 0.00390062 0.0054517 0.00867018 -0.0102043 -0.00425499 -0.118772 -0.493168 
18.1421 0.00539891 0.00632915 0.00783199 -0.0129353 -0.00163086 -0.139734 -0.481402 
19.4444 0.00771599 0.00758304 0.00652567 -0.0169266 0.00214112 -0.167049 -0.464822 
20.7468 0.0104956 0.00899522 0.005055 -0.0215012 0.00643983 -0.194828 -0.446723 
21.7506 0.0129942 0.0102155 0.00387775 -0.025495 0.0102127 -0.216782 -0.431699 
22.2222 0.0142871 0.0108349 0.00333011 -0.0275319 0.0121517 -0.227311 -0.424306 
22.2222 0.0150487 0.0267782 0.0249262 -0.114924 0.0372118 -0.227311 -0.424306 
22.6938 0.0143103 0.0263104 0.0285578 -0.111086 0.0379814 -0.221664 -0.412859 
23.6976 0.0120305 0.0242897 0.0374549 -0.0978642 0.038116 -0.203242 -0.389031 
25 0.00802867 0.0198159 0.051551 -0.0722102 0.0358559 -0.166032 -0.360143 
26.3024 0.00375061 0.0138845 0.0687817 -0.041313 0.0323849 -0.113481 -0.334941 
27.3062 0.00113491 0.008983 0.0843569 -0.0182794 0.0304217 -0.0624239 -0.318992 
27.7778 0.000362359 0.00678038 0.0923969 -0.0089736 0.0301649 -0.0352728 -0.312767 
27.7778 0.000381169 0.00482553 0.00995356 -0.0031751 0.00463201 -0.0352728 -0.312767 
28.2494 0.000442756 0.00487048 0.0100838 -0.00343791 0.0050598 -0.0380158 -0.307999 
29.2532 0.000568536 0.00493155 0.0103054 -0.0039201 0.00588004 -0.0430785 -0.297792 
30.5556 0.000710643 0.00494423 0.0104937 -0.00438835 0.00676161 -0.0481623 -0.284497 
31.8579 0.000818376 0.00488749 0.0105907 -0.00468215 0.00744364 -0.0516842 -0.271232 
32.8617 0.000873618 0.00480049 0.0106175 -0.00479435 0.00784118 -0.0534001 -0.261086 
33.3333 0.000890693 0.00474757 0.0106189 -0.00481422 0.00799182 -0.0539195 -0.256355 
33.3333 0.00093575 0.00437984 0.00957574 -0.00486938 0.00699235 -0.0539195 -0.256355 
33.8049 0.000972086 0.00434658 0.00953829 -0.00494414 0.00714083 -0.0549564 -0.251942 
34.8088 0.00103388 0.00425696 0.00943082 -0.00504602 0.00738999 -0.0566761 -0.242614 
36.1111 0.00108182 0.00410638 0.0092468 -0.00506957 0.00758828 -0.0579753 -0.23068 
37.4135 0.00109373 0.0039223 0.00902855 -0.00498183 0.00766176 -0.0582935 -0.218989 
38.4173 0.0010794 0.0037609 0.00884714 -0.00484619 0.00764452 -0.0579103 -0.210174 
38.8889 0.00106598 0.00367992 0.00876013 -0.00476386 0.00761683 -0.0575494 -0.2061 
38.8889 0.00111857 0.00342004 0.00792028 -0.00482992 0.0068684 -0.0575494 -0.2061 
39.3605 0.00112353 0.0033583 0.00780941 -0.00479673 0.00685139 -0.057677 -0.202303 
40.3643 0.00112274 0.00321995 0.00756567 -0.00469523 0.00678022 -0.0576566 -0.194342 
41.6667 0.00110016 0.00302884 0.00724084 -0.00450775 0.00662621 -0.0570739 -0.184274 
42.969 0.00105567 0.00282779 0.00691563 -0.00426659 0.00641525 -0.055908 -0.174528 
43.9728 0.0010082 0.00266791 0.00667029 -0.00404998 0.00622182 -0.0546365 -0.167252 
44.4445 0.000982363 0.00259171 0.00655778 -0.00394024 0.00612341 -0.053932 -0.163908 
44.4445 0.00102964 0.00242229 0.00594386 -0.00400117 0.00560728 -0.053932 -0.163908 
44.9161 0.00101913 0.00236177 0.00581812 -0.00393065 0.00552377 -0.053656 -0.160792 
45.9199 0.000990992 0.0022326 0.00555253 -0.00376852 0.00533315 -0.05291 -0.154294 
47.2222 0.000944144 0.00206545 0.00521559 -0.00353799 0.00506534 -0.0516442 -0.14614 
48.5246 0.000887536 0.00190025 0.00489158 -0.00329025 0.00478164 -0.0500721 -0.138308 
49.5284 0.000838468 0.00177503 0.00465308 -0.00309084 0.00455643 -0.0486683 -0.132497 
50 0.000814048 0.00171698 0.00454487 -0.00299529 0.00444954 -0.0479543 -0.129835 
50 0.0008523 0.001613 0.00412917 -0.00304581 0.00411808 -0.0479543 -0.129835 
51.4918 0.000810682 0.00146806 0.00377081 -0.00283391 0.00382418 -0.0467689 -0.122108 
55.01 0.000697661 0.00115862 0.00299633 -0.00233551 0.00314063 -0.0433864 -0.105314 
60.5656 0.000513455 0.000770344 0.0020089 -0.00163373 0.00218908 -0.0372205 -0.0826989 
68.1937 0.000306561 0.000417733 0.00109842 -0.000929601 0.00124201 -0.0287601 -0.0585716 
77.9448 0.000143006 0.000179625 0.000475776 -0.000416342 0.000555124 -0.0196431 -0.0370582 
89.8861 5.08878e-05 5.99177e-05 0.000159657 -0.000143441 0.000190993 -0.0117176 -0.0207615 
104.104 1.36e-05 1.52427e-05 4.08066e-05 -3.74015e-05 4.97557e-05 -0.0060576 -0.0102175 
120.71 2.6977e-06 2.91494e-06 7.83134e-06 -7.2845e-06 9.68503e-06 -0.00269791 -0.00438396 
139.843 3.92625e-07 4.13167e-07 1.11291e-06 -1.04626e-06 1.39052e-06 -0.00102925 -0.00162721 
161.678 4.13557e-08 4.27165e-08 1.15274e-07 -1.09183e-07 1.45073e-07 -0.00033404 -0.000517881 
186.441 3.09567e-09 3.15722e-09 8.53086e-09 -8.12116e-09 1.0789e-08 -9.13921e-05 -0.000139799 
214.422 1.60572e-10 1.62409e-10 4.39199e-10 -4.19497e-10 5.57252e-10 -2.08145e-05 -3.15584e-05 
246.006 5.56906e-12 5.60359e-12 1.51616e-11 -1.45115e-11 1.92757e-11 -3.87634e-06 -5.84466e-06 
281.715 1.22683e-13 1.23068e-13 3.33085e-13 -3.19193e-13 4.23971e-13 -5.75339e-07 -8.64644e-07 
322.291 1.59136e-15 1.59364e-15 4.31398e-15 -4.13683e-15 5.49466e-15 -6.55263e-08 -9.82987e-08 
368.854 1.08094e-17 1.08169e-17 2.92814e-17 -2.80893e-17 3.73091e-17 -5.40048e-09 -8.0937e-09 
423.247 3.16307e-20 3.16046e-20 8.56768e-20 -8.2133e-20 1.09102e-19 -2.92136e-10 -4.37999e-10 
488.991 2.72396e-23 2.78133e-23 7.25087e-23 -7.15014e-23 9.43628e-23 -8.57298e-12 -1.25725e-11 
575.109 2.10159e-27 2.91325e-28 2.16687e-26 -2.0326e-27 9.52372e-27 -7.53017e-14 -3.0414e-13 
