0 0.0274807 0.00305269 4.1076e-18 -0.0185054 0.000606148 -0.354783 0.560432 
0.4716 0.0244967 0.00242836 5.84895e-05 -0.0155831 -0.00267743 -0.334967 0.564449 
1.47542 0.0189776 0.00138419 0.00051825 -0.0103553 -0.00837648 -0.294829 0.571513 
2.77778 0.0132811 0.000517937 0.001613 -0.00529907 -0.0135496 -0.246641 0.577855 
4.08014 0.00895319 9.17488e-05 0.00305225 -0.00183119 -0.0167114 -0.202506 0.581266 
5.08396 0.00638674 4.64572e-08 0.00427941 -3.48024e-05 -0.0180591 -0.171036 0.582059 
5.55556 0.0053795 1.56748e-05 0.0048697 0.0005867 -0.0184206 -0.156971 0.581914 
5.55556 0.00569148 2.62798e-06 0.00432388 0.000254941 -0.0183826 -0.156971 0.581914 
6.02716 0.00470706 3.33446e-05 0.00490339 0.000825856 -0.018728 -0.142752 0.581637 
7.03098 0.00299502 0.000200878 0.00611413 0.0016169 -0.0189719 -0.113869 0.580042 
8.33333 0.00144135 0.000587716 0.00757497 0.0019186 -0.0184748 -0.0789935 0.576062 
9.63569 0.000505055 0.00112061 0.00884114 0.00156824 -0.0172815 -0.0467602 0.570092 
10.6395 0.000127916 0.0016066 0.00965105 0.000945002 -0.0160084 -0.0235325 0.564235 
11.1111 3.94288e-05 0.00185305 0.00997652 0.000563464 -0.0153269 -0.0130651 0.561128 
11.1111 4.16503e-05 0.00163681 0.00888897 0.00056103 -0.0162252 -0.0130651 0.561128 
11.5827 1.02848e-06 0.00189353 0.00914856 9.48226e-05 -0.0155412 -0.00205306 0.558074 
12.5865 0.000103833 0.00247839 0.00956002 -0.00109001 -0.0139236 0.0206287 0.550849 
13.8889 0.000578925 0.00330607 0.00980255 -0.00297266 -0.0115546 0.0487097 0.54007 
15.1912 0.00139234 0.00420343 0.00971972 -0.00519819 -0.00893947 0.07554 0.52778 
16.1951 0.00222741 0.00494068 0.0094439 -0.00712805 -0.00677868 0.0955441 0.51732 
16.6667 0.0026788 0.00530095 0.00925431 -0.00809701 -0.00572199 0.104779 0.512117 
16.6667 0.00282555 0.0049342 0.00827242 -0.00826251 -0.00653036 0.104779 0.512117 
17.1383 0.00338439 0.00531608 0.00801642 -0.00938616 -0.00540545 0.114673 0.507049 
18.1421 0.00473308 0.00617342 0.00735282 -0.0119615 -0.00287071 0.135611 0.495633 
19.4444 0.00681446 0.00738661 0.00628694 -0.0156997 0.000739105 0.162719 0.479549 
20.7468 0.00929554 0.00873396 0.00505302 -0.0199386 0.00478854 0.190047 0.462012 
21.7506 0.0115074 0.00988149 0.00403953 -0.0235968 0.00828039 0.211452 0.447481 
22.2222 0.0126449 0.0104582 0.00355873 -0.0254471 0.0100526 0.221656 0.440341 
22.2222 0.0133189 0.0249823 0.0266375 -0.104429 0.0337906 0.221656 0.440341 
22.6938 0.0125861 0.0244732 0.0303041 -0.100476 0.034486 0.215472 0.429487 
23.6976 0.0104409 0.0224958 0.0392178 -0.0877384 0.0347121 0.196252 0.406936 
25 0.00683147 0.0183294 0.0531914 -0.0640621 0.0330269 0.158746 0.379638 
26.3024 0.00309045 0.0129151 0.0700973 -0.0361685 0.0304593 0.106772 0.3558 
27.3062 0.00087359 0.00846424 0.0852555 -0.0155675 0.0292013 0.0567674 0.340648 
27.7778 0.000248764 0.00646003 0.0930424 -0.00725741 0.0292112 0.0302928 0.334696 
27.7778 0.000261678 0.00477162 0.0100231 -0.00261603 0.00381071 0.0302928 0.334696 
28.2494 0.000316815 0.00483247 0.0101886 -0.00289676 0.00427305 0.0333318 0.330034 
29.2532 0.000434166 0.00492842 0.0104874 -0.00342459 0.00517656 0.0390197 0.320028 
30.5556 0.000574852 0.00498737 0.0107779 -0.00396405 0.00618175 0.0448987 0.306939 
31.8579 0.000690012 0.00497659 0.0109763 -0.00433831 0.00699931 0.0491908 0.29382 
32.8617 0.000755723 0.00492398 0.0110787 -0.00451612 0.00750593 0.0514799 0.283742 
33.3333 0.000778853 0.00488674 0.0111146 -0.00456734 0.00770846 0.0522617 0.279031 
33.3333 0.000818252 0.00450024 0.0100227 -0.00461557 0.00665028 0.0522617 0.279031 
33.8049 0.000859396 0.00448123 0.0100186 -0.00472019 0.00684729 0.0535595 0.274632 
34.8088 0.000933291 0.00442059 0.00997953 -0.00488554 0.00719965 0.0558147 0.26531 
36.1111 0.000999696 0.00430438 0.00987804 -0.00498946 0.00752934 0.0577663 0.253335 
37.4135 0.00103183 0.00415058 0.00973442 -0.00497764 0.00772856 0.0586874 0.241547 
38.4173 0.0010335 0.0040095 0.00960476 -0.00489627 0.00780285 0.0587349 0.232622 
38.8889 0.00102757 0.00393713 0.00954027 -0.00483794 0.00781626 0.0585661 0.228485 
38.8889 0.00107826 0.003654 0.00862563 -0.00490162 0.00699241 0.0585661 0.228485 
39.3605 0.00109036 0.00360041 0.00853497 -0.00489277 0.00701378 0.0588938 0.224626 
40.3643 0.00110455 0.00347751 0.00833044 -0.00483974 0.00702002 0.0592759 0.216513 
41.6667 0.00110052 0.0033026 0.00804888 -0.00470783 0.00695709 0.0591676 0.206209 
42.969 0.001073 0.00311348 0.00775868 -0.00451353 0.0068261 0.0584231 0.196187 
43.9728 0.00103724 0.00295999 0.00753501 -0.00432692 0.00668656 0.0574413 0.188671 
44.4445 0.00101644 0.00288598 0.00743118 -0.00422943 0.00661115 0.0568626 0.185208 
44.4445 0.00106537 0.00269436 0.0067355 -0.00429247 0.00602058 0.0568626 0.185208 
44.9161 0.00106034 0.00263636 0.0066161 -0.004236 0.00595873 0.0567283 0.181977 
45.9199 0.00104299 0.00251107 0.00636087 -0.00410016 0.00580959 0.0562623 0.175219 
47.2222 0.00100825 0.00234613 0.00603143 -0.00389664 0.00558643 0.0553173 0.166702 
48.5246 0.000961511 0.0021802 0.00570895 -0.00366822 0.00533752 0.05402 0.158481 
49.5284 0.000918507 0.0020526 0.00546805 -0.00347875 0.00513284 0.0527981 0.152354 
50 0.000896475 0.00199293 0.00535775 -0.00338646 0.00503381 0.0521611 0.149539 
50 0.000938601 0.00187063 0.0048677 -0.0034421 0.00463948 0.0521611 0.149539 
51.5567 0.000905125 0.00171577 0.00447882 -0.00323722 0.00435457 0.0512224 0.140992 
55.2279 0.000800734 0.00137714 0.00361771 -0.00272786 0.00365631 0.0481782 0.1223 
61.0251 0.000610018 0.000937552 0.00248193 -0.00196452 0.00262377 0.0420511 0.0968753 
68.9849 0.00037803 0.000523154 0.0013954 -0.00115522 0.00153856 0.0331031 0.0693975 
79.1601 0.000183298 0.000232416 0.000624011 -0.000536166 0.000712688 0.0230507 0.044524 
91.6207 6.792e-05 8.04109e-05 0.000217052 -0.000191975 0.000254851 0.0140315 0.0253588 
106.457 1.8955e-05 2.13078e-05 5.77552e-05 -5.22058e-05 6.92469e-05 0.00741254 0.0127213 
123.785 3.94161e-06 4.26527e-06 1.15972e-05 -1.06512e-05 1.41205e-05 0.0033802 0.00557969 
143.75 6.04403e-07 6.36399e-07 1.73429e-06 -1.61108e-06 2.1351e-06 0.00132364 0.00212374 
166.534 6.74806e-08 6.97095e-08 1.90274e-07 -1.78165e-07 2.36065e-07 0.000442278 0.000695511 
192.374 5.39237e-09 5.49906e-09 1.50262e-08 -1.41456e-08 1.874e-08 0.000125025 0.000193934 
221.572 3.01055e-10 3.0445e-10 8.32503e-10 -7.86447e-10 1.04179e-09 2.95413e-05 4.5415e-05 
254.53 1.13455e-11 1.14141e-11 3.12249e-11 -2.9561e-11 3.91568e-11 5.73478e-06 8.76746e-06 
291.792 2.74579e-13 2.75407e-13 7.53614e-13 -7.14347e-13 9.46205e-13 8.92153e-07 1.35952e-06 
334.133 3.96414e-15 3.96953e-15 1.08637e-14 -1.03046e-14 1.3649e-14 1.07196e-07 1.63066e-07 
382.721 3.04529e-17 3.04729e-17 8.33956e-17 -7.91334e-17 1.04816e-16 9.39551e-09 1.42791e-08 
439.479 1.02905e-19 1.0281e-19 2.81809e-19 -2.67193e-19 3.5395e-19 5.46166e-10 8.30469e-10 
508.082 1.05656e-22 1.08122e-22 2.82884e-22 -2.77647e-22 3.64796e-22 1.75006e-11 2.59226e-11 
597.945 7.01947e-27 8.76729e-29 1.34346e-25 -2.03785e-27 4.79922e-26 1.42646e-13 8.04044e-13 
