0 0.0257581 0.00286134 5.53625e-18 -0.0173455 -0.000688816 0.358624 -0.572874 
0.4716 0.0230726 0.00229259 4.80456e-05 -0.0146945 -0.0036395 0.339414 -0.576727 
1.47542 0.0180675 0.00133122 0.000427804 -0.00990874 -0.00881802 0.300352 -0.583543 
2.77778 0.012837 0.000517528 0.00133992 -0.00520765 -0.0136155 0.253171 -0.589742 
4.08014 0.00880338 0.000102197 0.00255139 -0.0019164 -0.0166423 0.209656 -0.593173 
5.08396 0.00637684 1.12406e-06 0.00359434 -0.000171057 -0.0179977 0.178437 -0.594069 
5.55556 0.00541491 8.96756e-06 0.0040993 0.000445222 -0.0183865 0.164429 -0.593994 
5.55556 0.00572894 4.97415e-07 0.00363983 0.000111279 -0.0182881 0.164429 -0.593994 
6.02716 0.00478582 2.24401e-05 0.0041386 0.000683136 -0.0186629 0.150286 -0.593793 
7.03098 0.00312604 0.00016712 0.00518948 0.00150671 -0.019004 0.121461 -0.592396 
8.33333 0.00158466 0.000520586 0.00647647 0.00189335 -0.018676 0.0864784 -0.588735 
9.63569 0.000617309 0.00102087 0.00761553 0.00165483 -0.0176699 0.0539749 -0.583133 
10.6395 0.000196528 0.00148439 0.00836253 0.00112591 -0.016539 0.0304545 -0.577583 
11.1111 8.33236e-05 0.00172135 0.00866925 0.00078947 -0.0159214 0.0198301 -0.574626 
11.1111 8.80183e-05 0.00151379 0.0077242 0.000784326 -0.0167199 0.0198301 -0.574626 
11.5827 1.69986e-05 0.00175936 0.00797588 0.000371588 -0.0160997 0.00871453 -0.571718 
12.5865 4.51674e-05 0.00232176 0.00839611 -0.000695824 -0.0146117 -0.0142053 -0.564816 
13.8889 0.000406302 0.00312237 0.00869995 -0.00242016 -0.0123965 -0.0426051 -0.554475 
15.1912 0.00108829 0.0039935 0.00873017 -0.00447947 -0.00992051 -0.0697283 -0.542645 
16.1951 0.00180967 0.0047095 0.0085724 -0.00627285 -0.00786122 -0.0899161 -0.532554 
16.6667 0.0022035 0.00505899 0.00844632 -0.00717409 -0.00685201 -0.099219 -0.527528 
16.6667 0.00232422 0.00469549 0.00755016 -0.00731023 -0.00763749 -0.099219 -0.527528 
17.1383 0.00281152 0.00506255 0.00736456 -0.00834848 -0.00657265 -0.109126 -0.522638 
18.1421 0.00399156 0.00588341 0.00686374 -0.0107235 -0.00417873 -0.130025 -0.511618 
19.4444 0.00581408 0.00703543 0.00602566 -0.0141527 -0.000794006 -0.156927 -0.496092 
20.7468 0.00797841 0.00829947 0.00502168 -0.0180068 0.00295372 -0.183829 -0.479175 
21.7506 0.00989573 0.00936236 0.00417326 -0.0212995 0.00613671 -0.204729 -0.465176 
22.2222 0.0108766 0.00989176 0.00376264 -0.0229528 0.00773425 -0.214636 -0.458306 
22.2222 0.0114564 0.022788 0.0281637 -0.0925012 0.0298595 -0.214636 -0.458306 
22.6938 0.0107509 0.0222583 0.0318028 -0.0885603 0.0304959 -0.207922 -0.448061 
23.6976 0.00878254 0.0203701 0.0405813 -0.0765732 0.0308375 -0.187927 -0.426819 
25 0.00560742 0.0165701 0.0541987 -0.0551841 0.0297332 -0.150162 -0.401145 
26.3024 0.00242776 0.0117297 0.0705061 -0.0305504 0.0280443 -0.0988056 -0.378713 
27.3062 0.000618837 0.00777436 0.0850116 -0.0125571 0.0274581 -0.0498846 -0.3644 
27.7778 0.000144447 0.00599117 0.0924283 -0.00532575 0.0277182 -0.0241009 -0.358747 
27.7778 0.000151945 0.00461838 0.00995694 -0.00196117 0.00282455 -0.0241009 -0.358747 
28.2494 0.000197111 0.00469352 0.0101543 -0.0022518 0.00331076 -0.0274501 -0.354207 
29.2532 0.00029878 0.00482185 0.0105246 -0.00281001 0.00427688 -0.033796 -0.344436 
30.5556 0.000429446 0.00492563 0.0109125 -0.00340495 0.00538357 -0.0405176 -0.331603 
31.8579 0.000544721 0.00496143 0.0112103 -0.00384872 0.00632023 -0.0456327 -0.318679 
32.8617 0.00061632 0.00494501 0.0113888 -0.00408707 0.00692719 -0.0485392 -0.30871 
33.3333 0.000643694 0.00492468 0.0114598 -0.00416826 0.00717867 -0.0496054 -0.304036 
33.3333 0.000676256 0.00452624 0.010334 -0.00420812 0.00607697 -0.0496054 -0.304036 
33.8049 0.000720036 0.00452243 0.0103648 -0.00434038 0.00631973 -0.0511859 -0.29967 
34.8088 0.000802121 0.00449344 0.0103985 -0.0045664 0.00677174 -0.0540248 -0.290393 
36.1111 0.000883369 0.00441632 0.0103871 -0.00475079 0.00723275 -0.056695 -0.278425 
37.4135 0.000933737 0.00429875 0.0103274 -0.0048189 0.00756231 -0.0582889 -0.266589 
38.4173 0.000950926 0.00418329 0.0102576 -0.0047973 0.00773452 -0.0588229 -0.25759 
38.8889 0.000952547 0.0041222 0.0102196 -0.0047662 0.0077928 -0.0588731 -0.253407 
38.8889 0.000999533 0.0038199 0.00923986 -0.00482523 0.00690172 -0.0588731 -0.253407 
39.3605 0.00101845 0.00377674 0.00917392 -0.00484309 0.00696499 -0.0594276 -0.249502 
40.3643 0.0010475 0.00367442 0.0090186 -0.00484469 0.00705748 -0.0602693 -0.241269 
41.6667 0.00106291 0.00352279 0.00879379 -0.00477843 0.00709955 -0.0607109 -0.230771 
42.969 0.00105429 0.00335303 0.00855233 -0.00464294 0.00706463 -0.0604643 -0.22051 
43.9728 0.00103234 0.00321181 0.00836087 -0.00449657 0.00699254 -0.0598316 -0.212782 
44.4445 0.00101773 0.00314276 0.0082706 -0.00441638 0.00694675 -0.0594067 -0.209211 
44.4445 0.00106672 0.00293056 0.00749634 -0.00447951 0.00628345 -0.0594067 -0.209211 
44.9161 0.00106798 0.0028775 0.00738833 -0.00444139 0.00624941 -0.0594417 -0.205876 
45.9199 0.00106341 0.00276122 0.00715405 -0.00434141 0.00615521 -0.0593144 -0.198881 
47.2222 0.00104382 0.00260502 0.00684543 -0.00417781 0.00599466 -0.0587656 -0.190028 
48.5246 0.0010104 0.00244467 0.00653708 -0.00398188 0.00579871 -0.0578173 -0.18144 
49.5284 0.000976312 0.00231937 0.00630292 -0.0038125 0.00562843 -0.0568336 -0.17501 
50 0.000958048 0.00226022 0.00619464 -0.0037282 0.0055437 -0.0562995 -0.172049 
50 0.00100307 0.00211951 0.00562804 -0.00378766 0.00508371 -0.0562995 -0.172049 
51.6244 0.000982437 0.00196031 0.00521979 -0.00360498 0.00482889 -0.0557175 -0.162641 
55.4552 0.000896248 0.0016021 0.00428971 -0.00311277 0.00415513 -0.0532174 -0.141929 
61.5045 0.000709026 0.00111855 0.00301501 -0.00231338 0.00307761 -0.0473337 -0.113453 
69.8105 0.000457326 0.00064338 0.00174546 -0.00140908 0.00186972 -0.0380147 -0.0822514 
80.4282 0.000231063 0.00029587 0.000807173 -0.00067921 0.000899669 -0.0270212 -0.0535515 
93.4307 8.93728e-05 0.000106399 0.000291578 -0.000253314 0.000335154 -0.0168051 -0.0310363 
108.913 2.61119e-05 2.94393e-05 8.09555e-05 -7.2023e-05 9.52232e-05 -0.0090836 -0.0158883 
126.994 5.7084e-06 6.18559e-06 1.70537e-05 -1.5436e-05 2.0399e-05 -0.00424714 -0.00713343 
147.827 9.25186e-07 9.74636e-07 2.69208e-06 -2.46674e-06 3.2589e-06 -0.00170983 -0.00278865 
171.602 1.09894e-07 1.13527e-07 3.13988e-07 -2.90152e-07 3.8326e-07 -0.000589286 -0.00094148 
198.566 9.41435e-09 9.59905e-09 2.65719e-08 -2.46943e-08 3.26148e-08 -0.000172478 -0.000271745 
229.034 5.6847e-10 5.74759e-10 1.59194e-09 -1.48486e-09 1.96098e-09 -4.23831e-05 -6.61759e-05 
263.424 2.3407e-11 2.35442e-11 6.52346e-11 -6.09822e-11 8.05326e-11 -8.60027e-06 -1.3354e-05 
302.307 6.26278e-13 6.28086e-13 1.7406e-12 -1.62923e-12 2.15149e-12 -1.40677e-06 -2.17737e-06 
346.489 1.01362e-14 1.01492e-14 2.81294e-14 -2.63476e-14 3.47931e-14 -1.78969e-07 -2.76531e-07 
397.19 8.8798e-17 8.88524e-17 2.46256e-16 -2.30741e-16 3.04704e-16 -1.6751e-08 -2.58596e-08 
456.417 3.49881e-19 3.49571e-19 9.703e-19 -9.08481e-19 1.19981e-18 -1.05148e-09 -1.62401e-09 
528.003 4.32878e-22 4.42153e-22 1.17465e-21 -1.13647e-21 1.48942e-21 -3.69847e-11 -5.57405e-11 
621.774 3.59476e-26 1.72922e-27 6.47506e-25 -2.04808e-26 2.37137e-25 -3.37034e-13 -1.81193e-12 
