0 0.0239299 0.00265825 -6.4919e-18 -0.0161143 -0.00182372 0.363435 -0.586288 
0.4716 0.0215389 0.0021454 3.90039e-05 -0.0137344 -0.00444617 0.344801 -0.589991 
1.47542 0.0170499 0.00126952 0.000349009 -0.00939993 -0.00909745 0.306774 -0.596584 
2.77778 0.0123021 0.000513382 0.00110011 -0.00507754 -0.0134903 0.260583 -0.602658 
4.08014 0.00858725 0.000112966 0.00210818 -0.00198996 -0.0163446 0.217713 -0.60612 
5.08396 0.00632074 3.83087e-06 0.00298462 -0.000314396 -0.0176798 0.186785 -0.607127 
5.55556 0.00541329 3.78475e-06 0.00341184 0.000289197 -0.0180845 0.172857 -0.607127 
5.55556 0.00572724 8.00934e-08 0.00302942 -4.46465e-05 -0.0179338 0.172857 -0.607127 
6.02716 0.00483438 1.29282e-05 0.00345409 0.000521142 -0.0183272 0.158813 -0.607005 
7.03098 0.00324437 0.000132406 0.00435664 0.00136626 -0.0187474 0.130101 -0.605816 
8.33333 0.00173341 0.000445937 0.00547897 0.00183275 -0.0185769 0.0950966 -0.60249 
9.63569 0.000746825 0.000903157 0.00649357 0.00171202 -0.0177613 0.0624201 -0.59728 
10.6395 0.000286879 0.00133369 0.00717554 0.00128942 -0.0167854 0.038687 -0.592062 
11.1111 0.000149673 0.00155557 0.00746138 0.00100585 -0.0162406 0.0279439 -0.589267 
11.1111 0.000158106 0.00136065 0.00664801 0.00099661 -0.0169403 0.0279439 -0.589267 
11.5827 5.68581e-05 0.00158954 0.00688882 0.000645966 -0.0163937 0.0167575 -0.586519 
12.5865 8.11545e-06 0.00211655 0.00730911 -0.00028161 -0.0150619 -0.00633095 -0.579973 
13.8889 0.000247498 0.00287138 0.00765887 -0.00181138 -0.0130451 -0.0349622 -0.570122 
15.1912 0.000785812 0.00369596 0.0077833 -0.00366185 -0.010762 -0.0622977 -0.55881 
16.1951 0.00138192 0.00437441 0.00772762 -0.00528298 -0.00884978 -0.082614 -0.549136 
16.6667 0.00171234 0.00470541 0.00765736 -0.00609919 -0.00791024 -0.0919619 -0.544313 
16.6667 0.00180615 0.00435334 0.00684491 -0.00620498 -0.00866658 -0.0919619 -0.544313 
17.1383 0.00221605 0.0046982 0.0067222 -0.00714016 -0.0076834 -0.101864 -0.539625 
18.1421 0.00321522 0.00546703 0.00636852 -0.00927755 -0.00547583 -0.122698 -0.529054 
19.4444 0.00476537 0.00653886 0.00574027 -0.0123524 -0.00237075 -0.149376 -0.514153 
20.7468 0.00660513 0.00770301 0.0049538 -0.0157842 0.00103205 -0.175862 -0.497923 
21.7506 0.00822838 0.00867114 0.00426716 -0.0186916 0.00388584 -0.196286 -0.484504 
22.2222 0.00905556 0.00914953 0.0039278 -0.0201423 0.00530458 -0.205915 -0.477925 
22.2222 0.00953829 0.0202732 0.0294 -0.0796099 0.0255792 -0.205915 -0.477925 
22.6938 0.00888065 0.0197438 0.0329436 -0.0758069 0.0261694 -0.19869 -0.468314 
23.6976 0.00712455 0.0179866 0.0414267 -0.0648072 0.0266376 -0.177964 -0.448423 
25 0.00440973 0.0145987 0.0544492 -0.0459339 0.0260895 -0.14001 -0.424425 
26.3024 0.00179589 0.0103693 0.0698881 -0.024705 0.0252149 -0.0893499 -0.403455 
27.3062 0.000388858 0.00693663 0.0835146 -0.00940243 0.0252366 -0.0415766 -0.390033 
27.7778 6.13539e-05 0.00538888 0.09045 -0.00329186 0.0257174 -0.0165148 -0.384707 
27.7778 6.45388e-05 0.00436483 0.00974382 -0.00124257 0.00171402 -0.0165148 -0.384707 
28.2494 9.6405e-05 0.00445163 0.00996796 -0.00153368 0.00221094 -0.0201843 -0.38031 
29.2532 0.000175227 0.00460752 0.0103998 -0.00210359 0.00321318 -0.0272123 -0.37082 
30.5556 0.000286802 0.00475166 0.0108747 -0.002733 0.00439065 -0.0348141 -0.358303 
31.8579 0.000393848 0.00483159 0.0112643 -0.0032295 0.00542049 -0.040797 -0.345637 
32.8617 0.000465646 0.00485087 0.0115148 -0.00351855 0.0061114 -0.0443601 -0.335826 
33.3333 0.000494859 0.00484764 0.0116196 -0.00362603 0.00640526 -0.0457304 -0.331214 
33.3333 0.000519892 0.00444562 0.0104781 -0.00365668 0.00527965 -0.0457304 -0.331214 
33.8049 0.000563579 0.00445696 0.0105434 -0.00381207 0.00556192 -0.047613 -0.326904 
34.8088 0.000648626 0.00446028 0.0106502 -0.00409113 0.00610259 -0.0510794 -0.317719 
36.1111 0.000739218 0.00442457 0.0107316 -0.00434997 0.00668531 -0.0545299 -0.305822 
37.4135 0.000803844 0.00434706 0.0107607 -0.00449623 0.00714067 -0.0568636 -0.294001 
38.4173 0.000834541 0.00426112 0.0107556 -0.00453576 0.00741054 -0.0579392 -0.284977 
38.8889 0.000843085 0.0042134 0.0107468 -0.00453332 0.00751448 -0.058235 -0.280771 
38.8889 0.000884672 0.00389778 0.00971652 -0.00458557 0.00656958 -0.058235 -0.280771 
39.3605 0.000909362 0.00386677 0.00967862 -0.00463059 0.00667543 -0.0590421 -0.276841 
40.3643 0.000951672 0.00378909 0.00958022 -0.00468927 0.00685738 -0.0604 -0.268534 
41.6667 0.000985608 0.00366677 0.00942326 -0.00469448 0.0070118 -0.0614675 -0.257897 
42.969 0.000996215 0.0035231 0.00924247 -0.00462629 0.00708344 -0.0617973 -0.247451 
43.9728 0.000989084 0.00339969 0.00909275 -0.00452824 0.0070887 -0.0615757 -0.239552 
44.4445 0.000981338 0.00333831 0.00902057 -0.00446958 0.00707764 -0.0613342 -0.235891 
44.4445 0.00102857 0.00310876 0.0081761 -0.00453044 0.00634814 -0.0613342 -0.235891 
44.9161 0.0010364 0.00306295 0.00808435 -0.00451403 0.00634662 -0.0615672 -0.232469 
45.9199 0.0010456 0.00296071 0.0078815 -0.0044577 0.0063182 -0.0618398 -0.225272 
47.2222 0.00104314 0.00281989 0.0076073 -0.00434528 0.00623567 -0.061767 -0.216124 
48.5246 0.00102567 0.00267184 0.0073265 -0.00419409 0.00610915 -0.0612475 -0.207209 
49.5284 0.00100288 0.00255398 0.00710911 -0.00405473 0.00598648 -0.0605632 -0.200506 
50 0.00098959 0.00249773 0.00700743 -0.00398319 0.00592234 -0.0601607 -0.197409 
50 0.00103609 0.00233979 0.00636649 -0.0040446 0.00539756 -0.0601607 -0.197409 
51.695 0.00103281 0.00218337 0.00595401 -0.00390087 0.00519638 -0.0600653 -0.187119 
55.6925 0.000974963 0.00181893 0.00498198 -0.00345932 0.00459405 -0.0583591 -0.164304 
62.0048 0.000803554 0.00130409 0.0035905 -0.00265919 0.00352121 -0.0529812 -0.132578 
70.6721 0.000540845 0.000774281 0.00214248 -0.00168102 0.00222116 -0.0434661 -0.0973107 
81.7514 0.000285324 0.000369101 0.00102569 -0.000843005 0.00111228 -0.0315707 -0.0643249 
95.3194 0.000115407 0.000138172 0.00038527 -0.00032803 0.00043242 -0.0200784 -0.0379581 
111.475 3.5363e-05 3.99848e-05 0.00011178 -9.76811e-05 0.000128693 -0.0111145 -0.0198445 
130.342 8.14307e-06 8.83508e-06 2.47464e-05 -2.20337e-05 2.90188e-05 -0.00533345 -0.00912837 
152.081 1.398e-06 1.47329e-06 4.13226e-06 -3.72809e-06 4.90887e-06 -0.00220987 -0.00366906 
176.89 1.77102e-07 1.82948e-07 5.13618e-07 -4.67589e-07 6.156e-07 -0.000786549 -0.00127858 
205.027 1.63116e-08 1.66279e-08 4.67118e-08 -4.27814e-08 5.63186e-08 -0.000238705 -0.000382568 
236.819 1.06879e-09 1.08034e-09 3.03619e-09 -2.79135e-09 3.67442e-09 -6.11026e-05 -9.70422e-05 
272.705 4.82643e-11 4.85374e-11 1.36443e-10 -1.2573e-10 1.65501e-10 -1.29846e-05 -2.05084e-05 
313.279 1.43381e-12 1.43775e-12 4.04222e-12 -3.72972e-12 4.90942e-12 -2.238e-06 -3.52372e-06 
359.383 2.61435e-14 2.61748e-14 7.35961e-14 -6.79536e-14 8.94458e-14 -3.02201e-07 -4.75029e-07 
412.289 2.62665e-16 2.62813e-16 7.38926e-16 -6.82515e-16 8.98389e-16 -3.02911e-08 -4.75743e-08 
474.091 1.21479e-18 1.21384e-18 3.41731e-18 -3.15442e-18 4.1524e-18 -2.05999e-09 -3.23664e-09 
548.79 1.82473e-21 1.85713e-21 5.04023e-21 -4.78199e-21 6.25568e-21 -7.98388e-11 -1.22915e-10 
646.639 2.22416e-25 4.41575e-26 2.8774e-24 -2.57439e-25 1.19925e-24 -8.8145e-13 -3.87998e-12 
