0 0.0220532 0.00244978 4.75847e-18 -0.0148505 -0.00274145 0.368996 -0.599962 
0.4716 0.0199462 0.0019919 3.1353e-05 -0.0127353 -0.005048 0.350926 -0.603527 
1.47542 0.0159623 0.00120197 0.000281934 -0.00884988 -0.00918013 0.31393 -0.609915 
2.77778 0.0116997 0.000506481 0.000894415 -0.00491827 -0.0131543 0.268765 -0.615882 
4.08014 0.0083171 0.000124261 0.00172513 -0.00205398 -0.0158087 0.226606 -0.619389 
5.08396 0.00622467 8.46855e-06 0.00245466 -0.000463881 -0.0171003 0.19604 -0.620517 
5.55556 0.00537869 6.58694e-07 0.00281272 0.000120261 -0.0175104 0.182232 -0.620596 
5.55556 0.00569062 1.80807e-06 0.00249746 -0.000211448 -0.0173157 0.182232 -0.620596 
6.02716 0.00485502 5.5335e-06 0.00285574 0.000341674 -0.0177177 0.168322 -0.620558 
7.03098 0.00334941 9.84054e-05 0.00362395 0.00119677 -0.0181988 0.139807 -0.619591 
8.33333 0.00188576 0.000367192 0.00459409 0.00173463 -0.0181709 0.104903 -0.616622 
9.63569 0.000892897 0.000773057 0.00548981 0.0017319 -0.0175429 0.0721846 -0.611835 
10.6395 0.000400486 0.00116192 0.00610644 0.001422 -0.0167285 0.0483435 -0.606979 
11.1111 0.000241382 0.001364 0.00636996 0.00119612 -0.0162622 0.0375315 -0.604363 
11.1111 0.000254982 0.00118522 0.00567557 0.00118122 -0.0168653 0.0375315 -0.604363 
11.5827 0.000125386 0.00139283 0.00590302 0.000897948 -0.0163986 0.0263188 -0.601791 
12.5865 1.80255e-06 0.00187357 0.00631525 0.00012487 -0.0152416 0.00315563 -0.595639 
13.8889 0.000118531 0.00256663 0.0066953 -0.00118516 -0.0134565 -0.0255893 -0.586336 
15.1912 0.000509006 0.00332718 0.00689378 -0.00279626 -0.0114078 -0.0530277 -0.575608 
16.1951 0.00097514 0.00395405 0.00692247 -0.00421922 -0.00967874 -0.0733965 -0.56641 
16.6667 0.00123971 0.0042599 0.00689926 -0.00493784 -0.0088265 -0.0827564 -0.561817 
16.6667 0.00130762 0.00392697 0.00616724 -0.00501443 -0.00954631 -0.0827564 -0.561817 
17.1383 0.00163816 0.00424339 0.00609865 -0.00583426 -0.00866143 -0.0926271 -0.557357 
18.1421 0.00245294 0.00494729 0.00587337 -0.00770866 -0.00667487 -0.113345 -0.547294 
19.4444 0.00372915 0.00592354 0.00543218 -0.0104003 -0.00388951 -0.139754 -0.533098 
20.7468 0.00524906 0.00697515 0.00484506 -0.0133897 -0.000860286 -0.165806 -0.517633 
21.7506 0.0065885 0.00784162 0.00431176 -0.0159055 0.00165485 -0.185761 -0.504853 
22.2222 0.00726946 0.00826687 0.00404203 -0.0171543 0.00289543 -0.195124 -0.498591 
22.2222 0.00765698 0.0175602 0.030255 -0.066384 0.0211648 -0.195124 -0.498591 
22.6938 0.0070643 0.0170506 0.0336369 -0.062831 0.0217189 -0.187421 -0.489642 
23.6976 0.00554482 0.015458 0.0416724 -0.0530018 0.0223109 -0.166045 -0.47116 
25 0.00329623 0.0125087 0.0538825 -0.0367609 0.0222648 -0.128024 -0.448908 
26.3024 0.00122973 0.00890086 0.0682166 -0.0189405 0.0221039 -0.0781965 -0.42947 
27.3062 0.000201897 0.00599567 0.0807729 -0.00629875 0.0226424 -0.0316846 -0.417003 
27.7778 1.10145e-05 0.00468707 0.0871356 -0.00130078 0.0233032 -0.00740056 -0.412039 
27.7778 1.15863e-05 0.00402208 0.00938678 -0.000505385 0.000541165 -0.00740056 -0.412039 
28.2494 2.74552e-05 0.00411705 0.00963099 -0.000787102 0.00103443 -0.0113921 -0.40781 
29.2532 7.72589e-05 0.00429376 0.010111 -0.0013484 0.00204284 -0.0191103 -0.398655 
30.5556 0.00016128 0.00447093 0.0106574 -0.00198799 0.00325437 -0.027611 -0.386528 
31.8579 0.000251647 0.00458944 0.0111257 -0.00251595 0.004344 -0.0344897 -0.374199 
32.8617 0.000317444 0.00464142 0.0114398 -0.00284174 0.00509587 -0.0387371 -0.364609 
33.3333 0.000345736 0.00465425 0.0115749 -0.00296977 0.00542222 -0.0404265 -0.360088 
33.3333 0.000363226 0.00425776 0.0104378 -0.00299119 0.00429522 -0.0404265 -0.360088 
33.8049 0.000403806 0.00428312 0.0105351 -0.00316323 0.00460758 -0.042625 -0.355861 
34.8088 0.000485782 0.00431708 0.0107108 -0.00348322 0.00521889 -0.0467518 -0.34683 
36.1111 0.000578811 0.00432212 0.0108818 -0.00380436 0.00590418 -0.0510324 -0.335086 
37.4135 0.000652007 0.00428564 0.0109989 -0.00402067 0.00647101 -0.0541631 -0.323362 
38.4173 0.000692734 0.00423101 0.0110594 -0.00411784 0.00683074 -0.0558291 -0.314376 
38.8889 0.000706847 0.00419783 0.0110805 -0.00414323 0.00697763 -0.056395 -0.310177 
38.8889 0.000741714 0.00387606 0.0100182 -0.00418704 0.00599677 -0.056395 -0.310177 
39.3605 0.000770458 0.00385804 0.01001 -0.00425747 0.00614258 -0.0574773 -0.30625 
40.3643 0.000822925 0.00380733 0.00997268 -0.00437103 0.00641028 -0.0594022 -0.297928 
41.6667 0.000872517 0.00371833 0.00989054 -0.00444789 0.00667586 -0.0611658 -0.287228 
42.969 0.000900736 0.00360573 0.00977878 -0.0044503 0.00685663 -0.0621471 -0.276673 
43.9728 0.000908 0.00350455 0.00967795 -0.00440507 0.00694349 -0.0623972 -0.268658 
44.4445 0.000907155 0.00345307 0.00962738 -0.00437056 0.0069698 -0.0623681 -0.264934 
44.4445 0.000950816 0.00321091 0.00872611 -0.00442683 0.00618545 -0.0623681 -0.264934 
44.9161 0.000964851 0.00317421 0.00865465 -0.00443382 0.00621883 -0.0628267 -0.261449 
45.9199 0.000987471 0.00309019 0.00849217 -0.00442573 0.00626241 -0.063559 -0.254101 
47.2222 0.00100252 0.00297059 0.00826455 -0.00437218 0.00626804 -0.0640413 -0.244723 
48.5246 0.00100221 0.00284099 0.00802377 -0.00427508 0.00622306 -0.0640315 -0.235541 
49.5284 0.000992164 0.00273548 0.00783283 -0.00417387 0.00615839 -0.0637098 -0.228608 
50 0.000984672 0.00268448 0.00774229 -0.00411914 0.00611999 -0.0634688 -0.225397 
50 0.00103094 0.00251185 0.00703414 -0.00418025 0.00553554 -0.0634688 -0.225397 
51.7687 0.00104848 0.00236607 0.00663523 -0.0040915 0.00541088 -0.0640065 -0.214232 
55.94 0.00102813 0.00201122 0.00565571 -0.00373544 0.00492919 -0.0633823 -0.189295 
62.5269 0.000885737 0.00148229 0.00418189 -0.00297651 0.00391985 -0.0588296 -0.154202 
71.571 0.000623509 0.000909327 0.00257333 -0.001956 0.00257221 -0.0493588 -0.114605 
83.1322 0.00034397 0.000449719 0.00127598 -0.00102169 0.00134231 -0.036661 -0.0769298 
97.2902 0.000145646 0.000175383 0.00049863 -0.000415175 0.000545147 -0.0238557 -0.0462332 
114.148 4.68483e-05 5.3123e-05 0.000151268 -0.000129591 0.0001701 -0.0135298 -0.0246917 
133.836 1.13731e-05 1.23545e-05 3.52193e-05 -3.07922e-05 4.04086e-05 -0.00666627 -0.0116413 
156.52 2.07023e-06 2.18241e-06 6.22649e-06 -5.52162e-06 7.24504e-06 -0.00284415 -0.00481316 
182.409 2.80019e-07 2.89228e-07 8.25636e-07 -7.39269e-07 9.69929e-07 -0.00104601 -0.00173222 
211.768 2.77635e-08 2.82942e-08 8.07988e-08 -7.28071e-08 9.55188e-08 -0.000329367 -0.000537646 
244.944 1.97695e-09 1.99777e-09 5.7063e-09 -5.16248e-09 6.77267e-09 -8.78903e-05 -0.000142166 
282.39 9.80796e-11 9.86129e-11 2.81711e-10 -2.55473e-10 3.35149e-10 -1.95764e-05 -3.14926e-05 
324.728 3.24156e-12 3.24998e-12 9.28506e-12 -8.43151e-12 1.1061e-11 -3.55894e-06 -5.70771e-06 
372.837 6.6739e-14 6.68132e-14 1.90891e-13 -1.73464e-13 2.27559e-13 -5.10661e-07 -8.1768e-07 
428.044 7.71025e-16 7.7142e-16 2.20392e-15 -2.0034e-15 2.6282e-15 -5.4888e-08 -8.78182e-08 
492.533 4.19836e-18 4.19564e-18 1.19996e-17 -1.09025e-17 1.43032e-17 -4.05026e-09 -6.48209e-09 
570.481 7.68357e-21 7.78988e-21 2.16519e-20 -2.00972e-20 2.62429e-20 -1.73271e-10 -2.72967e-10 
672.586 1.40372e-24 5.72251e-25 1.25349e-23 -2.32821e-24 6.31187e-24 -2.34198e-12 -8.21476e-12 
