0 0.0201925 0.00224308 3.80637e-18 -0.0135975 -0.00340909 -0.374847 0.612782 
0.4716 0.0183522 0.0018379 2.50251e-05 -0.0117341 -0.00541959 -0.357358 0.616217 
1.47542 0.014849 0.00113187 0.000226138 -0.00828306 -0.00905568 -0.321446 0.622412 
2.77778 0.0110587 0.00049793 0.000722033 -0.00474111 -0.0126136 -0.277404 0.628284 
4.08014 0.00800971 0.000136237 0.00140176 -0.00211057 -0.0150523 -0.236085 0.631846 
5.08396 0.00609806 1.53099e-05 0.00200475 -0.000617342 -0.0162827 -0.205994 0.633104 
5.55556 0.00531773 1.56193e-07 0.00230276 -5.82287e-05 -0.0166892 -0.192364 0.633268 
5.55556 0.00562613 6.10005e-06 0.00204465 -0.000386179 -0.0164586 -0.192364 0.633268 
6.02716 0.0048522 1.04654e-06 0.00234488 0.000148547 -0.0168605 -0.178644 0.633321 
7.03098 0.00344155 6.71555e-05 0.00299431 0.00100215 -0.0173849 -0.150451 0.63259 
8.33333 0.00203952 0.000288811 0.00382715 0.00159988 -0.0174816 -0.115819 0.630005 
9.63569 0.00105342 0.000638184 0.00461214 0.00170919 -0.0170315 -0.0832376 0.625677 
10.6395 0.000536961 0.000979519 0.00516503 0.0015118 -0.0163776 -0.0594277 0.621216 
11.1111 0.0003593 0.00115849 0.00540559 0.0013449 -0.0159915 -0.0486123 0.618797 
11.1111 0.000379544 0.000998439 0.00481632 0.00132273 -0.0165018 -0.0486123 0.618797 
11.5827 0.000225062 0.00118164 0.0050286 0.00110808 -0.0161171 -0.037434 0.616421 
12.5865 3.29521e-05 0.00160851 0.00542583 0.000494687 -0.0151432 -0.0143238 0.610707 
13.8889 3.31897e-05 0.00222835 0.00582154 -0.000584348 -0.0136083 0.0143753 0.602017 
15.1912 0.000280184 0.00291214 0.00607409 -0.00194091 -0.0118195 0.0417673 0.591948 
16.1951 0.000619026 0.00347716 0.00616892 -0.00315242 -0.0102964 0.0620826 0.583288 
16.6667 0.000818965 0.003753 0.00618358 -0.00376704 -0.00954273 0.0714082 0.578957 
16.6667 0.00086383 0.00344553 0.0055275 -0.00381763 -0.0102185 0.0714082 0.578957 
17.1383 0.00111713 0.00372916 0.00550358 -0.00451658 -0.00944191 0.0812056 0.574757 
18.1421 0.00175314 0.00435928 0.0053861 -0.00611741 -0.00769672 0.101728 0.565268 
19.4444 0.00276626 0.00522996 0.0051058 -0.00841681 -0.00525263 0.127785 0.551867 
20.7468 0.00398362 0.00616187 0.00469511 -0.0109635 -0.00260781 0.153346 0.537259 
21.7506 0.00505899 0.00692397 0.00430185 -0.0130967 -0.000428167 0.172809 0.525188 
22.2222 0.00560547 0.0072959 0.00409741 -0.0141513 0.000640345 0.181903 0.519274 
22.2222 0.00590428 0.0147971 0.0306695 -0.0535109 0.0168515 0.181903 0.519274 
22.6938 0.00538859 0.0143235 0.0338326 -0.0502959 0.0173765 0.173778 0.511024 
23.6976 0.00411646 0.012918 0.0412936 -0.0417474 0.0180774 0.151886 0.494021 
25 0.00231866 0.0104115 0.0525191 -0.0281285 0.0184554 0.113992 0.473599 
26.3024 0.000758841 0.00740777 0.065573 -0.0135734 0.0188813 0.0652126 0.455779 
27.3062 7.23844e-05 0.00501082 0.0769254 -0.00344784 0.0198272 0.0201409 0.444339 
27.7778 1.91693e-06 0.00393365 0.0826542 0.000497132 0.0206205 -0.00327763 0.439774 
27.7778 2.01644e-06 0.0036124 0.00890402 0.00019981 -0.000620296 -0.00327763 0.439774 
28.2494 1.97388e-07 0.00371163 0.00916077 -6.33678e-05 -0.000144638 0.00102548 0.435741 
29.2532 1.66437e-05 0.00390119 0.0096734 -0.000596553 0.000839992 0.00941655 0.426987 
30.5556 6.63725e-05 0.00410204 0.0102723 -0.00122157 0.00204701 0.0188045 0.415341 
31.8579 0.000132601 0.00425108 0.0108018 -0.00175772 0.00315928 0.0265792 0.403442 
32.8617 0.000186474 0.00433056 0.0111674 -0.00210381 0.00394507 0.0315193 0.394149 
33.3333 0.000211075 0.00435735 0.0113277 -0.0022452 0.00429179 0.033534 0.389756 
33.3333 0.000221753 0.00397518 0.0102149 -0.00225828 0.00318643 0.033534 0.389756 
33.8049 0.000256316 0.00401243 0.0103397 -0.00243925 0.00351736 0.0360528 0.385648 
34.8088 0.000329134 0.00407316 0.0105759 -0.00278494 0.00417622 0.0408543 0.376847 
36.1111 0.000417134 0.00411529 0.0108277 -0.00315139 0.00493734 0.0459927 0.365354 
37.4135 0.000492168 0.00411773 0.0110262 -0.00342413 0.00559288 0.0499584 0.353831 
38.4173 0.000538371 0.00409385 0.0111488 -0.00357085 0.00602775 0.0522507 0.344962 
38.8889 0.000556128 0.00407521 0.0111986 -0.00362099 0.00621154 0.0531054 0.340807 
38.8889 0.00058356 0.00375499 0.010125 -0.00365545 0.00521528 0.0531054 0.340807 
39.3605 0.000614145 0.00374979 0.0101458 -0.00374742 0.00539526 0.0544793 0.336919 
40.3643 0.000672503 0.00372625 0.0101697 -0.0039091 0.00573819 0.057009 0.328658 
41.6667 0.000733169 0.00367191 0.0101642 -0.00405174 0.0061048 0.0595248 0.317996 
42.969 0.000775537 0.00359288 0.0101249 -0.00412208 0.00638843 0.0612205 0.30743 
43.9728 0.000795293 0.00351657 0.0100767 -0.00412969 0.00655454 0.0619954 0.299374 
44.4445 0.000800684 0.00347643 0.0100498 -0.00411994 0.00661782 0.0622052 0.295622 
44.4445 0.000839221 0.0032274 0.00910896 -0.0041696 0.00579388 0.0622052 0.295622 
44.9161 0.00085842 0.00320093 0.00906042 -0.0041997 0.00586169 0.0629127 0.292107 
45.9199 0.000892694 0.00313785 0.00894446 -0.00424031 0.0059776 0.0641563 0.284678 
47.2222 0.000923811 0.00304362 0.00877239 -0.00424832 0.00607438 0.0652649 0.275159 
48.5246 0.000940152 0.00293719 0.00858148 -0.00421013 0.00611651 0.0658396 0.265796 
49.5284 0.000943037 0.002848 0.00842501 -0.00415207 0.00611566 0.0659406 0.258699 
50 0.000941587 0.00280419 0.00834947 -0.00411684 0.00610615 0.0658898 0.255403 
50 0.000985832 0.00262055 0.00758578 -0.00417528 0.00547122 0.0658898 0.255403 
51.8456 0.0010259 0.00249296 0.00721875 -0.00415429 0.00544182 0.0672154 0.243413 
56.1984 0.00104955 0.00216391 0.00626985 -0.00391481 0.00512522 0.067986 0.216424 
63.0717 0.000948321 0.00164069 0.00475727 -0.00324026 0.00424 0.0646241 0.177975 
72.5091 0.000699547 0.00104045 0.00301889 -0.0022162 0.00289898 0.0555042 0.133925 
84.5731 0.000403928 0.000533966 0.00155018 -0.00120642 0.00157775 0.0421763 0.0912799 
99.3468 0.000179102 0.000216936 0.000630073 -0.000512041 0.000669561 0.0280846 0.0558612 
116.938 6.04734e-05 6.87678e-05 0.000199797 -0.000167519 0.000219036 0.0163192 0.0304724 
137.482 1.54744e-05 1.68288e-05 4.89058e-05 -4.19201e-05 5.48091e-05 0.00825512 0.0147227 
161.152 2.98574e-06 3.14831e-06 9.15077e-06 -7.96441e-06 1.04129e-05 0.00362613 0.00626063 
188.167 4.31053e-07 4.45157e-07 1.29403e-06 -1.13792e-06 1.48772e-06 0.00137779 0.0023266 
218.803 4.59919e-08 4.6857e-08 1.36219e-07 -1.20591e-07 1.5766e-07 0.000450047 0.000748965 
253.421 3.55774e-09 3.59416e-09 1.04491e-08 -9.28911e-09 1.21444e-08 0.000125171 0.000206411 
292.497 1.9384e-10 1.9485e-10 5.66495e-10 -5.04848e-10 6.60025e-10 2.92172e-05 4.79197e-05 
336.676 7.12446e-12 7.14191e-12 2.07643e-11 -1.85298e-11 2.42254e-11 5.60135e-06 9.15936e-06 
386.877 1.65552e-13 1.65723e-13 4.81825e-13 -4.30276e-13 5.62529e-13 8.53856e-07 1.3941e-06 
444.484 2.19812e-15 2.19914e-15 6.3935e-15 -5.71137e-15 7.46697e-15 9.83882e-08 1.6052e-07 
511.778 1.40835e-17 1.40762e-17 4.09579e-17 -3.65751e-17 4.78181e-17 7.8754e-09 1.28511e-08 
593.116 3.13795e-20 3.17063e-20 9.03046e-20 -8.19377e-20 1.06771e-19 3.71741e-10 5.99532e-10 
699.661 8.32519e-24 4.94191e-24 5.43802e-23 -1.66622e-23 3.32572e-23 6.055e-12 1.74383e-11 
