0 1.31335e-30 3.7092e-30 4.56444e-30 4.45937e-30 4.60661e-30 1.70784e-16 -8.20152e-16 
0.2358 4.24628e-32 2.84337e-31 7.95159e-30 2.22006e-31 2.42529e-30 3.07087e-17 -7.38453e-16 
0.73771 4.71032e-31 1.17306e-30 8.8836e-30 -1.50186e-30 5.28189e-30 -1.02278e-16 -6.27531e-16 
1.38889 3.41511e-31 5.62257e-31 1.08002e-29 8.85346e-31 7.09802e-30 8.70882e-17 -3.79648e-16 
2.04007 1.18948e-30 1.55804e-31 1.11198e-33 -8.69784e-31 5.62011e-31 1.62531e-16 -3.75937e-16 
2.54198 2.09451e-29 1.52998e-30 8.23073e-30 -1.14374e-29 2.70422e-29 -6.82022e-16 -3.43952e-16 
2.77778 4.48593e-29 7.12274e-30 2.08871e-31 -3.61155e-29 5.22122e-29 -9.98122e-16 -1.92757e-16 
2.77778 4.48593e-29 2.50956e-29 3.40724e-29 -6.77905e-29 9.3967e-29 -9.98122e-16 -1.92757e-16 
3.01358 4.60891e-29 4.58605e-30 1.33348e-29 -2.93739e-29 5.92129e-29 -1.01171e-15 7.67087e-17 
3.51549 1.58376e-30 5.78512e-32 7.06586e-32 6.11568e-31 1.50774e-30 -1.87543e-16 1.73626e-16 
4.16667 7.90275e-30 2.7448e-31 1.8024e-30 -2.9757e-30 9.10629e-30 -4.18935e-16 1.75504e-16 
4.81785 2.16665e-31 1.57189e-30 4.9891e-31 -1.1791e-30 1.50706e-30 -6.93668e-17 3.73187e-16 
5.31976 1.46335e-29 1.6872e-29 1.04874e-28 -3.17468e-29 9.75814e-29 -5.70073e-16 7.38264e-16 
5.55556 8.04737e-29 7.53957e-29 1.88722e-28 -1.57378e-28 2.76502e-28 -1.33685e-15 1.21368e-15 
5.55556 8.51407e-29 6.95881e-29 7.60573e-31 -1.60455e-28 1.55537e-28 -1.33685e-15 1.21368e-15 
5.79136 4.42431e-29 3.23743e-29 7.33425e-29 -7.88932e-29 1.11496e-28 -9.63692e-16 1.72051e-15 
6.29327 2.20436e-28 1.79897e-28 7.33206e-28 -4.15116e-28 8.45886e-28 -2.15108e-15 3.00764e-15 
6.94444 2.78203e-27 2.68837e-27 6.3832e-27 -5.70088e-27 9.4561e-27 -7.64181e-15 9.16804e-15 
7.59562 2.7736e-26 2.75505e-26 6.70939e-26 -5.7624e-26 9.71542e-26 -2.41289e-14 2.95348e-14 
8.09753 1.76434e-25 1.76907e-25 4.25339e-25 -3.68281e-25 6.19706e-25 -6.08564e-14 7.35442e-14 
8.33333 4.18282e-25 4.1632e-25 9.9324e-25 -8.69891e-25 1.45597e-24 -9.37022e-14 1.13216e-13 
8.33333 4.18282e-25 1.98919e-25 1.02198e-24 -6.01298e-25 1.23114e-24 -9.37022e-14 1.13216e-13 
8.56913 1.01881e-24 1.18552e-24 2.40475e-24 -2.29097e-24 3.73287e-24 -1.46239e-13 1.74685e-13 
9.07104 6.12835e-24 5.80842e-24 1.4781e-23 -1.2437e-23 2.11381e-23 -3.58664e-13 4.36563e-13 
9.72222 6.8811e-23 6.95952e-23 1.63994e-22 -1.44256e-22 2.41348e-22 -1.20183e-12 1.4395e-12 
10.3734 7.42791e-22 7.36341e-22 1.77132e-21 -1.54166e-21 2.58782e-21 -3.94865e-12 4.75657e-12 
10.8753 4.70322e-21 4.69884e-21 1.12408e-20 -9.79962e-21 1.64467e-20 -9.93603e-12 1.19385e-11 
11.1111 1.11703e-20 1.1064e-20 2.65118e-20 -2.31743e-20 3.88333e-20 -1.53126e-11 1.84039e-11 
11.1111 1.17997e-20 4.84113e-21 2.52874e-20 -1.624e-20 3.19829e-20 -1.53126e-11 1.84039e-11 
11.3469 2.64423e-20 2.96399e-20 6.09062e-20 -6.01542e-20 9.54985e-20 -2.29225e-11 2.78397e-11 
11.8488 1.54791e-19 1.47253e-19 3.79633e-19 -3.24402e-19 5.43821e-19 -5.54608e-11 6.82388e-11 
12.5 1.76634e-18 1.80926e-18 4.24084e-18 -3.84119e-18 6.30574e-18 -1.87348e-10 2.24908e-10 
13.1512 1.92685e-17 1.9395e-17 4.62205e-17 -4.15381e-17 6.83375e-17 -6.18782e-10 7.47441e-10 
13.6531 1.22534e-16 1.24572e-16 2.94857e-16 -2.65471e-16 4.36593e-16 -1.56042e-09 1.88379e-09 
13.8889 2.91306e-16 2.93924e-16 6.96642e-16 -6.28739e-16 1.03247e-15 -2.40595e-09 2.90863e-09 
13.8889 2.91306e-16 1.45194e-16 7.43068e-16 -4.41903e-16 8.95176e-16 -2.40595e-09 2.90863e-09 
14.1247 7.18925e-16 8.42383e-16 1.6898e-15 -1.67215e-15 2.66393e-15 -3.77968e-09 4.50496e-09 
14.6266 4.31006e-15 4.17654e-15 1.04597e-14 -9.11649e-15 1.51638e-14 -9.25454e-09 1.13269e-08 
15.2778 4.82287e-14 4.98453e-14 1.1613e-13 -1.05352e-13 1.72772e-13 -3.09575e-08 3.74554e-08 
15.929 5.17158e-13 5.26543e-13 1.2493e-12 -1.12126e-12 1.84472e-12 -1.01374e-07 1.23813e-07 
16.4309 3.23882e-12 3.33492e-12 7.85867e-12 -7.06177e-12 1.16159e-11 -2.53692e-07 3.10304e-07 
16.6667 7.63976e-12 7.81702e-12 1.84419e-11 -1.6605e-11 2.72764e-11 -3.89631e-07 4.77688e-07 
16.6667 8.05829e-12 4.2674e-12 1.77681e-11 -1.29764e-11 2.34525e-11 -3.89631e-07 4.77688e-07 
16.9025 1.7772e-11 1.99078e-11 4.16836e-11 -4.16229e-11 6.5146e-11 -5.78628e-07 7.21226e-07 
17.4044 1.02937e-10 1.03234e-10 2.5808e-10 -2.28113e-10 3.74112e-10 -1.39257e-06 1.75782e-06 
18.0556 1.11757e-09 1.1983e-09 2.75715e-09 -2.56078e-09 4.12446e-09 -4.58848e-06 5.7248e-06 
18.7067 1.15143e-08 1.23179e-08 2.86172e-08 -2.63535e-08 4.25397e-08 -1.47282e-05 1.8667e-05 
19.2086 6.89378e-08 7.51799e-08 1.72915e-07 -1.59306e-07 2.57097e-07 -3.6038e-05 4.61579e-05 
19.4444 1.58558e-07 1.7287e-07 3.97534e-07 -3.66359e-07 5.90772e-07 -5.46545e-05 7.05026e-05 
19.4444 1.58558e-07 1.52586e-07 4.28276e-07 -3.44194e-07 5.87902e-07 -5.46545e-05 7.05026e-05 
19.6802 3.65959e-07 4.1737e-07 9.05827e-07 -8.64827e-07 1.37602e-06 -8.30325e-05 0.000107671 
20.1822 2.08043e-06 2.31338e-06 5.37019e-06 -4.85459e-06 7.883e-06 -0.000197974 0.000262443 
20.8333 1.93653e-05 2.26013e-05 5.05638e-05 -4.62946e-05 7.47422e-05 -0.000604009 0.000825061 
21.4845 0.000166746 0.000203275 0.000451414 -0.000407401 0.000660642 -0.00177239 0.00253756 
21.9864 0.000818294 0.0010577 0.00229722 -0.00205868 0.00334463 -0.00392633 0.00591784 
22.2222 0.00167473 0.00223577 0.00481887 -0.00428192 0.00697592 -0.00561699 0.00874151 
22.2222 0.001764 0.0045206 0.0358885 -0.0161666 0.0181771 -0.00561699 0.00874151 
22.3794 0.0161601 0.0210474 0.0268643 -0.105583 0.0483815 -0.0170011 0.0137776 
22.714 0.0526581 0.0568355 0.0317512 -0.313193 0.123431 -0.0306893 0.033414 
23.1481 0.0707135 0.0725951 0.0712757 -0.410181 0.154272 -0.0355635 0.0667849 
23.5823 0.0591072 0.0598193 0.141315 -0.340417 0.119239 -0.0325143 0.100204 
23.9169 0.0405413 0.040799 0.204939 -0.232833 0.0713401 -0.0269279 0.122417 
24.0741 0.0312674 0.0314916 0.234269 -0.179645 0.0481354 -0.0236483 0.131239 
24.0741 0.0312674 0.0314421 0.234087 -0.179503 0.04802 -0.0236483 0.131239 
24.2313 0.0224531 0.0225572 0.260973 -0.12884 0.0259898 -0.0200398 0.138855 
24.5659 0.00746954 0.00749535 0.30566 -0.0428364 -0.011228 -0.0115585 0.150617 
25 6.09791e-06 6.10461e-06 0.327618 -3.49293e-05 -0.029689 0.000330251 0.156054 
25.4341 0.00831105 0.008339 0.303153 -0.0476601 -0.00915745 0.0121922 0.149992 
25.7687 0.0237637 0.023873 0.257007 -0.136358 0.0292231 0.0206163 0.13778 
25.9259 0.0327083 0.0328905 0.229666 -0.187774 0.0515828 0.0241871 0.129969 
25.9259 0.0327083 0.0329422 0.22985 -0.187921 0.0517011 0.0241871 0.129969 
26.0831 0.0420415 0.0423091 0.200235 -0.241449 0.0750609 0.0274216 0.120967 
26.4177 0.0604709 0.0612052 0.136599 -0.348287 0.122671 0.0328872 0.09843 
26.8519 0.0713258 0.0732521 0.0675675 -0.413813 0.15595 0.0357172 0.0647455 
27.286 0.0520477 0.0562828 0.0294947 -0.309855 0.122179 0.0305109 0.0313598 
27.6206 0.0150639 0.0198909 0.0254295 -0.0990981 0.0457215 0.0164143 0.0119701 
27.7778 0.00126509 0.00375633 0.0348551 -0.01248 0.0165943 0.0047568 0.00716432 
27.7778 0.00133076 0.00168125 0.00366525 -0.0035018 0.00545341 0.0047568 0.00716432 
28.2494 0.000301462 0.000384067 0.000809801 -0.00079661 0.00123348 0.00226402 0.00319348 
29.2532 9.01095e-06 9.6084e-06 2.49853e-05 -2.1784e-05 3.52647e-05 0.000391426 0.000548715 
30.5556 1.87683e-07 2.99281e-07 2.85742e-07 -5.54853e-07 7.13076e-07 5.64907e-05 5.1598e-05 
31.8579 4.74493e-09 2.56704e-08 6.85183e-10 -2.58379e-08 3.4713e-08 -8.98214e-06 3.79153e-06 
32.8617 7.06685e-09 4.13617e-08 3.27005e-12 -4.00256e-08 5.46634e-08 1.09617e-05 3.37866e-06 
33.3333 6.24696e-10 1.30721e-07 4.05894e-08 -2.11559e-08 1.76968e-07 -3.25911e-06 -1.80862e-06 
33.3333 6.56297e-10 3.21701e-10 9.16507e-10 -1.1052e-09 1.65462e-09 -3.25911e-06 -1.80862e-06 
33.8049 6.1209e-11 3.25191e-11 9.709e-11 -1.0731e-10 1.65939e-10 -9.95305e-07 -3.47977e-07 
34.8088 4.72766e-15 1.49043e-13 1.74243e-15 6.38474e-14 1.74678e-13 -8.74725e-09 2.22946e-08 
36.1111 1.98599e-14 6.24036e-14 1.95117e-15 -8.46756e-14 9.09466e-14 -1.79282e-08 2.35628e-08 
37.4135 2.50838e-14 8.35235e-14 9.55719e-15 -1.10094e-13 1.28744e-13 2.01486e-08 -5.19302e-09 
38.4173 1.65327e-14 9.68012e-14 3.81333e-15 -9.62224e-14 1.31287e-13 -1.63576e-08 2.5019e-10 
38.8889 2.56845e-15 3.6535e-13 1.22876e-14 -7.36809e-14 4.30686e-13 6.4474e-09 3.48125e-09 
38.8889 2.69514e-15 1.29855e-15 3.7263e-15 -4.61971e-15 6.79461e-15 6.4474e-09 3.48125e-09 
39.3605 2.453e-16 1.27431e-16 3.858e-16 -4.36596e-16 6.64116e-16 1.9451e-09 6.29952e-10 
40.3643 4.40117e-21 7.54973e-19 3.94911e-20 1.42345e-19 8.86263e-19 8.23906e-12 -5.40841e-11 
41.6667 8.07255e-20 2.58945e-19 7.6033e-21 -3.57028e-19 3.77518e-19 3.52857e-11 -4.77678e-11 
42.969 1.05197e-19 3.51994e-19 4.10418e-20 -4.75186e-19 5.45469e-19 -4.02806e-11 1.05993e-11 
43.9728 6.95481e-20 4.08976e-19 1.67039e-20 -4.16472e-19 5.57566e-19 3.27519e-11 -6.6154e-13 
44.4445 1.09855e-20 1.54948e-18 4.89996e-20 -3.22179e-19 1.83287e-18 -1.30168e-11 -6.97468e-12 
44.4445 1.15143e-20 5.52873e-21 1.59043e-20 -2.02144e-20 2.91887e-20 -1.30168e-11 -6.97468e-12 
44.9161 1.03637e-21 5.36752e-22 1.63295e-21 -1.88962e-21 2.82328e-21 -3.9052e-12 -1.23784e-12 
45.9199 7.1306e-27 3.43047e-24 2.2816e-25 3.96251e-25 4.06805e-24 -1.02435e-14 1.11647e-13 
47.2222 3.51062e-25 1.12975e-24 3.61782e-26 -1.59556e-24 1.66061e-24 -7.1875e-14 9.6181e-14 
48.5246 4.53681e-25 1.52212e-24 1.78418e-25 -2.10538e-24 2.37022e-24 8.17073e-14 -2.18227e-14 
49.5284 2.99424e-25 1.77328e-24 7.46466e-26 -1.84613e-24 2.42841e-24 -6.63787e-14 1.39726e-15 
50 4.94263e-26 6.71656e-24 2.08063e-25 -1.45976e-24 7.97835e-24 2.6969e-14 1.42122e-14 
50 5.17488e-26 2.57264e-26 8.54714e-26 -9.47825e-26 1.42453e-25 2.6969e-14 1.42122e-14 
50.0899 3.23868e-26 1.74367e-26 5.42746e-26 -6.17311e-26 9.12941e-26 2.13353e-14 1.07619e-14 
50.3018 9.98148e-27 5.21254e-27 1.77122e-26 -1.87374e-26 2.86585e-26 1.18444e-14 5.20654e-15 
50.6364 1.34474e-27 6.53378e-28 2.0852e-27 -2.43495e-27 3.61336e-27 4.34745e-15 1.25283e-15 
51.0959 1.04241e-28 1.47699e-29 6.34538e-29 -1.01928e-28 1.72675e-28 1.21041e-15 -2.48135e-16 
51.6832 4.67018e-32 6.25466e-31 1.41822e-30 4.43973e-31 1.15357e-30 2.56201e-17 -3.22037e-16 
52.4025 2.78076e-30 8.07543e-31 3.01886e-30 -3.89272e-30 5.83706e-30 -1.97695e-16 -1.64621e-16 
53.2589 2.85857e-32 2.59427e-32 8.1041e-32 -7.07409e-32 1.12641e-31 -2.00442e-17 -2.34388e-17 
54.2591 1.23772e-31 3.85997e-35 5.37468e-32 -5.67796e-33 1.62087e-31 -4.17087e-17 -3.89529e-17 
55.4115 4.54869e-32 3.92001e-33 2.79193e-32 3.46877e-32 6.97598e-32 -2.52847e-17 -2.30149e-17 
56.7267 2.10238e-32 1.89584e-32 9.21719e-32 -5.18616e-32 9.80853e-32 -1.71898e-17 -3.96317e-17 
58.2182 7.53705e-34 1.4788e-35 4.46103e-32 2.74248e-34 2.61075e-32 -3.25473e-18 2.90636e-17 
59.9036 1.79592e-32 2.00254e-33 4.61885e-32 1.55784e-32 4.75523e-32 -1.58876e-17 -3.0888e-17 
61.8059 5.90987e-35 6.64341e-33 2.36617e-32 -1.62769e-33 2.05745e-32 -9.11388e-19 2.36765e-17 
63.9568 6.17247e-34 5.0101e-33 8.75199e-33 4.56815e-33 1.17228e-32 -2.9454e-18 -1.08946e-17 
66.4008 2.93586e-32 2.84088e-33 7.92003e-33 2.37237e-32 3.94161e-32 2.03134e-17 1.39748e-17 
69.2055 2.46832e-35 2.63963e-33 3.82887e-33 6.63073e-34 4.8878e-33 -5.89e-19 -1.18654e-17 
72.4817 3.99441e-33 1.81522e-33 1.83621e-33 6.99487e-33 7.3257e-33 7.49274e-18 8.01555e-18 
76.4416 7.03457e-34 1.30503e-33 2.60656e-33 2.48896e-33 3.49293e-33 -3.14437e-18 -9.85708e-18 
81.6287 7.76454e-34 8.97552e-34 1.10823e-33 -2.16858e-33 2.42455e-33 -3.30348e-18 6.10921e-18 
