0 0.0184086 0.00204491 -5.64804e-18 -0.0123963 -0.00382333 -0.380273 0.623249 
0.4716 0.0168123 0.0016889 1.9899e-05 -0.0107661 -0.00556367 -0.363412 0.626556 
1.47542 0.0137539 0.00106244 0.00018069 -0.00772341 -0.0087396 -0.328699 0.632561 
2.77778 0.0104095 0.000488776 0.000580616 -0.00455735 -0.0118985 -0.285957 0.638339 
4.08014 0.00768346 0.000148961 0.00113456 -0.00216152 -0.0141173 -0.245677 0.64196 
5.08396 0.00595193 2.45134e-05 0.00163093 -0.000771745 -0.0152747 -0.216229 0.643355 
5.55556 0.00523853 2.7326e-06 0.00187793 -0.000241733 -0.0156709 -0.202857 0.643607 
5.55556 0.00554233 1.32453e-05 0.00166744 -0.000564798 -0.0154117 -0.202857 0.643607 
6.02716 0.00483174 1.33744e-07 0.00191799 -5.29914e-05 -0.0158065 -0.189407 0.643756 
7.03098 0.003522 4.06299e-05 0.00246471 0.000788558 -0.0163583 -0.161711 0.643276 
8.33333 0.00219229 0.000215409 0.00317643 0.00143251 -0.0165596 -0.127583 0.641102 
9.63569 0.00122506 0.000506732 0.00386073 0.00164242 -0.0162715 -0.0953724 0.637268 
10.6395 0.000693827 0.000797972 0.00435313 0.00155109 -0.01577 -0.0717744 0.63324 
11.1111 0.000501809 0.000952216 0.00457091 0.00144096 -0.0154616 -0.0610398 0.631038 
11.1111 0.000530082 0.00081233 0.00407263 0.00140999 -0.0158846 -0.0610398 0.631038 
11.5827 0.000355342 0.000969692 0.00426868 0.0012613 -0.0155796 -0.0499764 0.628876 
12.5865 0.000104387 0.00133896 0.00464561 0.000803315 -0.0147867 -0.0270873 0.623647 
13.8889 2.61547e-07 0.00187959 0.00504434 -4.76413e-05 -0.0135046 0.00135586 0.61564 
15.1912 0.000115592 0.00247968 0.0053326 -0.00115037 -0.0119835 0.028504 0.606311 
16.1951 0.000336373 0.0029772 0.00547622 -0.00215027 -0.0106748 0.0486242 0.598257 
16.6667 0.00047617 0.00322038 0.00551982 -0.0026608 -0.0100243 0.0578526 0.594223 
16.6667 0.000502256 0.00294271 0.00493416 -0.00269022 -0.0106493 0.0578526 0.594223 
17.1383 0.000684087 0.00319141 0.00494552 -0.00326963 -0.00998398 0.0675174 0.590314 
18.1421 0.00115493 0.00374364 0.00491494 -0.00460126 -0.00848538 0.0877279 0.581473 
19.4444 0.00192644 0.00450495 0.0047679 -0.00651891 -0.00638475 0.113302 0.568966 
20.7468 0.00286901 0.00531604 0.00450773 -0.00864196 -0.00411714 0.13827 0.555317 
21.7506 0.00370756 0.0059755 0.00423753 -0.0104156 -0.00225761 0.157183 0.544032 
22.2222 0.00413456 0.00629589 0.00409177 -0.01129 -0.00135009 0.165987 0.538504 
22.2222 0.00435496 0.0121312 0.0306273 -0.0416117 0.0128511 0.165987 0.538504 
22.6938 0.00392235 0.0117054 0.0335292 -0.0387914 0.0133511 0.157527 0.530993 
23.6976 0.00289432 0.0104964 0.0403269 -0.0315546 0.0141375 0.135318 0.515549 
25 0.00151288 0.00841563 0.050458 -0.0204275 0.0148488 0.0978329 0.497049 
26.3024 0.000401645 0.00597344 0.0621332 -0.00886755 0.0157228 0.0504085 0.480939 
27.3062 7.81086e-06 0.00404467 0.0722172 -0.00101756 0.0169608 0.00702962 0.4706 
27.7778 3.74867e-05 0.00318117 0.0772859 0.00197698 0.0178374 -0.0154 0.466471 
27.7778 3.94326e-05 0.00316501 0.00832571 0.000827068 -0.0016992 -0.0154 0.466471 
28.2494 1.944e-05 0.00326462 0.00858746 0.00058978 -0.00125309 -0.0108129 0.462669 
29.2532 5.39254e-07 0.0034589 0.00911667 0.000101109 -0.000318746 -0.0018009 0.454391 
30.5556 1.17884e-05 0.00367327 0.00974763 -0.000487169 0.000847959 0.00842017 0.443328 
31.8579 4.83465e-05 0.00384341 0.010319 -0.00100918 0.00194653 0.017052 0.43197 
32.8617 8.54146e-05 0.00394375 0.0107219 -0.00135877 0.00273854 0.0226652 0.423061 
33.3333 0.000103911 0.00398159 0.0109009 -0.00150586 0.00309285 0.0249991 0.41884 
33.3333 0.000109167 0.00362119 0.00982997 -0.00151229 0.00203018 0.0249991 0.41884 
33.8049 0.000135282 0.00366754 0.00997659 -0.00169423 0.00236749 0.027829 0.41489 
34.8088 0.000193603 0.00374956 0.0102617 -0.00204932 0.00304873 0.0332915 0.406408 
36.1111 0.00026955 0.00382274 0.010581 -0.00244158 0.00385491 0.0392823 0.395287 
37.4135 0.000339579 0.00385932 0.0108496 -0.00275353 0.00457105 0.0440908 0.384086 
38.4173 0.000386269 0.00386339 0.0110269 -0.00293828 0.00506147 0.0470243 0.375431 
38.8889 0.000405443 0.00385827 0.0111023 -0.00300833 0.00527361 0.0481773 0.371365 
38.8889 0.000425443 0.00354689 0.0100379 -0.00303346 0.00428294 0.0481773 0.371365 
39.3605 0.000455466 0.00355338 0.0100856 -0.00314154 0.00448897 0.0498483 0.36756 
40.3643 0.000514874 0.00355513 0.0101666 -0.00334096 0.00489124 0.0529996 0.359454 
41.6667 0.000580967 0.00353407 0.0102341 -0.0035384 0.00534132 0.0562987 0.348951 
42.969 0.000632662 0.00348836 0.0102658 -0.00366851 0.00571364 0.05875 0.338497 
43.9728 0.000661803 0.00343748 0.0102701 -0.00372459 0.00595041 0.0600878 0.330496 
44.4445 0.000672159 0.00340915 0.010267 -0.00373812 0.00604729 0.0605561 0.326759 
44.4445 0.00070451 0.0031593 0.00930588 -0.00377981 0.00520128 0.0605561 0.326759 
44.9161 0.000727308 0.00314332 0.00928116 -0.00383075 0.00530024 0.0615281 0.323257 
45.9199 0.000770274 0.0031021 0.00921435 -0.00391634 0.0054829 0.0633195 0.315836 
47.2222 0.00081439 0.00303514 0.00910253 -0.00398323 0.00566624 0.0651075 0.306292 
48.5246 0.000845166 0.00295454 0.00896745 -0.00400356 0.00579369 0.0663263 0.296863 
49.5284 0.000859841 0.00288416 0.00885077 -0.00398978 0.00585706 0.0668996 0.289688 
50 0.000864065 0.00284883 0.0087929 -0.003975 0.00587711 0.0670637 0.286348 
50 0.000904667 0.00265857 0.00798866 -0.00402862 0.00520403 0.0670637 0.286348 
51.9259 0.000966752 0.00255532 0.00767003 -0.0040829 0.00528163 0.0693268 0.273633 
56.4679 0.00103709 0.0022665 0.00678878 -0.00398267 0.0051634 0.0718046 0.244783 
63.6401 0.000986242 0.00176871 0.005285 -0.00343091 0.00445636 0.0700221 0.203163 
73.488 0.000763618 0.00115955 0.00345706 -0.00244439 0.00317894 0.0616143 0.154739 
86.0766 0.00046166 0.000617294 0.00183701 -0.00138674 0.00180482 0.0479076 0.107045 
101.493 0.000214269 0.00026108 0.000775852 -0.000614405 0.000799997 0.0326379 0.0666763 
119.849 7.58767e-05 8.65282e-05 0.000256865 -0.000210485 0.000274138 0.0194222 0.0371299 
141.286 2.0441e-05 2.22547e-05 6.60146e-05 -5.54052e-05 7.2172e-05 0.0100808 0.0183721 
165.986 4.17466e-06 4.40288e-06 1.30534e-05 -1.1137e-05 1.45087e-05 0.00455568 0.00802927 
194.175 6.42238e-07 6.63125e-07 1.96529e-06 -1.69525e-06 2.20861e-06 0.00178686 0.00307864 
226.144 7.36053e-08 7.49663e-08 2.22125e-07 -1.92964e-07 2.51407e-07 0.00060492 0.00102694 
262.268 6.17269e-09 6.23404e-09 1.84687e-08 -1.61142e-08 2.09952e-08 0.000175178 0.000294679 
303.042 3.68485e-10 3.70323e-10 1.09701e-09 -9.59597e-10 1.25027e-09 4.2801e-05 7.16132e-05 
349.142 1.50218e-11 1.50565e-11 4.46001e-11 -3.90672e-11 5.09016e-11 8.64182e-06 1.4417e-05 
401.527 3.92799e-13 3.93173e-13 1.16462e-12 -1.02086e-12 1.3301e-12 1.39742e-06 2.32789e-06 
461.639 5.97345e-15 5.97592e-15 1.77005e-14 -1.55204e-14 2.02222e-14 1.72328e-07 2.86873e-07 
531.86 4.48527e-17 4.48343e-17 1.32884e-16 -1.1649e-16 1.51778e-16 1.49327e-08 2.48608e-08 
616.735 1.21081e-19 1.22015e-19 3.56006e-19 -3.15743e-19 4.10459e-19 7.75857e-10 1.28068e-09 
727.913 4.47647e-23 3.26575e-23 2.32119e-22 -9.93225e-23 1.66755e-22 1.4918e-11 3.70043e-11 
