0 0.0167492 0.00186059 3.66184e-18 -0.0112789 -0.00400765 0.384361 -0.629646 
0.4716 0.0153709 0.00154933 1.58172e-05 -0.00985974 -0.0055074 0.368206 -0.632819 
1.47542 0.0127137 0.000996293 0.000144309 -0.00719073 -0.00826772 0.334871 -0.638624 
2.77778 0.00977831 0.000479864 0.000466629 -0.00437658 -0.0110562 0.293679 -0.644297 
4.08014 0.00735539 0.000162388 0.000917683 -0.00220812 -0.0130608 0.254709 -0.64797 
5.08396 0.00579698 3.60607e-05 0.00132583 -0.000923765 -0.0141392 0.226122 -0.649502 
5.55556 0.00514915 8.60724e-06 0.0015303 -0.000425347 -0.01452 0.213113 -0.649845 
5.55556 0.00544777 2.33136e-05 0.00135878 -0.0007429 -0.0142387 0.213113 -0.649845 
6.02716 0.00479968 3.17106e-06 0.0015676 -0.000257173 -0.0146211 0.200035 -0.650092 
7.03098 0.00359234 2.03243e-05 0.00202714 0.000563265 -0.0151863 0.173057 -0.649871 
8.33333 0.00234175 0.000150854 0.00263408 0.00123898 -0.0154718 0.139724 -0.64813 
9.63569 0.00140363 0.000385889 0.00322868 0.00153417 -0.0153253 0.108175 -0.644825 
10.6395 0.00086684 0.0006276 0.00366506 0.00153754 -0.0149623 0.0850098 -0.641263 
11.1111 0.000665017 0.000757122 0.00386094 0.00147916 -0.0147258 0.0744588 -0.639296 
11.1111 0.000702486 0.000637664 0.00344006 0.00143811 -0.015068 0.0744588 -0.639296 
11.5827 0.000512693 0.000769387 0.00361957 0.00134952 -0.0148368 0.0636101 -0.637367 
12.5865 0.000214564 0.00108108 0.0039727 0.00103487 -0.0142141 0.0411506 -0.632668 
13.8889 2.21559e-05 0.00154181 0.00436439 0.000397135 -0.0131736 0.0132234 -0.625411 
15.1912 2.28721e-05 0.00205697 0.00467264 -0.000466063 -0.0119124 -0.0134354 -0.616901 
16.1951 0.000139523 0.00248591 0.00484963 -0.00126544 -0.0108138 -0.0331833 -0.609522 
16.6667 0.000226025 0.00269595 0.00491408 -0.0016773 -0.0102644 -0.0422353 -0.605818 
16.6667 0.000238407 0.0024502 0.00439269 -0.00169127 -0.0108338 -0.0422353 -0.605818 
17.1383 0.000357102 0.00266398 0.00443061 -0.00215831 -0.0102763 -0.0516907 -0.602234 
18.1421 0.000682012 0.00313879 0.00446714 -0.00323765 -0.00901605 -0.0714351 -0.594113 
19.4444 0.00124071 0.00379275 0.00442632 -0.00480025 -0.00724422 -0.0963497 -0.5826 
20.7468 0.00194304 0.00448742 0.0042899 -0.00653418 -0.00533142 -0.120575 -0.570014 
21.7506 0.00257649 0.00504987 0.00412378 -0.00798191 -0.00376687 -0.138845 -0.559599 
22.2222 0.00290076 0.00532219 0.00402866 -0.00869468 -0.00300547 -0.147323 -0.554495 
22.2222 0.0030554 0.00968319 0.030155 -0.0311396 0.00931794 -0.147323 -0.554495 
22.6938 0.00270616 0.00931161 0.0327711 -0.0287382 0.00979472 -0.138648 -0.547763 
23.6976 0.00190696 0.00829682 0.0388597 -0.0227718 0.0106388 -0.116388 -0.533953 
25 0.000893802 0.00660754 0.0478534 -0.0139127 0.0115906 -0.0796817 -0.517465 
26.3024 0.000162793 0.00466627 0.0581296 -0.00498969 0.0127774 -0.0340061 -0.503149 
27.3062 7.62766e-06 0.00315109 0.0669483 0.000887558 0.0141984 0.00736095 -0.493979 
27.7778 0.000115528 0.00247641 0.0713649 0.00306214 0.0151128 0.0286472 -0.49032 
27.7778 0.000121525 0.00271004 0.00768786 0.00134353 -0.00264003 0.0286472 -0.49032 
28.2494 8.40444e-05 0.00280664 0.00794781 0.00113703 -0.00223228 0.0238234 -0.486783 
29.2532 3.02114e-05 0.00299828 0.00847876 0.000704607 -0.00136868 0.0142835 -0.479059 
30.5556 1.64611e-06 0.00321651 0.00912226 0.000170352 -0.000271608 0.00333409 -0.468689 
31.8579 5.45243e-06 0.0033982 0.009716 -0.000318673 0.000781805 -0.00606798 -0.45799 
32.8617 2.24007e-05 0.00351228 0.0101416 -0.000656676 0.00155495 -0.0122993 -0.449563 
33.3333 3.30086e-05 0.00355792 0.0103326 -0.000802301 0.00190493 -0.0149301 -0.445559 
33.3333 3.46784e-05 0.00322476 0.00931756 -0.000804346 0.00090204 -0.0149301 -0.445559 
33.8049 5.06573e-05 0.00327713 0.0094796 -0.000980015 0.00123441 -0.0180449 -0.441813 
34.8088 9.05079e-05 0.00337423 0.00980062 -0.00132921 0.00191393 -0.0241199 -0.433747 
36.1111 0.000148685 0.00347103 0.0101716 -0.00172794 0.00273443 -0.0309148 -0.423129 
37.4135 0.000207647 0.0035352 0.010496 -0.00206079 0.00348161 -0.0365339 -0.412387 
38.4173 0.000250093 0.0035628 0.010718 -0.00227045 0.00400596 -0.0400944 -0.404055 
38.8889 0.000268482 0.00356934 0.0108147 -0.00235459 0.0042367 -0.0415423 -0.400131 
38.8889 0.000281725 0.00327291 0.00977785 -0.00237123 0.00327082 -0.0415423 -0.400131 
39.3605 0.000308928 0.00328925 0.00984863 -0.00248927 0.00349361 -0.0435017 -0.396458 
40.3643 0.000364647 0.00331281 0.00997936 -0.00271412 0.00393646 -0.0472622 -0.388613 
41.6667 0.000430291 0.00332138 0.0101121 -0.00295212 0.0044478 -0.0513403 -0.378409 
42.969 0.000485881 0.00330633 0.0102086 -0.00312991 0.00488924 -0.054556 -0.368211 
43.9728 0.000520605 0.00327951 0.0102618 -0.00322665 0.00518343 -0.0564718 -0.360376 
44.4445 0.000534271 0.00326254 0.0102813 -0.00326026 0.00530828 -0.0572082 -0.356708 
44.4445 0.000559985 0.00301753 0.0093188 -0.0032934 0.00445792 -0.0572082 -0.356708 
44.9161 0.00058453 0.00301147 0.00931713 -0.00336142 0.00458262 -0.0584485 -0.353269 
45.9199 0.000632511 0.00299127 0.00929857 -0.00348492 0.00482169 -0.0608001 -0.345963 
47.2222 0.000685429 0.00295123 0.00924723 -0.00360341 0.00508056 -0.0632923 -0.336531 
48.5246 0.000727125 0.00289689 0.00916965 -0.00367706 0.00528494 -0.0651891 -0.327175 
49.5284 0.000751365 0.00284613 0.00909492 -0.00370496 0.00540778 -0.0662667 -0.320029 
50 0.00076036 0.00281982 0.00905598 -0.0037098 0.00545567 -0.0666622 -0.316695 
50 0.000796089 0.00262749 0.00822767 -0.00375699 0.00475844 -0.0666622 -0.316695 
52.0097 0.000877543 0.0025526 0.00797034 -0.00388789 0.00494651 -0.0699895 -0.303414 
56.7492 0.000993017 0.00231482 0.00718837 -0.00393845 0.00504479 -0.0744521 -0.273028 
64.2333 0.000997592 0.00185966 0.0057392 -0.00353819 0.0045567 -0.0746234 -0.228627 
74.5094 0.000811843 0.00125997 0.00386658 -0.00262727 0.00339525 -0.0673186 -0.176169 
87.6455 0.000513828 0.000695199 0.00212364 -0.00155257 0.00201048 -0.053556 -0.123618 
103.732 0.000249372 0.000305696 0.000930547 -0.000717228 0.00092985 -0.0373098 -0.0783114 
122.886 9.24681e-05 0.000105747 0.000321068 -0.000256873 0.00033325 -0.0227193 -0.0444778 
145.256 2.61732e-05 2.85262e-05 8.64513e-05 -7.09804e-05 9.21224e-05 -0.0120872 -0.0225153 
171.03 5.64443e-06 5.95413e-06 1.80215e-05 -1.50594e-05 1.95497e-05 -0.00561318 -0.010101 
200.445 9.22804e-07 9.52625e-07 2.88087e-06 -2.43559e-06 3.16228e-06 -0.00226962 -0.0039906 
233.804 1.13251e-07 1.1531e-07 3.48519e-07 -2.96854e-07 3.85458e-07 -0.000795098 -0.00137724 
271.499 1.02605e-08 1.03595e-08 3.13007e-08 -2.6782e-08 3.47776e-08 -0.000239322 -0.000410759 
314.047 6.68475e-10 6.71666e-10 2.029e-09 -1.74063e-09 2.26036e-09 -6.10859e-05 -0.00010429 
362.152 3.00919e-11 3.01573e-11 9.10914e-11 -7.82545e-11 1.01622e-10 -1.29606e-05 -2.20642e-05 
416.814 8.80964e-13 8.8174e-13 2.66319e-12 -2.28948e-12 2.97314e-12 -2.21757e-06 -3.76992e-06 
479.541 1.52552e-14 1.52609e-14 4.60912e-14 -3.96357e-14 5.14723e-14 -2.91815e-07 -4.95772e-07 
552.815 1.33328e-16 1.33286e-16 4.02752e-16 -3.46291e-16 4.49693e-16 -2.7281e-08 -4.63501e-08 
641.381 4.32503e-19 4.34972e-19 1.29936e-18 -1.12671e-18 1.46092e-18 -1.55379e-09 -2.62349e-09 
757.394 2.1445e-22 1.76013e-22 9.51027e-22 -5.04689e-22 7.66846e-22 -3.45989e-11 -7.74638e-11 
