0 0.0152445 0.00169344 3.46651e-18 -0.0102656 -0.00400321 -0.386168 0.630375 
0.4716 0.0140568 0.00142204 1.26073e-05 -0.0090332 -0.00529305 -0.37082 0.633405 
1.47542 0.0117537 0.000935217 0.000115554 -0.00669865 -0.00768631 -0.339084 0.638988 
2.77778 0.00918484 0.000471764 0.000375928 -0.00420574 -0.0101399 -0.299748 0.644531 
4.08014 0.00703889 0.000176372 0.000743928 -0.00225118 -0.0119427 -0.262405 0.648238 
5.08396 0.00564208 4.97417e-05 0.00108009 -0.00107034 -0.0129407 -0.234931 0.649898 
5.55556 0.00505646 1.77075e-05 0.00124958 -0.000604568 -0.0133031 -0.222404 0.650331 
5.55556 0.00534971 3.61253e-05 0.00110952 -0.000916405 -0.013005 -0.222404 0.650331 
6.02716 0.00476136 1.01647e-05 0.00128378 -0.000458596 -0.0133714 -0.209818 0.650674 
7.03098 0.00365422 7.00731e-06 0.00167037 0.000333572 -0.0139387 -0.183813 0.650714 
8.33333 0.00248582 9.76526e-05 0.00218798 0.00102705 -0.0142884 -0.151605 0.649415 
9.63569 0.00158467 0.000280722 0.00270401 0.00139035 -0.0142611 -0.121045 0.64666 
10.6395 0.00105068 0.000475962 0.00308958 0.00147413 -0.0140191 -0.0985628 0.64359 
11.1111 0.000843472 0.000582079 0.00326494 0.00146064 -0.0138465 -0.0883108 0.641873 
11.1111 0.000890996 0.000482311 0.00290903 0.00140857 -0.0141152 -0.0883108 0.641873 
11.5827 0.000691347 0.000589896 0.00307231 0.00137219 -0.0139495 -0.07779 0.640192 
12.5865 0.000358234 0.000847064 0.0033998 0.00118364 -0.0134796 -0.0559963 0.636058 
13.8889 9.52872e-05 0.00123154 0.00377709 0.000736072 -0.0126599 -0.0288797 0.629609 
15.1912 1.02077e-06 0.00166525 0.00409276 8.85892e-05 -0.0116389 -0.00298909 0.621984 
16.1951 2.99249e-05 0.00202828 0.00429024 -0.000529369 -0.010736 0.0161842 0.61534 
16.6667 7.12275e-05 0.0022065 0.00436865 -0.000851831 -0.0102813 0.0249689 0.611995 
16.6667 7.51295e-05 0.00199282 0.00390513 -0.000856231 -0.010792 0.0249689 0.611995 
17.1383 0.000140335 0.00217341 0.003962 -0.0012221 -0.0103343 0.0341254 0.608765 
18.1421 0.000341366 0.00257493 0.00404806 -0.00207465 -0.00929425 0.0532237 0.601427 
19.4444 0.000719457 0.00312815 0.00408866 -0.0033197 -0.00782436 0.0772675 0.590997 
20.7468 0.00121878 0.003715 0.00405037 -0.00470864 -0.00623346 0.100568 0.57957 
21.7506 0.00168009 0.00418889 0.00396908 -0.00587041 -0.00493255 0.118076 0.5701 
22.2222 0.0019186 0.00441779 0.00391603 -0.00644238 -0.00430028 0.126179 0.565457 
22.2222 0.00202087 0.00753169 0.0293118 -0.022335 0.00633344 0.126179 0.565457 
22.6938 0.00175055 0.0072164 0.031635 -0.0203478 0.00678723 0.117437 0.559532 
23.6976 0.0011564 0.00638397 0.0370091 -0.015555 0.00766118 0.095449 0.547411 
25 0.000456261 0.00504099 0.0448815 -0.0086823 0.00876781 0.0599548 0.532996 
26.3024 3.44565e-05 0.00353048 0.0538054 -0.00199675 0.0101474 0.016476 0.520532 
27.3062 6.43967e-05 0.00236726 0.061418 0.00223524 0.0116573 -0.0225242 0.512579 
27.7778 0.000229239 0.00185308 0.0652176 0.00373131 0.0125715 -0.0424973 0.509414 
27.7778 0.000241139 0.00227319 0.00702564 0.00173331 -0.00341012 -0.0424973 0.509414 
28.2494 0.000187797 0.00236418 0.00727822 0.00155995 -0.00304603 -0.0375035 0.506176 
29.2532 0.000101483 0.00254725 0.0077985 0.00119031 -0.00226647 -0.0275692 0.49908 
30.5556 3.43851e-05 0.00276114 0.0084376 0.000721365 -0.00125981 -0.0160477 0.489508 
31.8579 4.82633e-06 0.0029458 0.0090363 0.000279149 -0.000275574 -0.00601223 0.479583 
32.8617 7.40876e-08 0.0030669 0.00947119 -3.52897e-05 0.000458497 0.000744904 0.471732 
33.3333 1.7625e-06 0.00311719 0.0096679 -0.000173529 0.00079429 0.00363322 0.467992 
33.3333 1.85165e-06 0.00281449 0.00871814 -0.000173638 -0.000136701 0.00363322 0.467992 
33.8049 6.85104e-06 0.00286997 0.0088894 -0.000337273 0.000181346 0.0069886 0.464494 
34.8088 2.59071e-05 0.00297598 0.00923335 -0.000667865 0.000838602 0.01359 0.456941 
36.1111 6.24125e-05 0.0030887 0.00963974 -0.00105606 0.00164613 0.0210934 0.446959 
37.4135 0.000105662 0.00317319 0.0100045 -0.00139275 0.00239692 0.0274455 0.436817 
38.4173 0.000139941 0.00321911 0.01026 -0.00161438 0.00293429 0.0315852 0.428919 
38.8889 0.000155633 0.00323497 0.010373 -0.00170667 0.00317398 0.0333091 0.425191 
38.8889 0.00016331 0.00295798 0.00937857 -0.00171632 0.0022487 0.0333091 0.425191 
39.3605 0.000185833 0.00298197 0.0094678 -0.00183826 0.00247909 0.0355319 0.4217 
40.3643 0.000233808 0.00302291 0.00963912 -0.00207604 0.00294346 0.0398553 0.414228 
41.6667 0.000293659 0.00305601 0.00982638 -0.00233934 0.00349252 0.0446661 0.404473 
42.969 0.000347875 0.00306728 0.00997835 -0.00255083 0.00398115 0.0486147 0.394682 
43.9728 0.000384267 0.00306168 0.0100744 -0.00267849 0.00431714 0.0510943 0.387134 
44.4445 0.000399465 0.00305491 0.0101138 -0.00272793 0.00446302 0.052095 0.383591 
44.4445 0.000418691 0.00281944 0.00916702 -0.0027527 0.00362452 0.052095 0.383591 
44.9161 0.000443115 0.00282211 0.00918629 -0.00283319 0.00376835 0.0535929 0.380268 
45.9199 0.000492274 0.00282074 0.00921216 -0.00298549 0.00405064 0.0564875 0.373193 
47.2222 0.000549345 0.0028054 0.00921768 -0.00314522 0.00436979 0.0596721 0.364027 
48.5246 0.000597761 0.0027758 0.00919539 -0.00326353 0.00463798 0.0622461 0.354898 
49.5284 0.000628664 0.00274397 0.00916181 -0.00332758 0.00481167 0.0638349 0.347901 
50 0.000641178 0.00272647 0.00914169 -0.00334981 0.00488378 0.0644671 0.344629 
50 0.000671307 0.00253629 0.00830554 -0.0033896 0.00417649 0.0644671 0.344629 
52.0971 0.000767775 0.00249145 0.00811776 -0.00359279 0.00447067 0.0689437 0.330991 
57.0427 0.000923081 0.00231109 0.00745854 -0.00379416 0.00478783 0.0755957 0.299523 
64.8523 0.00098364 0.00191144 0.00610336 -0.00356194 0.00454262 0.0780361 0.252941 
75.5753 0.000842372 0.00133759 0.00423038 -0.00275741 0.00353925 0.0722153 0.197062 
89.2826 0.000557866 0.000763993 0.00239779 -0.00169589 0.00218468 0.0587682 0.140151 
106.069 0.000282688 0.000348669 0.00108796 -0.000815546 0.00105275 0.0418342 0.0902119 
126.056 0.000109527 0.000125612 0.000390297 -0.000304695 0.000393779 0.0260399 0.0521978 
149.399 3.24879e-05 3.54466e-05 0.000109809 -8.81528e-05 0.000114004 0.014182 0.0269967 
176.293 7.37567e-06 7.78182e-06 2.40575e-05 -1.96802e-05 2.54619e-05 0.00675738 0.0124137 
206.988 1.27697e-06 1.31798e-06 4.06897e-06 -3.37003e-06 4.36115e-06 0.00281169 0.00504435 
241.798 1.67151e-07 1.70137e-07 5.248e-07 -4.38068e-07 5.66985e-07 0.00101726 0.00179762 
281.131 1.62868e-08 1.64395e-08 5.06819e-08 -4.2506e-08 5.50195e-08 0.000317538 0.000556 
325.529 1.15215e-09 1.15742e-09 3.56717e-09 -2.99977e-09 3.88306e-09 8.44562e-05 0.000147108 
375.726 5.69411e-11 5.70578e-11 1.75825e-10 -1.48067e-10 1.91671e-10 1.87754e-05 3.26128e-05 
432.766 1.85411e-12 1.85562e-12 5.71768e-12 -4.81837e-12 6.23736e-12 3.38801e-06 5.87703e-06 
498.22 3.62835e-14 3.62957e-14 1.11831e-13 -9.42694e-14 1.22034e-13 4.7395e-07 8.21643e-07 
574.681 3.65854e-16 3.65762e-16 1.12737e-15 -9.50257e-16 1.23009e-15 4.75917e-08 8.25045e-08 
667.099 1.41092e-18 1.41692e-18 4.33064e-18 -3.67292e-18 4.74971e-18 2.95548e-09 5.10031e-09 
788.157 9.07883e-22 7.98822e-22 3.6458e-21 -2.21222e-21 3.16717e-21 7.49708e-11 1.57333e-10 
