0 0.0139066 0.00154481 -2.32205e-18 -0.00936465 -0.00385799 -0.38497 0.624396 
0.4716 0.012883 0.00130832 1.01016e-05 -0.00829484 -0.00496758 -0.370532 0.627269 
1.47542 0.0108873 0.000880146 9.29979e-05 -0.00625433 -0.0070422 -0.340625 0.632602 
2.77778 0.00864084 0.000464767 0.00030432 -0.00404892 -0.00919912 -0.303456 0.637982 
4.08014 0.00674287 0.000190692 0.000605837 -0.00229103 -0.0108168 -0.268065 0.641694 
5.08396 0.00549347 6.51864e-05 0.000883756 -0.00120905 -0.0117363 -0.241958 0.643465 
5.55556 0.00496546 2.96926e-05 0.00102474 -0.000775796 -0.0120785 -0.230037 0.64398 
5.55556 0.00525343 5.12856e-05 0.000909884 -0.00108202 -0.011768 -0.230037 0.64398 
6.02716 0.00472075 2.07754e-05 0.00105577 -0.000652825 -0.0121161 -0.218063 0.644413 
7.03098 0.00370896 6.95847e-07 0.00138189 0.000105901 -0.0126765 -0.193286 0.644704 
8.33333 0.00262273 5.68043e-05 0.00182413 0.000804607 -0.0130725 -0.162537 0.643843 
9.63569 0.00176398 0.000193817 0.00227214 0.00121887 -0.0131419 -0.133297 0.641644 
10.6395 0.00123974 0.000347263 0.00261234 0.00136776 -0.0130019 -0.111748 0.639076 
11.1111 0.00103109 0.000432168 0.00276887 0.00139152 -0.0128841 -0.101911 0.637617 
11.1111 0.00108918 0.000350638 0.00246703 0.00132788 -0.0130868 -0.101911 0.637617 
11.5827 0.000884408 0.000436441 0.00261484 0.00133496 -0.0129772 -0.0918331 0.63619 
12.5865 0.00052782 0.000644135 0.0029162 0.00125288 -0.0126397 -0.070944 0.632641 
13.8889 0.000211762 0.000958981 0.00327422 0.000968294 -0.012014 -0.0449363 0.627032 
15.1912 4.23537e-05 0.00131792 0.00358787 0.000507655 -0.0112067 -0.0200964 0.620337 
16.1951 3.04248e-07 0.00162035 0.00379566 4.77085e-05 -0.0104791 -0.00170328 0.614467 
16.6667 4.73799e-06 0.00176928 0.00388245 -0.000196731 -0.0101094 0.00672156 0.611502 
16.6667 4.99755e-06 0.00158627 0.00347052 -0.000197024 -0.0105608 0.00672156 0.611502 
17.1383 2.65317e-05 0.00173657 0.00354003 -0.000474986 -0.0101919 0.0154872 0.608644 
18.1421 0.000126028 0.00207138 0.00366079 -0.00113062 -0.00934808 0.0337539 0.602135 
19.4444 0.000355726 0.00253344 0.00376128 -0.0021007 -0.00814628 0.0567087 0.59285 
20.7468 0.000688479 0.00302363 0.00379804 -0.00319273 -0.00683894 0.0788927 0.582648 
21.7506 0.0010091 0.00341897 0.00378353 -0.00411024 -0.00576781 0.0955123 0.574178 
22.2222 0.00117778 0.00360965 0.00376416 -0.00456265 -0.00524713 0.103187 0.570021 
22.2222 0.00124056 0.00571164 0.0281751 -0.0152391 0.00391174 0.103187 0.570021 
22.6938 0.0010414 0.00545093 0.0302122 -0.01364 0.00434187 0.0945414 0.564914 
23.6976 0.000623865 0.00478279 0.0348986 -0.00988909 0.00522067 0.0731744 0.554499 
25 0.000180336 0.0037362 0.0417114 -0.00469923 0.00640951 0.0393419 0.54217 
26.3024 2.60392e-07 0.00258471 0.0493776 0.000148522 0.00788317 -0.00149495 0.53157 
27.3062 0.000166375 0.00171152 0.0558815 0.00305496 0.00940743 -0.0377884 0.524847 
27.7778 0.000369169 0.00132926 0.0591178 0.0040104 0.0102925 -0.0562894 0.522186 
27.7778 0.000388333 0.00187269 0.00636853 0.00199646 -0.00399986 -0.0562894 0.522186 
28.2494 0.000321367 0.0019563 0.00660961 0.00185628 -0.00368144 -0.0512065 0.519271 
29.2532 0.000206447 0.00212663 0.00710977 0.00155123 -0.00299226 -0.041042 0.512862 
30.5556 0.000104106 0.00232994 0.00773105 0.00115302 -0.00208808 -0.0291448 0.504173 
31.8579 4.26468e-05 0.00251063 0.0083204 0.000766057 -0.00118882 -0.0186538 0.495118 
32.8617 1.6195e-05 0.00263304 0.00875315 0.000483443 -0.000508137 -0.0114952 0.487924 
33.3333 8.65592e-06 0.00268522 0.0089502 0.000356921 -0.000193817 -0.00840391 0.484488 
33.3333 9.09379e-06 0.00241416 0.00807094 0.000356385 -0.0010458 -0.00840391 0.484488 
33.8049 3.05075e-06 0.00247022 0.00824594 0.000208802 -0.000748983 -0.00486757 0.481275 
34.8088 5.90458e-07 0.00257971 0.00860107 -9.38738e-05 -0.000129595 0.00214143 0.474321 
36.1111 1.34365e-05 0.00270123 0.00902774 -0.000458236 0.000643198 0.0102153 0.465093 
37.4135 3.80061e-05 0.002799 0.00941818 -0.0007845 0.00137466 0.0171805 0.455675 
38.4173 6.12996e-05 0.00285796 0.00969629 -0.00100675 0.00190695 0.0218191 0.448315 
38.8889 7.28415e-05 0.00288071 0.00982058 -0.0011018 0.00214702 0.0237847 0.444833 
38.8889 7.64346e-05 0.00262592 0.00887907 -0.00110632 0.00127405 0.0237847 0.444833 
39.3605 9.29615e-05 0.00265528 0.00898196 -0.00122688 0.00150391 0.0262304 0.441571 
40.3643 0.000130157 0.00270896 0.00918402 -0.00146632 0.00197255 0.0310376 0.434575 
41.6667 0.000179933 0.00276089 0.00941388 -0.0017405 0.00253721 0.0364929 0.425407 
42.969 0.000228254 0.00279327 0.00961053 -0.00197179 0.00305162 0.041102 0.416169 
43.9728 0.000262766 0.00280525 0.00974178 -0.00212014 0.00341354 0.0440999 0.409021 
44.4445 0.000277832 0.00280708 0.00979789 -0.00218078 0.00357323 0.0453466 0.40566 
44.4445 0.000291204 0.00258466 0.00888065 -0.00219802 0.00276013 0.0453466 0.40566 
44.9161 0.000313847 0.00259451 0.0089179 -0.00228622 0.00291622 0.0470766 0.402505 
45.9199 0.000360662 0.00260892 0.00898242 -0.0024576 0.00322768 0.0504656 0.395774 
47.2222 0.000417416 0.00261483 0.00903841 -0.0026469 0.0035901 0.0542913 0.387024 
48.5246 0.000468278 0.00260708 0.00906627 -0.00279937 0.00390662 0.0575039 0.378276 
49.5284 0.000502736 0.00259234 0.00907072 -0.00289232 0.00412032 0.0595821 0.371548 
50 0.000517372 0.00258291 0.0090682 -0.00292878 0.0042119 0.0604432 0.368394 
50 0.000541684 0.0023984 0.00823877 -0.00296089 0.00350748 0.0604432 0.368394 
52.1883 0.000647788 0.00238317 0.00812417 -0.00322762 0.0038972 0.0660984 0.354644 
57.349 0.000834916 0.00226224 0.00760205 -0.00357008 0.00442205 0.0750405 0.322638 
65.4982 0.000948056 0.00192608 0.00637106 -0.00351029 0.00442685 0.0799635 0.274638 
76.6875 0.000855348 0.00139101 0.00453737 -0.00283351 0.00361047 0.0759532 0.216187 
90.9909 0.000592271 0.000821265 0.00264943 -0.00181172 0.00232153 0.0632026 0.155699 
108.507 0.000312802 0.000388217 0.00124208 -0.000905233 0.00116355 0.0459314 0.10172 
129.363 0.000126326 0.000145291 0.000462083 -0.000351928 0.000453137 0.0291891 0.0598832 
153.721 3.91498e-05 4.27612e-05 0.000135428 -0.000106286 0.00013699 0.0162495 0.0315961 
181.786 9.32426e-06 9.8397e-06 3.10741e-05 -2.48821e-05 3.20887e-05 0.00793016 0.0148653 
213.815 1.70277e-06 1.75715e-06 5.53865e-06 -4.49335e-06 5.79677e-06 0.00338885 0.00620078 
250.138 2.3665e-07 2.40812e-07 7.5815e-07 -6.20127e-07 8.00177e-07 0.00126336 0.00227655 
291.183 2.46724e-08 2.48973e-08 7.83284e-08 -6.43829e-08 8.30858e-08 0.000407925 0.000728349 
337.512 1.88416e-09 1.89243e-09 5.95128e-09 -4.9052e-09 6.33055e-09 0.000112728 0.000200236 
389.891 1.0156e-10 1.01757e-10 3.19937e-10 -2.64079e-10 3.40826e-10 2.6172e-05 4.63628e-05 
449.412 3.65067e-12 3.65344e-12 1.14857e-11 -9.48692e-12 1.22442e-11 4.96205e-06 8.77873e-06 
517.713 8.00402e-14 8.00645e-14 2.51691e-13 -2.07952e-13 2.68396e-13 7.34731e-07 1.29913e-06 
597.499 9.21743e-16 9.2156e-16 2.89786e-15 -2.39417e-15 3.08996e-15 7.8846e-08 1.39407e-07 
693.935 4.17467e-18 4.18812e-18 1.30871e-17 -1.0862e-17 1.40093e-17 5.30623e-09 9.35032e-09 
820.258 3.38897e-21 3.11034e-21 1.28248e-20 -8.43385e-21 1.16381e-20 1.51185e-10 3.05585e-10 
