0 0.0127336 0.00141451 2.10992e-18 -0.00857476 -0.00361799 -0.380474 0.611569 
0.4716 0.0118497 0.0012082 8.15095e-06 -0.00764483 -0.00457448 -0.367032 0.614272 
1.47542 0.0101177 0.000831303 7.53553e-05 -0.00585954 -0.00637585 -0.339148 0.619326 
2.77778 0.00815117 0.000458937 0.000247962 -0.00390778 -0.00827357 -0.30441 0.624505 
4.08014 0.00647193 0.000205088 0.000496454 -0.00232772 -0.00972463 -0.271248 0.628188 
5.08396 0.00535481 8.19256e-05 0.000727444 -0.00133821 -0.0105695 -0.24673 0.630044 
5.55556 0.00487917 4.40332e-05 0.000845296 -0.000936497 -0.010891 -0.235517 0.63063 
5.55556 0.00516213 6.82588e-05 0.00075055 -0.0012374 -0.0105713 -0.235517 0.63063 
6.02716 0.00468041 3.44145e-05 0.000873244 -0.000836622 -0.0109002 -0.224259 0.631143 
7.03098 0.00375747 8.05203e-07 0.00114947 -0.000114661 -0.011447 -0.200935 0.631663 
8.33333 0.00275111 2.80204e-05 0.00152848 0.000578773 -0.0118736 -0.171934 0.631218 
9.63569 0.00193792 0.000125554 0.00191807 0.00102825 -0.0120188 -0.144303 0.629558 
10.6395 0.0014288 0.000242668 0.00221821 0.00122746 -0.0119623 -0.123906 0.627486 
11.1111 0.00122195 0.000308998 0.0023577 0.00128092 -0.0118902 -0.114587 0.626281 
11.1111 0.0012908 0.000243844 0.00210069 0.00120549 -0.0120343 -0.114587 0.626281 
11.5827 0.00108491 0.00031064 0.00223406 0.0012474 -0.0119712 -0.105052 0.625106 
12.5865 0.000714913 0.000474938 0.00250979 0.00125205 -0.011745 -0.085277 0.62214 
13.8889 0.000361506 0.000728323 0.00284571 0.00110255 -0.0112846 -0.0606405 0.617375 
15.1912 0.000135316 0.00102095 0.00315062 0.000798646 -0.0106617 -0.0371005 0.61162 
16.1951 3.80321e-05 0.00126948 0.00336108 0.000472136 -0.0100865 -0.0196689 0.606535 
16.6667 1.34243e-05 0.00139236 0.00345195 0.000293764 -0.00979092 -0.0116856 0.603957 
16.6667 1.41597e-05 0.00123761 0.0030857 0.000292935 -0.0101837 -0.0116856 0.603957 
17.1383 1.19293e-06 0.00136113 0.00316286 8.91682e-05 -0.0098918 -0.00339181 0.601477 
18.1421 1.99761e-05 0.00163704 0.00330634 -0.000400163 -0.00921789 0.0138797 0.59581 
19.4444 0.00013107 0.00201891 0.00344887 -0.00113831 -0.008248 0.0355529 0.587693 
20.7468 0.00033047 0.00242467 0.00354089 -0.00198082 -0.00718475 0.0564534 0.578743 
21.7506 0.000538645 0.00275193 0.00357715 -0.00269415 -0.00630997 0.0720734 0.571293 
22.2222 0.000651636 0.00290968 0.00358385 -0.00304703 -0.00588408 0.0792732 0.567632 
22.2222 0.000686373 0.00422187 0.0268255 -0.00974547 0.00201732 0.0792732 0.567632 
22.6938 0.000548814 0.00401148 0.0285938 -0.00849445 0.00242278 0.0708857 0.563329 
23.6976 0.000278214 0.00348638 0.0326414 -0.00563829 0.00328571 0.0504703 0.554582 
25 3.82055e-05 0.00268662 0.0384846 -0.00183416 0.00449936 0.0187029 0.544288 
26.3024 3.99239e-05 0.00182658 0.0450161 0.00154599 0.00599173 -0.0191189 0.535503 
27.3062 0.000300337 0.00118603 0.0505296 0.00341683 0.00747575 -0.0524386 0.529982 
27.7778 0.000525263 0.000909152 0.0532655 0.00395619 0.00831159 -0.0693481 0.527815 
27.7778 0.00055253 0.00151878 0.00573808 0.00214462 -0.00441773 -0.0693481 0.527815 
28.2494 0.000474453 0.00159405 0.00596495 0.00203598 -0.00414439 -0.0642619 0.525236 
29.2532 0.00033556 0.0017491 0.00643847 0.00179357 -0.0035462 -0.0540434 0.519546 
30.5556 0.00020253 0.00193764 0.00703222 0.00146658 -0.00274893 -0.0419857 0.511792 
31.8579 0.000112117 0.0021093 0.00760143 0.00113849 -0.00194284 -0.0312387 0.503669 
32.8617 6.51971e-05 0.0022286 0.00802317 0.000892394 -0.00132415 -0.0238216 0.497186 
33.3333 4.87145e-05 0.00228046 0.00821626 0.000780309 -0.00103596 -0.0205914 0.494082 
33.3333 5.11788e-05 0.00204056 0.00740911 0.000777292 -0.00180622 -0.0205914 0.494082 
33.8049 3.4648e-05 0.00209524 0.00758333 0.000648068 -0.00153501 -0.0169426 0.491181 
34.8088 1.12748e-05 0.00220383 0.00793984 0.000379148 -0.000963953 -0.00966487 0.484886 
36.1111 1.69857e-07 0.0023282 0.00837383 4.78317e-05 -0.000241443 -0.00118627 0.476498 
37.4135 4.70311e-06 0.00243307 0.00877692 -0.000257297 0.000453367 0.00624215 0.467901 
38.4173 1.53446e-05 0.00250022 0.00906776 -0.00047112 0.00096631 0.0112751 0.461157 
38.8889 2.17916e-05 0.00252761 0.00919878 -0.0005645 0.00119984 0.0134365 0.457959 
38.8889 2.28665e-05 0.00229623 0.00831688 -0.00056585 0.000386779 0.0134365 0.457959 
39.3605 3.264e-05 0.00232889 0.0084289 -0.000680838 0.000609575 0.0160532 0.454964 
40.3643 5.71422e-05 0.00239092 0.00865226 -0.000912755 0.00106825 0.0212405 0.448525 
41.6667 9.38376e-05 0.00245616 0.00891297 -0.00118552 0.00162969 0.0272191 0.440057 
42.969 0.000132814 0.00250433 0.00914325 -0.00142417 0.00215092 0.0323823 0.431491 
43.9728 0.000162568 0.00252999 0.00930174 -0.00158369 0.00252431 0.0358264 0.42484 
44.4445 0.000176103 0.00253865 0.00937092 -0.00165112 0.00269109 0.037288 0.421706 
44.4445 0.000184579 0.00233153 0.00849365 -0.00166204 0.00191377 0.037288 0.421706 
44.9161 0.00020412 0.00234692 0.00854551 -0.00175357 0.00207576 0.0392122 0.418764 
45.9199 0.000245699 0.00237374 0.00864194 -0.00193486 0.00240306 0.043021 0.412474 
47.2222 0.000298289 0.00239687 0.00874049 -0.00214225 0.00279212 0.047402 0.404269 
48.5246 0.00034773 0.00240734 0.00881159 -0.00231804 0.0031412 0.0511799 0.396035 
49.5284 0.000382806 0.00240719 0.00884945 -0.00243206 0.00338344 0.0536992 0.389682 
50 0.000398209 0.00240474 0.00886255 -0.00247925 0.00348934 0.0547689 0.386699 
50 0.000416921 0.00222856 0.00805194 -0.00250396 0.00279877 0.0547689 0.386699 
52.2834 0.000526937 0.00224088 0.00801013 -0.00282278 0.00326952 0.0615725 0.373087 
57.6686 0.000736409 0.00217776 0.00763099 -0.00328967 0.00398099 0.0727891 0.341116 
66.1721 0.000895802 0.00190844 0.00654446 -0.00339651 0.00422878 0.080281 0.292536 
77.8481 0.000852441 0.00142114 0.0047826 -0.00285916 0.00361488 0.078314 0.2325 
92.7735 0.000616608 0.000865955 0.00287164 -0.00189819 0.00241929 0.0666057 0.169411 
111.051 0.000338756 0.000423079 0.0013878 -0.000983427 0.00125878 0.0493685 0.112208 
132.815 0.000142227 0.00016405 0.000533949 -0.000396796 0.000509097 0.0319888 0.0671197 
158.232 4.59083e-05 5.01982e-05 0.0001625 -0.000124703 0.000160212 0.0181741 0.0360714 
187.517 1.14286e-05 1.20631e-05 3.8907e-05 -3.0501e-05 3.92166e-05 0.00906783 0.0173326 
220.939 2.19217e-06 2.26185e-06 7.27763e-06 -5.78439e-06 7.44069e-06 0.0039714 0.00740621 
258.842 3.21946e-07 3.27526e-07 1.05224e-06 -8.43534e-07 1.08536e-06 0.00152194 0.00279468 
301.671 3.57205e-08 3.60379e-08 1.15675e-07 -9.32022e-08 1.1994e-07 0.00050695 0.000922369 
350.015 2.92683e-09 2.93921e-09 9.42961e-09 -7.61907e-09 9.80562e-09 0.000145113 0.000262675 
404.673 1.70874e-10 1.71189e-10 5.49071e-10 -4.44288e-10 5.71816e-10 3.50627e-05 6.33008e-05 
466.781 6.72704e-12 6.73181e-12 2.15889e-11 -1.7481e-11 2.2499e-11 6.95695e-06 1.25441e-05 
538.052 1.63743e-13 1.63789e-13 5.25237e-13 -4.25414e-13 5.47545e-13 1.0854e-06 1.95605e-06 
621.308 2.1308e-15 2.13046e-15 6.83345e-15 -5.53472e-15 7.1234e-15 1.23816e-07 2.23121e-07 
721.938 1.11885e-17 1.12163e-17 3.58056e-17 -2.91004e-17 3.74369e-17 8.97208e-09 1.61269e-08 
853.755 1.11801e-20 1.05345e-20 4.09372e-20 -2.81915e-20 3.79909e-20 2.83615e-10 5.62297e-10 
