0 0.0117142 0.00130128 2.99331e-19 -0.00788833 -0.00332204 -0.372896 0.592706 
0.4716 0.0109486 0.00112087 6.63021e-06 -0.00707784 -0.00414933 -0.360504 0.59523 
1.47542 0.00944097 0.000788416 6.15393e-05 -0.00551226 -0.00571809 -0.334764 0.599984 
2.77778 0.00771548 0.000454184 0.000203562 -0.00378217 -0.00739145 -0.30263 0.60493 
4.08014 0.00622731 0.000219299 0.000409745 -0.00236109 -0.0086942 -0.271882 0.608546 
5.08396 0.00522756 9.94567e-05 0.000602921 -0.00145683 -0.00946965 -0.249103 0.610459 
5.55556 0.00479895 6.01077e-05 0.000702004 -0.00108513 -0.0097705 -0.238673 0.611102 
5.55556 0.00507727 8.64528e-05 0.000623319 -0.00138109 -0.00944426 -0.238673 0.611102 
6.02716 0.00464158 5.03648e-05 0.000727068 -0.00100789 -0.00975356 -0.228203 0.61168 
7.03098 0.00380025 6.37454e-06 0.00096218 -0.000324449 -0.0102821 -0.206488 0.612401 
8.33333 0.00286993 1.01301e-05 0.00128825 0.000355434 -0.0107266 -0.179442 0.612333 
9.63569 0.00210359 7.47342e-05 0.00162785 0.000826527 -0.0109292 -0.153628 0.611176 
10.6395 0.00161344 0.000161099 0.00189283 0.00106277 -0.0109391 -0.134544 0.609572 
11.1111 0.00141092 0.000211596 0.00201708 0.00113899 -0.010904 -0.125817 0.60861 
11.1111 0.00149041 0.0001608 0.0017972 0.0010519 -0.0109965 -0.125817 0.60861 
11.5827 0.00128659 0.000211442 0.00191731 0.00112071 -0.010971 -0.116898 0.607676 
12.5865 0.00091146 0.000338666 0.00216855 0.0011938 -0.0108361 -0.0983909 0.605267 
13.8889 0.000534104 0.000539207 0.00248106 0.0011531 -0.0105134 -0.0753181 0.601317 
15.1912 0.000267081 0.000774527 0.0027728 0.000977276 -0.0100458 -0.0532608 0.596473 
16.1951 0.000128363 0.00097636 0.00298042 0.000760682 -0.00959983 -0.0369238 0.592154 
16.6667 8.16127e-05 0.00107663 0.00307219 0.000636929 -0.00936745 -0.0294418 0.589955 
16.6667 8.60836e-05 0.000947225 0.00274623 0.000631886 -0.00970382 -0.0294418 0.589955 
17.1383 4.66732e-05 0.00104763 0.00282723 0.000489316 -0.00947712 -0.021679 0.587844 
18.1421 3.02708e-06 0.00127272 0.0029841 0.000137351 -0.00894727 -0.00552099 0.583001 
19.4444 2.15578e-05 0.00158558 0.00315439 -0.000409117 -0.00817408 0.0147335 0.576029 
20.7468 0.000116385 0.001919 0.00328538 -0.00104578 -0.00731733 0.0342337 0.568306 
21.7506 0.000236303 0.00218827 0.00335884 -0.00159124 -0.00660793 0.0487797 0.56186 
22.2222 0.00030562 0.00231809 0.00338503 -0.00186255 -0.00626154 0.0554748 0.558686 
22.2222 0.000321912 0.00303696 0.0253373 -0.00566055 0.000585882 0.0554748 0.558686 
22.6938 0.000235856 0.00287121 0.0268602 -0.00471114 0.000965715 0.0474843 0.555145 
23.6976 8.37338e-05 0.00246722 0.0303302 -0.0026021 0.00179684 0.0282929 0.547975 
25 1.27962e-07 0.00186836 0.0353082 8.852e-05 0.00299262 -0.00110603 0.539596 
26.3024 0.000133071 0.00123981 0.040839 0.00232536 0.00444969 -0.0356672 0.532516 
27.3062 0.000453762 0.000781684 0.0454869 0.00340957 0.00585673 -0.065863 0.528126 
27.7778 0.000688373 0.000586992 0.0477874 0.00363914 0.00663111 -0.0811221 0.526425 
27.7778 0.000724107 0.00121495 0.00514795 0.00219587 -0.00468356 -0.0811221 0.526425 
28.2494 0.000637443 0.00128158 0.00535908 0.00211602 -0.00445284 -0.0761129 0.524181 
29.2532 0.000479409 0.00142021 0.00580203 0.00193177 -0.00394208 -0.0660071 0.519211 
30.5556 0.000320815 0.00159162 0.00636193 0.00167291 -0.00325029 -0.0539965 0.512403 
31.8579 0.000205259 0.00175092 0.0069035 0.00140349 -0.00253942 -0.0431906 0.505231 
32.8617 0.000139919 0.00186401 0.00730784 0.00119561 -0.00198648 -0.0356596 0.499482 
33.3333 0.000115196 0.00191393 0.00749384 0.00109928 -0.0017268 -0.0323561 0.496721 
33.3333 0.000121023 0.00170358 0.00675765 0.00109214 -0.00241602 -0.0323561 0.496721 
33.8049 9.49783e-05 0.00175546 0.00692766 0.000982138 -0.00217261 -0.0286638 0.494144 
34.8088 5.22444e-05 0.00185992 0.00727789 0.000749776 -0.00165571 -0.021259 0.488535 
36.1111 1.82037e-05 0.00198249 0.00770882 0.00045693 -0.000993188 -0.0125488 0.481031 
37.4135 2.68355e-06 0.00208946 0.00811386 0.000180109 -0.000346791 -0.00481811 0.473307 
38.4173 2.81211e-08 0.00216076 0.00840914 -1.87492e-05 0.000136558 0.000493217 0.467225 
38.8889 9.05352e-07 0.00219081 0.00854301 -0.000107121 0.00035844 0.00279854 0.464335 
38.8889 9.5001e-07 0.00198285 0.00772398 -0.000107177 -0.000390676 0.00279854 0.464335 
39.3605 3.70915e-06 0.00201707 0.00784116 -0.000213595 -0.000179748 0.00552973 0.461629 
40.3643 1.46301e-05 0.00208366 0.00807744 -0.000431153 0.000258218 0.0109822 0.455797 
41.6667 3.64974e-05 0.00215727 0.00835831 -0.00069291 0.00080166 0.0173459 0.448102 
42.969 6.38175e-05 0.00221633 0.00861188 -0.000928712 0.00131429 0.022937 0.440288 
43.9728 8.67212e-05 0.00225195 0.00878999 -0.00109128 0.001687 0.026738 0.4342 
44.4445 9.76652e-05 0.00226572 0.00886878 -0.00116163 0.00185514 0.028375 0.431325 
44.4445 0.000102366 0.00207509 0.00803852 -0.00116769 0.00112085 0.028375 0.431325 
44.9161 0.000117872 0.00209442 0.00810162 -0.00125883 0.0012833 0.0304484 0.428627 
45.9199 0.000152082 0.00213037 0.00822305 -0.0014421 0.0016149 0.0345858 0.422845 
47.2222 0.000197507 0.00216663 0.00835578 -0.00165735 0.00201571 0.039414 0.41528 
48.5246 0.000242353 0.0021915 0.00846248 -0.0018464 0.00238282 0.0436599 0.407661 
49.5284 0.00027553 0.00220316 0.00852837 -0.00197396 0.00264274 0.0465525 0.401764 
50 0.000290507 0.00220645 0.00855474 -0.00202841 0.00275798 0.047801 0.398989 
50 0.000304158 0.00204043 0.00777228 -0.00204644 0.00208997 0.047801 0.398989 
52.3827 0.000412568 0.0020772 0.00779987 -0.00240478 0.00262538 0.0556719 0.385743 
58.002 0.000634542 0.00206769 0.00756267 -0.00297551 0.00349659 0.0690427 0.354341 
66.8754 0.000832096 0.00186476 0.0066317 -0.00323583 0.00396999 0.0790632 0.305991 
79.0591 0.000836225 0.00143048 0.00496624 -0.00284113 0.00356242 0.0792591 0.245368 
94.6337 0.000631293 0.000898147 0.00306066 -0.00195604 0.00247951 0.0688657 0.180718 
113.706 0.000360061 0.00045255 0.00152132 -0.0010486 0.00133675 0.0520087 0.121216 
136.416 0.000156748 0.000181324 0.000603693 -0.000437942 0.000559994 0.0343154 0.0735746 
162.939 5.25307e-05 5.75038e-05 0.000190178 -0.000142772 0.000182875 0.0198653 0.0402109 
193.497 1.36189e-05 1.43787e-05 4.73406e-05 -3.63513e-05 4.66079e-05 0.0101149 0.0196975 
228.373 2.73243e-06 2.81897e-06 9.25419e-06 -7.20954e-06 9.24904e-06 0.00453067 0.00860396 
267.924 4.22033e-07 4.29253e-07 1.40661e-06 -1.10565e-06 1.4189e-06 0.00178058 0.00332894 
312.616 4.95637e-08 4.9994e-08 1.6365e-07 -1.29309e-07 1.65975e-07 0.000610196 0.00113035 
363.062 4.33072e-09 4.34839e-09 1.42256e-08 -1.12728e-08 1.44707e-08 0.000180371 0.000332433 
420.097 2.71952e-10 2.72429e-10 8.90974e-10 -7.07067e-10 9.07697e-10 4.51995e-05 8.30896e-05 
484.906 1.16331e-11 1.16408e-11 3.80658e-11 -3.02293e-11 3.88075e-11 9.34836e-06 1.71643e-05 
559.277 3.11515e-13 3.11594e-13 1.01885e-12 -8.09323e-13 1.03901e-12 1.52977e-06 2.80736e-06 
646.153 4.53214e-15 4.53156e-15 1.48198e-14 -1.17724e-14 1.51128e-14 1.84518e-07 3.38591e-07 
751.16 2.72364e-17 2.72895e-17 8.89193e-17 -7.08208e-17 9.08904e-17 1.43042e-08 2.61968e-08 
888.709 3.27793e-20 3.14126e-20 1.1812e-19 -8.33566e-20 1.10562e-19 4.96236e-10 9.76356e-10 
