0 0.0108323 0.0012033 1.66158e-18 -0.00729441 -0.00299995 0.362861 -0.569315 
0.4716 0.0101663 0.00104503 5.43923e-06 -0.00658551 -0.00371855 0.351531 -0.571657 
1.47542 0.00884907 0.000750926 5.06725e-05 -0.00520824 -0.00509001 0.327967 -0.576098 
2.77778 0.00733016 0.000450327 0.000168438 -0.00367083 -0.00657008 0.298496 -0.580788 
4.08014 0.00600798 0.000233078 0.000340742 -0.00239088 -0.00774177 0.270237 -0.584306 
5.08396 0.00511165 0.000117297 0.000503355 -0.00156447 -0.00845332 0.249265 -0.586246 
5.55556 0.00472495 7.72867e-05 0.000587167 -0.00122094 -0.00873417 0.239651 -0.586931 
5.55556 0.00499897 0.000105289 0.000521354 -0.00151233 -0.0084034 0.239651 -0.586931 
6.02716 0.00460455 6.78863e-05 0.000609588 -0.00116547 -0.0086934 0.230003 -0.58756 
7.03098 0.00383743 1.62822e-05 0.000810739 -0.000521066 -0.0092005 0.209971 -0.588446 
8.33333 0.00297845 1.49497e-06 0.00109244 0.0001391 -0.00965276 0.184984 -0.588706 
9.63569 0.00225887 3.92407e-05 0.00138929 0.000620626 -0.00989703 0.161096 -0.588 
10.6395 0.00179017 0.000100128 0.00162354 0.000882554 -0.00995874 0.143412 -0.586822 
11.1111 0.0015938 0.000137409 0.00173424 0.000975532 -0.009953 0.135319 -0.586084 
11.1111 0.0016836 9.8981e-05 0.00154519 0.00087715 -0.0100003 0.135319 -0.586084 
11.5827 0.00148425 0.000136172 0.00165322 0.000965996 -0.0100045 0.127055 -0.585369 
12.5865 0.00111047 0.000232357 0.0018815 0.00109146 -0.00994285 0.109898 -0.583474 
13.8889 0.000720034 0.00038836 0.00217039 0.00113624 -0.00973262 0.088494 -0.58028 
15.1912 0.000425392 0.000575121 0.00244624 0.0010628 -0.00939347 0.0680193 -0.576288 
16.1951 0.000256806 0.000737248 0.00264723 0.000934949 -0.00905539 0.0528494 -0.572689 
16.6667 0.000193719 0.000818278 0.00273763 0.000855489 -0.00887591 0.0459012 -0.570845 
16.6667 0.000204332 0.000711135 0.00244717 0.000843521 -0.00915902 0.0459012 -0.570845 
17.1383 0.00014525 0.000791932 0.00252919 0.000750506 -0.00898656 0.0387003 -0.569081 
18.1421 5.45502e-05 0.000973938 0.0026924 0.000510054 -0.00857694 0.0237167 -0.565013 
19.4444 2.37445e-06 0.00122835 0.00287935 0.000119508 -0.00796817 0.00494809 -0.559121 
20.7468 1.66425e-05 0.00150069 0.0030363 -0.00034971 -0.00728399 -0.0130998 -0.55256 
21.7506 6.83287e-05 0.00172118 0.00313588 -0.000758869 -0.00671246 -0.0265435 -0.547062 
22.2222 0.000103856 0.0018276 0.00317609 -0.000964071 -0.00643218 -0.0327244 -0.54435 
22.2222 0.000109393 0.00211871 0.0237733 -0.00275614 -0.000458024 -0.0327244 -0.54435 
22.6938 6.50521e-05 0.00199131 0.0250769 -0.00206049 -0.000104529 -0.0252353 -0.541506 
23.6976 5.67908e-06 0.00168751 0.0280351 -0.000560444 0.000683341 -0.0074562 -0.535776 
25 3.84457e-05 0.00124906 0.0322552 0.00125454 0.00183139 0.0194 -0.529138 
26.3024 0.000261612 0.000801022 0.0369187 0.00262072 0.00321706 0.0506066 -0.523606 
27.3062 0.000616094 0.000483168 0.0408219 0.00312351 0.00452477 0.0776608 -0.520241 
27.7778 0.000851078 0.000351255 0.0427495 0.00313016 0.00523157 0.0912773 -0.518962 
27.7778 0.000895258 0.000959966 0.00460524 0.00217034 -0.00482224 0.0912773 -0.518962 
28.2494 0.000802354 0.00101811 0.00480003 0.00211596 -0.00463058 0.0864116 -0.517039 
29.2532 0.000629807 0.00114025 0.00521053 0.00198395 -0.004201 0.0765583 -0.512762 
30.5556 0.00045082 0.00129356 0.00573303 0.00178781 -0.00360931 0.0647724 -0.50687 
31.8579 0.000314274 0.00143868 0.0062423 0.00157421 -0.00299121 0.0540808 -0.500626 
32.8617 0.000233001 0.00154357 0.00662503 0.001404 -0.0025041 0.0465659 -0.495598 
33.3333 0.000200991 0.00159047 0.0068018 0.00132366 -0.0022735 0.0432491 -0.493177 
33.3333 0.000211158 0.00140738 0.0061336 0.00131121 -0.00288474 0.0432491 -0.493177 
33.8049 0.000176806 0.00145556 0.00629692 0.00122019 -0.00266962 0.0395751 -0.490919 
34.8088 0.000116842 0.00155369 0.00663528 0.00102482 -0.00220902 0.0321716 -0.485991 
36.1111 6.17631e-05 0.00167114 0.0070553 0.000772745 -0.0016113 0.0233904 -0.479373 
37.4135 2.71593e-05 0.00177641 0.007454 0.000528318 -0.00102022 0.0155107 -0.472529 
38.4173 1.1366e-05 0.00184865 0.00774713 0.000348655 -0.000573036 0.0100341 -0.467121 
38.8889 6.58317e-06 0.00187981 0.00788072 0.000267571 -0.000366223 0.00763644 -0.464544 
38.8889 6.9079e-06 0.00169441 0.00712518 0.000267163 -0.0010502 0.00763644 -0.464544 
39.3605 2.78084e-06 0.00172879 0.00724426 0.00017122 -0.000854335 0.00484513 -0.462134 
40.3643 6.84958e-08 0.00179691 0.00748643 -2.73961e-05 -0.000444489 -0.000760413 -0.456927 
41.6667 6.43599e-06 0.00187478 0.00777832 -0.000271255 7.02615e-05 -0.00737098 -0.450033 
42.969 2.08285e-05 0.00194052 0.00804614 -0.000496457 0.00056263 -0.0132601 -0.443005 
43.9728 3.55504e-05 0.00198281 0.00823707 -0.000655627 0.000925168 -0.0173237 -0.437512 
44.4445 4.31852e-05 0.00200015 0.00832235 -0.000725759 0.00109009 -0.0190935 -0.434913 
44.4445 4.52637e-05 0.00182631 0.00754324 -0.000728438 0.000403323 -0.0190935 -0.434913 
44.9161 5.61691e-05 0.0018482 0.00761446 -0.000816306 0.000561938 -0.0212696 -0.432474 
45.9199 8.16276e-05 0.00189031 0.00775438 -0.00099521 0.000888482 -0.0256406 -0.427237 
47.2222 0.000117785 0.00193593 0.0079132 -0.00120982 0.00128869 -0.0308003 -0.420363 
48.5246 0.000155651 0.00197155 0.00804788 -0.00140349 0.00166138 -0.0354067 -0.413416 
49.5284 0.000184948 0.00199232 0.00813631 -0.00153792 0.00192944 -0.0385954 -0.408023 
50 0.000198537 0.00200011 0.00817348 -0.00159653 0.00204956 -0.0399881 -0.405481 
50 0.000207866 0.00184533 0.00742589 -0.00160886 0.00141058 -0.0399881 -0.405481 
52.4863 0.000309714 0.00190291 0.00751746 -0.00199424 0.00199413 -0.0488112 -0.392782 
58.35 0.000534808 0.00194123 0.00741607 -0.00264683 0.00299584 -0.0641413 -0.362388 
67.6093 0.000761707 0.00180149 0.00664416 -0.00304297 0.00367104 -0.0765478 -0.314962 
80.3229 0.000809593 0.00142232 0.00509204 -0.00278754 0.00346456 -0.0789173 -0.254646 
96.5747 0.000637304 0.00091873 0.0032154 -0.00198772 0.00250594 -0.0700184 -0.18941 
116.477 0.000376631 0.000476415 0.00164021 -0.00110037 0.00139723 -0.0538266 -0.128518 
140.174 0.000169576 0.000196736 0.000669549 -0.000474474 0.000604774 -0.0361178 -0.0790526 
167.85 5.88238e-05 6.44667e-05 0.000217667 -0.000159968 0.000204328 -0.0212724 -0.0438708 
199.737 1.58264e-05 1.67141e-05 5.6136e-05 -4.22493e-05 5.40302e-05 -0.0110339 -0.0218701 
236.13 3.30794e-06 3.41244e-06 1.1422e-05 -8.72769e-06 1.11691e-05 -0.00504449 -0.00974577 
277.401 5.34872e-07 5.4392e-07 1.81676e-06 -1.40114e-06 1.79379e-06 -0.00202845 -0.00385742 
324.037 6.61435e-08 6.67058e-08 2.22532e-07 -1.72549e-07 2.20953e-07 -0.000713317 -0.00134402 
376.676 6.12678e-09 6.151e-09 2.05061e-08 -1.59469e-08 2.04228e-08 -0.000217098 -0.000406995 
436.191 4.11058e-10 4.11747e-10 1.37221e-09 -1.0687e-09 1.36873e-09 -5.62329e-05 -0.000105153 
503.819 1.89601e-11 1.8972e-11 6.32171e-11 -4.92679e-11 6.31011e-11 -1.2077e-05 -2.25572e-05 
581.424 5.53665e-13 5.53794e-13 1.84519e-12 -1.43842e-12 1.84234e-12 -2.06377e-06 -3.85282e-06 
672.079 8.91355e-15 8.91261e-15 2.96998e-14 -2.31535e-14 2.9654e-14 -2.61857e-07 -4.88813e-07 
781.651 6.05483e-17 6.06431e-17 2.015e-16 -1.57409e-16 2.01566e-16 -2.15819e-08 -4.02254e-08 
925.182 8.60848e-20 8.34191e-20 3.08543e-19 -2.20133e-19 2.88762e-19 -8.13771e-10 -1.60044e-09 
