0 0.0100696 0.00111858 -4.84366e-19 -0.00678083 -0.00267299 -0.351194 0.543166 
0.4716 0.00948773 0.000979194 4.50011e-06 -0.00615828 -0.00330013 -0.340896 0.545329 
1.47542 0.0083319 0.000718142 4.20683e-05 -0.00494221 -0.00450429 -0.319458 0.549458 
2.77778 0.00698982 0.000447147 0.000140474 -0.00357192 -0.00581809 -0.2926 0.553879 
4.08014 0.00581151 0.000246215 0.00028549 -0.00241683 -0.00687435 -0.2668 0.557274 
5.08396 0.00500603 0.000135018 0.000423266 -0.00166106 -0.00752756 -0.247621 0.559215 
5.55556 0.00465651 9.49901e-05 0.000494594 -0.00134373 -0.00778932 -0.23882 0.559929 
5.55556 0.00492656 0.000124245 0.000439157 -0.0016309 -0.0074556 -0.23882 0.559929 
6.02716 0.00456895 8.62897e-05 0.000514622 -0.00130889 -0.00772691 -0.229989 0.560592 
7.03098 0.00386891 2.94067e-05 0.000687604 -0.000703127 -0.00821078 -0.211638 0.561608 
8.33333 0.0030762 3.35862e-07 0.000931991 -6.70045e-05 -0.00866288 -0.188715 0.562144 
9.63569 0.00240226 1.65879e-05 0.00119224 0.000416123 -0.00893612 -0.166767 0.561828 
10.6395 0.00195642 5.67223e-05 0.00139965 0.000694423 -0.00903708 -0.150498 0.561024 
11.1111 0.00176747 8.31503e-05 0.00149832 0.000799143 -0.00905426 -0.143046 0.560483 
11.1111 0.00186705 5.5238e-05 0.00133499 0.000690041 -0.00906207 -0.143046 0.560483 
11.5827 0.00167387 8.14087e-05 0.00143212 0.000793186 -0.00908939 -0.135444 0.559963 
12.5865 0.00130631 0.00015201 0.0016391 0.000957497 -0.00908549 -0.119652 0.558525 
13.8889 0.000911276 0.000271037 0.00190488 0.00106787 -0.00896567 -0.099936 0.55601 
15.1912 0.000599587 0.000417242 0.00216339 0.00107473 -0.00873134 -0.0810631 0.552788 
16.1951 0.000410495 0.000546083 0.00235529 0.00101733 -0.00848206 -0.0670735 0.549841 
16.6667 0.000335795 0.000610951 0.00244275 0.000973236 -0.00834635 -0.0606645 0.548321 
16.6667 0.000354191 0.000523094 0.00218358 0.00095249 -0.00857981 -0.0606645 0.548321 
17.1383 0.000280948 0.000587487 0.0022646 0.00089901 -0.00845197 -0.0540292 0.546872 
18.1421 0.000155726 0.000733415 0.00242897 0.000747838 -0.00814151 -0.040225 0.543509 
19.4444 5.0653e-05 0.0009389 0.00262417 0.000482575 -0.0076688 -0.0229413 0.538602 
20.7468 3.86206e-06 0.00116018 0.00279696 0.000148124 -0.00712763 -0.00633469 0.533102 
21.7506 3.49128e-06 0.00134 0.00291382 -0.000151355 -0.00667027 0.00602293 0.528473 
22.2222 1.31749e-05 0.00142695 0.00296363 -0.000303411 -0.00644467 0.0117001 0.526184 
22.2222 1.38773e-05 0.00142476 0.0221831 -0.000804996 -0.00118903 0.0117001 0.526184 
22.6938 2.31384e-06 0.00132946 0.0232938 -0.000317523 -0.000862246 0.00477755 0.523958 
23.6976 1.33841e-05 0.00110687 0.0258053 0.000696809 -0.000125219 -0.0114903 0.519501 
25 0.000129618 0.000794357 0.0293704 0.00183701 0.000955565 -0.0357578 0.514398 
26.3024 0.000410796 0.000484793 0.0332913 0.00255483 0.00224767 -0.0636578 0.510227 
27.3062 0.000779184 0.000272947 0.0365612 0.00264015 0.00344456 -0.0876714 0.50776 
27.7778 0.0010079 0.000188082 0.0381729 0.0024926 0.0040821 -0.0997119 0.506853 
27.7778 0.00106022 0.00074974 0.00411221 0.00208727 -0.00485925 -0.0997119 0.506853 
28.2494 0.000963153 0.000799879 0.00429076 0.00205488 -0.00470257 -0.0950378 0.505226 
29.2532 0.000780274 0.000906152 0.00466847 0.00196857 -0.0043465 -0.0855406 0.501591 
30.5556 0.000585754 0.00104146 0.00515213 0.00182854 -0.0038471 -0.074115 0.496553 
31.8579 0.000432341 0.00117168 0.00562668 0.00166626 -0.00331644 -0.0636739 0.491182 
32.8617 0.000337767 0.0012673 0.00598535 0.0015317 -0.00289267 -0.0562804 0.486835 
33.3333 0.000299536 0.00131053 0.00615159 0.00146681 -0.00269048 -0.0529997 0.484736 
33.3333 0.000314688 0.00115208 0.00554727 0.00144826 -0.00322828 -0.0529997 0.484736 
33.8049 0.000273324 0.00119608 0.00570225 0.00137525 -0.00304072 -0.0493937 0.482782 
34.8088 0.000198532 0.00128656 0.00602491 0.00121561 -0.00263581 -0.0420967 0.478504 
36.1111 0.000124817 0.00139669 0.00642845 0.00100427 -0.00210399 -0.0333787 0.472733 
37.4135 7.27438e-05 0.00149755 0.00681471 0.000793878 -0.00157127 -0.0254818 0.466739 
38.4173 4.45411e-05 0.00156837 0.00710072 0.000635725 -0.00116381 -0.0199395 0.461984 
38.8889 3.42924e-05 0.00159944 0.00723165 0.00056331 -0.000974067 -0.0174957 0.459714 
38.8889 3.5984e-05 0.00143521 0.00653834 0.000561185 -0.0015938 -0.0174957 0.459714 
39.3605 2.53735e-05 0.00146872 0.00665673 0.00047671 -0.00141483 -0.0146916 0.457592 
40.3643 9.58925e-06 0.00153606 0.00689916 0.000299702 -0.00103764 -0.00903171 0.452998 
41.6667 6.21074e-07 0.00161496 0.00719461 7.82071e-05 -0.00055864 -0.00229852 0.446892 
42.969 1.6698e-06 0.00168394 0.00746917 -0.000130945 -9.4709e-05 0.00376886 0.440645 
43.9728 7.53459e-06 0.00173016 0.00766714 -0.000281947 0.000250723 0.00800584 0.435748 
44.4445 1.14462e-05 0.00174976 0.00775621 -0.000349473 0.000409005 0.00986751 0.433425 
44.4445 1.19971e-05 0.0015924 0.00703011 -0.000350183 -0.000227957 0.00986751 0.433425 
44.9161 1.80504e-05 0.00161568 0.0071067 -0.000432664 -7.63773e-05 0.0121036 0.431246 
45.9199 3.40329e-05 0.00166145 0.00725932 -0.000602452 0.000238018 0.0166195 0.426559 
47.2222 5.96369e-05 0.00171317 0.0074369 -0.00080982 0.000627953 0.0220002 0.420388 
48.5246 8.89094e-05 0.00175628 0.0075925 -0.00100115 0.000996183 0.0268623 0.414131 
49.5284 0.000112897 0.00178369 0.00769823 -0.00113692 0.00126449 0.03027 0.40926 
50 0.000124378 0.00179483 0.00774384 -0.00119706 0.00138577 0.0317718 0.406959 
50 0.000130223 0.00165177 0.00703555 -0.00120477 0.00078028 0.0317718 0.406959 
52.5945 0.000221298 0.0017264 0.00718453 -0.00160564 0.00139638 0.0414178 0.394933 
58.7132 0.000441097 0.00180605 0.00720949 -0.00231857 0.00249958 0.0584744 0.365863 
68.3751 0.000688577 0.00172454 0.00659438 -0.00283075 0.00334959 0.0730592 0.319889 
81.6415 0.000775354 0.00140015 0.00516591 -0.00270661 0.00333267 0.0775262 0.260597 
98.6001 0.000635907 0.000929057 0.00333677 -0.00199667 0.00250344 0.0702094 0.195596 
119.368 0.000388675 0.000494823 0.00174323 -0.00113922 0.00144106 0.0548899 0.134118 
144.096 0.000180554 0.000210088 0.000730235 -0.000505932 0.000642936 0.0374112 0.0835014 
172.975 6.46437e-05 7.09281e-05 0.000244286 -0.000175898 0.000224093 0.0223852 0.0469872 
206.249 1.79891e-05 1.90043e-05 6.50564e-05 -4.80306e-05 6.12779e-05 0.0118087 0.0237982 
244.224 3.90219e-06 4.0253e-06 1.3726e-05 -1.02954e-05 1.31456e-05 0.00549987 0.0107986 
287.29 6.57689e-07 6.68711e-07 2.27483e-06 -1.72273e-06 2.20068e-06 0.00225792 0.00436298 
335.954 8.52216e-08 8.59329e-08 2.91924e-07 -2.22302e-07 2.84049e-07 0.000812781 0.00155607 
390.883 8.32202e-09 8.35399e-09 2.83582e-08 -2.16596e-08 2.76795e-08 0.000253988 0.000483829 
452.986 5.92785e-10 5.9374e-10 2.01475e-09 -1.54111e-09 1.96958e-09 6.77871e-05 0.000128808 
523.555 2.92713e-11 2.92887e-11 9.93687e-11 -7.60605e-11 9.72095e-11 1.50633e-05 2.85906e-05 
604.535 9.24436e-13 9.24637e-13 3.13682e-12 -2.40166e-12 3.06954e-12 2.67693e-06 5.07856e-06 
699.132 1.63101e-14 1.63086e-14 5.53325e-14 -4.23668e-14 5.41465e-14 3.55571e-07 6.74512e-07 
813.469 1.23773e-16 1.23932e-16 4.19504e-16 -3.2173e-16 4.11139e-16 3.0975e-08 5.86867e-08 
963.242 2.04322e-19 1.99495e-19 7.33221e-19 -5.24459e-19 6.82473e-19 1.25851e-09 2.48481e-09 
