0 0.00940853 0.00104515 1.31909e-18 -0.00633568 -0.00235525 -0.338705 0.515908 
0.4716 0.00889771 0.000921902 3.7534e-06 -0.00578662 -0.00290525 -0.329382 0.5179 
1.47542 0.007879 0.000689351 3.52e-05 -0.00470868 -0.0039673 -0.309954 0.521726 
2.77778 0.00668846 0.000444418 0.000118034 -0.00348339 -0.00513793 -0.285578 0.525876 
4.08014 0.0056349 0.000258536 0.00024091 -0.00243864 -0.00609258 -0.262122 0.529133 
5.08396 0.00490915 0.00015226 0.000358365 -0.00174679 -0.00669273 -0.244661 0.531054 
5.55556 0.00459256 0.000112719 0.000419419 -0.00145368 -0.00693648 -0.23664 0.531783 
5.55556 0.0048589 0.000142884 0.000372408 -0.00173691 -0.00660106 -0.23664 0.531783 
6.02716 0.00453407 0.000104977 0.000437301 -0.00143816 -0.00685453 -0.228593 0.532468 
7.03098 0.00389448 4.47252e-05 0.000586785 -0.000869996 -0.00731426 -0.211858 0.53358 
8.33333 0.00316291 4.94617e-06 0.000799648 -0.000260732 -0.00776033 -0.190925 0.534338 
9.63569 0.00253284 4.28836e-06 0.00102845 0.000217253 -0.00805232 -0.170853 0.534348 
10.6395 0.00211044 2.77542e-05 0.0012124 0.000504507 -0.00818231 -0.155957 0.533865 
11.1111 0.00192968 4.53864e-05 0.00130043 0.00061691 -0.00821701 -0.149129 0.533494 
11.1111 0.0020384 2.63304e-05 0.00115867 0.000497796 -0.00819046 -0.149129 0.533494 
11.5827 0.00185255 4.35883e-05 0.00124596 0.000610587 -0.00823527 -0.142168 0.533141 
12.5865 0.0014947 9.33577e-05 0.00143338 0.000802657 -0.00827624 -0.127701 0.5321 
13.8889 0.00110148 0.000182034 0.001677 0.000962149 -0.0082282 -0.109624 0.530177 
15.1912 0.000780964 0.00029473 0.00191761 0.00103087 -0.00807846 -0.0923066 0.527631 
16.1951 0.000578753 0.00039595 0.00209891 0.0010286 -0.00790159 -0.0794628 0.525259 
16.6667 0.000496191 0.000447378 0.00218242 0.00101237 -0.00780175 -0.0735769 0.524026 
16.6667 0.000523373 0.000376058 0.00195087 0.000981715 -0.00798943 -0.0735769 0.524026 
17.1383 0.000440348 0.000426852 0.00202948 0.000959375 -0.00789795 -0.0674891 0.522854 
18.1421 0.000290584 0.000542841 0.00219131 0.000878868 -0.00766863 -0.0548241 0.520115 
19.4444 0.00014682 0.000707688 0.00238853 0.00071329 -0.00730773 -0.0389698 0.516082 
20.7468 5.45037e-05 0.000886582 0.00256945 0.000486435 -0.0068844 -0.0237437 0.511525 
21.7506 1.49147e-05 0.0010327 0.00269671 0.000274629 -0.00652122 -0.0124206 0.507669 
22.2222 5.04173e-06 0.00110353 0.00275264 0.000165057 -0.00634072 -0.00722146 0.505757 
22.2222 5.31049e-06 0.000914073 0.0206038 0.000398867 -0.00167436 -0.00722146 0.505757 
22.6938 1.86916e-05 0.000845039 0.0215469 0.000719503 -0.00137429 -0.0135482 0.504066 
23.6976 8.14656e-05 0.000687073 0.0236729 0.00135444 -0.000692586 -0.0282843 0.500707 
25 0.000254806 0.000471889 0.0266775 0.00198516 0.000309297 -0.0500222 0.496921 
26.3024 0.000569343 0.000266914 0.029968 0.00223174 0.00149598 -0.0747731 0.493913 
27.3062 0.000937202 0.00013383 0.0327036 0.00202751 0.00257826 -0.0959344 0.492215 
27.7778 0.00115516 8.35655e-05 0.0340495 0.00177871 0.00314789 -0.106507 0.491624 
27.7778 0.00121513 0.000578852 0.00366802 0.00196345 -0.00481797 -0.106507 0.491624 
28.2494 0.00111565 0.000621628 0.00383085 0.00194965 -0.00469208 -0.102055 0.490262 
29.2532 0.00092607 0.000713108 0.00417648 0.0019025 -0.00440135 -0.0929802 0.487206 
30.5556 0.000720373 0.000831176 0.00462137 0.00181155 -0.00398529 -0.0820063 0.482941 
31.8579 0.000553946 0.000946589 0.00506044 0.00169527 -0.00353505 -0.0719121 0.478364 
32.8617 0.000448644 0.00103255 0.00539395 0.00159343 -0.00317054 -0.0647172 0.474642 
33.3333 0.000405274 0.0010718 0.005549 0.00154297 -0.00299524 -0.0615096 0.472839 
33.3333 0.000425775 0.00093532 0.00500387 0.00151787 -0.00346497 -0.0615096 0.472839 
33.8049 0.000378675 0.000974926 0.00514956 0.00146145 -0.00330344 -0.0580078 0.471163 
34.8088 0.000291504 0.00105711 0.00545412 0.0013352 -0.0029518 -0.050895 0.467483 
36.1111 0.000201769 0.00115863 0.00583747 0.00116296 -0.00248433 -0.0423429 0.462497 
37.4135 0.0001342 0.00125332 0.00620705 0.000986444 -0.00201016 -0.0345326 0.457295 
38.4173 9.46776e-05 0.00132105 0.0064824 0.000850643 -0.00164366 -0.0290052 0.453153 
38.8889 7.9348e-05 0.00135116 0.00660891 0.000787565 -0.00147188 -0.0265534 0.451171 
38.8889 8.3262e-05 0.00120642 0.00597531 0.000782647 -0.00202966 -0.0265534 0.451171 
39.3605 6.67438e-05 0.00123835 0.00609107 0.000709938 -0.00186836 -0.023774 0.44932 
40.3643 3.88565e-05 0.00130322 0.00632946 0.000555693 -0.0015261 -0.0181397 0.445302 
41.6667 1.53105e-05 0.00138075 0.00662261 0.000359042 -0.00108692 -0.0113866 0.439945 
42.969 3.24541e-06 0.00145032 0.00689787 0.000169418 -0.000656639 -0.00524243 0.434443 
43.9728 9.76526e-08 0.00149829 0.00709819 2.98699e-05 -0.000333006 -0.000909367 0.430116 
44.4445 1.20016e-07 0.00151908 0.00718884 -3.3343e-05 -0.000183749 0.00100813 0.428059 
44.4445 1.25793e-07 0.00137749 0.00651585 -3.33505e-05 -0.000770336 0.00100813 0.428059 
44.9161 1.32179e-06 0.00140122 0.00659551 -0.000109035 -0.000628003 0.00326792 0.426132 
45.9199 7.63255e-06 0.00144862 0.00675591 -0.000266406 -0.000330802 0.0078528 0.421976 
47.2222 2.20861e-05 0.00150375 0.00694588 -0.000461719 4.1722e-05 0.0133583 0.416488 
48.5246 4.18242e-05 0.0015516 0.00711613 -0.000645407 0.000397816 0.0183825 0.410905 
49.5284 5.95731e-05 0.0015835 0.00723448 -0.000778153 0.000660177 0.0219389 0.406547 
50 6.84544e-05 0.001597 0.00728635 -0.000837691 0.000779635 0.0235175 0.404485 
50 7.16711e-05 0.00146569 0.0066199 -0.000841939 0.000210436 0.0235175 0.404485 
52.7073 0.000148564 0.00155375 0.00681927 -0.00124806 0.000845119 0.0338591 0.393204 
59.0921 0.000355865 0.0016681 0.0069592 -0.00200144 0.00202258 0.0524036 0.365656 
69.1742 0.000615731 0.00163893 0.00649455 -0.00260954 0.00301974 0.0689309 0.321488 
83.0176 0.000735995 0.00136728 0.00519466 -0.00260588 0.00317695 0.0753626 0.263735 
100.714 0.000628444 0.00093067 0.00342697 -0.00198664 0.00247719 0.0696389 0.199597 
122.384 0.000396586 0.000508168 0.00183012 -0.00116617 0.00146974 0.0553206 0.138177 
148.188 0.000189649 0.000221325 0.000784931 -0.000532205 0.000674416 0.0382555 0.086979 
178.323 6.9895e-05 7.67822e-05 0.000269493 -0.000190301 0.000241862 0.0232242 0.0495628 
213.044 2.00564e-05 2.11958e-05 7.38859e-05 -5.35598e-05 6.81837e-05 0.0124407 0.0254654 
252.67 4.49938e-06 4.64129e-06 1.61085e-05 -1.18709e-05 1.51262e-05 0.00589244 0.0117455 
297.61 7.87321e-07 8.00414e-07 2.77063e-06 -2.06216e-06 2.62905e-06 0.00246487 0.00483454 
348.389 1.06416e-07 1.0729e-07 3.70818e-07 -2.77568e-07 3.53975e-07 0.000906194 0.00176095 
405.707 1.0899e-08 1.09398e-08 3.77796e-08 -2.83653e-08 3.61789e-08 0.00029001 0.000560757 
470.511 8.19443e-10 8.20717e-10 2.83312e-09 -2.13032e-09 2.71735e-09 7.95203e-05 0.000153381 
544.149 4.30312e-11 4.30556e-11 1.48601e-10 -1.11814e-10 1.42629e-10 1.82226e-05 3.51096e-05 
628.65 1.45856e-12 1.45886e-12 5.03469e-12 -3.78928e-12 4.83372e-12 3.35491e-06 6.46108e-06 
727.361 2.79509e-14 2.79488e-14 9.64622e-14 -7.26053e-14 9.26141e-14 4.64426e-07 8.94331e-07 
846.671 2.34414e-16 2.34664e-16 8.08381e-16 -6.09261e-16 7.77115e-16 4.25314e-08 8.18192e-08 
1002.96 4.42422e-19 4.34243e-19 1.59594e-18 -1.13861e-18 1.47277e-18 1.84772e-09 3.67156e-09 
