0 0.00883288 0.0009812 -1.6736e-18 -0.00594803 -0.00205541 -0.326065 0.488843 
0.4716 0.00838229 0.000871785 3.15423e-06 -0.00546172 -0.00254009 -0.31764 0.490674 
1.47542 0.00748045 0.000663876 2.96681e-05 -0.00450247 -0.00348102 -0.300066 0.494215 
2.77778 0.00642014 0.000441929 9.98696e-05 -0.00340324 -0.00452802 -0.277988 0.498101 
4.08014 0.00547495 0.000269907 0.000204636 -0.00245607 -0.00539313 -0.25671 0.501211 
5.08396 0.00481926 0.000168738 0.000305338 -0.00182197 -0.0059451 -0.240848 0.503094 
5.55556 0.00453185 0.000130064 0.000357875 -0.00155117 -0.00617196 -0.233556 0.503828 
5.55556 0.00479467 0.00016085 0.000317762 -0.00183065 -0.00583586 -0.233556 0.503828 
6.02716 0.00449903 0.000123455 0.00037384 -0.00155357 -0.00607245 -0.226241 0.504524 
7.03098 0.00391382 6.13604e-05 0.000503594 -0.00102155 -0.00650782 -0.211014 0.505703 
8.33333 0.00323844 1.38062e-05 0.000689676 -0.00044078 -0.00694358 -0.191946 0.506634 
9.63569 0.00265011 6.36454e-08 0.000891361 2.70727e-05 -0.00724633 -0.173637 0.506912 
10.6395 0.00225111 1.03061e-05 0.00105476 0.000317513 -0.00739711 -0.160033 0.506695 
11.1111 0.00207896 2.08871e-05 0.00113335 0.000434388 -0.00744492 -0.153792 0.506468 
11.1111 0.00219609 9.23858e-06 0.00100981 0.000306059 -0.00738853 -0.153792 0.506468 
11.5827 0.00201828 1.93664e-05 0.00108827 0.000424808 -0.00744632 -0.147435 0.506256 
12.5865 0.00167254 5.23412e-05 0.00125778 0.000635753 -0.00752153 -0.134214 0.50555 
13.8889 0.00128585 0.000116324 0.00148046 0.000831014 -0.00752982 -0.11768 0.504132 
15.1912 0.000962766 0.000201553 0.0017032 0.000946528 -0.00744775 -0.101829 0.502166 
16.1951 0.000753149 0.000280021 0.00187312 0.000986765 -0.00732949 -0.0900637 0.500291 
16.6667 0.000665644 0.00032035 0.00195205 0.000992228 -0.00725885 -0.0846701 0.499305 
16.6667 0.00070211 0.000263115 0.00174494 0.000951103 -0.00740466 -0.0846701 0.499305 
17.1383 0.000612719 0.000302711 0.0018202 0.000953008 -0.0073426 -0.0790967 0.498374 
18.1421 0.000446232 0.000394007 0.00197689 0.000927864 -0.00717926 -0.0675006 0.496175 
19.4444 0.00027494 0.000525287 0.00217163 0.000840949 -0.0069098 -0.0529842 0.4929 
20.7468 0.000149307 0.000669151 0.00235491 0.000699445 -0.00658327 -0.0390451 0.489165 
21.7506 8.05711e-05 0.000787422 0.00248733 0.000557373 -0.00629762 -0.0286825 0.485983 
22.2222 5.60633e-05 0.000844948 0.00254669 0.000481622 -0.00615428 -0.0239258 0.484399 
22.2222 5.90519e-05 0.000549837 0.0190622 0.00103158 -0.00197107 -0.0239258 0.484399 
22.6938 9.07239e-05 0.000501834 0.0198611 0.00122155 -0.00169737 -0.0296559 0.483161 
23.6976 0.000189839 0.000394386 0.0216568 0.00156648 -0.00107308 -0.0428986 0.480727 
25 0.00039961 0.000253237 0.024185 0.00182118 -0.000155932 -0.0622398 0.47805 
26.3024 0.00072907 0.000125994 0.0269436 0.00173512 0.000920744 -0.0840688 0.476017 
27.3062 0.00108628 5.03775e-05 0.0292306 0.00133925 0.00188982 -0.102618 0.47496 
27.7778 0.00129065 2.50367e-05 0.0303541 0.00102911 0.00239478 -0.111855 0.474632 
27.7778 0.00135764 0.000441548 0.00326993 0.00181262 -0.00471849 -0.111855 0.474632 
28.2494 0.00125722 0.000477688 0.00341785 0.00181428 -0.00461933 -0.107638 0.473504 
29.2532 0.00106398 0.000555674 0.00373278 0.00180013 -0.00438585 -0.0990211 0.470957 
30.5556 0.000850882 0.000657689 0.00414003 0.00175134 -0.00404389 -0.0885514 0.467376 
31.8579 0.000674896 0.000758899 0.00454401 0.00167547 -0.0036663 -0.078864 0.463506 
32.8617 0.000561257 0.000835296 0.00485222 0.00160298 -0.00335612 -0.0719186 0.460341 
33.3333 0.000513779 0.000870481 0.00499591 0.00156565 -0.00320573 -0.0688096 0.458803 
33.3333 0.000539769 0.000753385 0.00450512 0.00153383 -0.00361304 -0.0688096 0.458803 
33.8049 0.000488132 0.000788627 0.00464103 0.00149234 -0.00347556 -0.0654355 0.457377 
34.8088 0.000390932 0.000862356 0.00492619 0.00139656 -0.00317363 -0.0585592 0.454235 
36.1111 0.000287799 0.000954639 0.00528716 0.00126075 -0.00276727 -0.0502446 0.449958 
37.4135 0.000206854 0.00104211 0.00563732 0.00111675 -0.00234986 -0.0425968 0.445474 
38.4173 0.000157295 0.00110567 0.00589959 0.00100308 -0.00202389 -0.0371452 0.44189 
38.8889 0.000137384 0.00113424 0.0060205 0.000949477 -0.00187015 -0.0347146 0.440171 
38.8889 0.00014416 0.00100719 0.00544331 0.000940963 -0.00236918 -0.0347146 0.440171 
39.3605 0.000122402 0.00103707 0.00555502 0.000879816 -0.00222555 -0.0319877 0.438567 
40.3643 8.36188e-05 0.00109836 0.0057862 0.000748372 -0.00191876 -0.0264388 0.435078 
41.6667 4.66373e-05 0.00117278 0.00607265 0.000577522 -0.00152116 -0.019745 0.43041 
42.969 2.21407e-05 0.00124097 0.00634395 0.000409327 -0.00112738 -0.0136046 0.425598 
43.9728 1.02093e-05 0.00128902 0.0065429 0.000283284 -0.000828405 -0.00923822 0.4218 
44.4445 6.36529e-06 0.00131018 0.00663337 0.000225512 -0.0006897 -0.00729455 0.419992 
44.4445 6.67165e-06 0.00118338 0.00601238 0.000225117 -0.00122658 -0.00729455 0.419992 
44.9161 3.18454e-06 0.00120686 0.00609323 0.000157066 -0.00109488 -0.0050397 0.418298 
45.9199 2.50354e-08 0.00125433 0.00625734 1.41976e-05 -0.000818184 -0.000446848 0.41464 
47.2222 3.2672e-06 0.00131071 0.00645437 -0.000165795 -0.000468009 0.0051047 0.409794 
48.5246 1.3078e-05 0.00136106 0.00663393 -0.000338018 -0.000129604 0.010213 0.404848 
49.5284 2.40812e-05 0.00139569 0.0067608 -0.000464477 0.000122177 0.0138587 0.400977 
50 3.00693e-05 0.0014107 0.00681704 -0.000521806 0.000237551 0.0154862 0.399141 
50 3.14822e-05 0.00129085 0.00619352 -0.000523672 -0.000293895 0.0154862 0.399141 
52.825 9.15482e-05 0.00138903 0.00643622 -0.000926336 0.000347254 0.026408 0.388636 
59.4875 0.000280419 0.00153172 0.0066789 -0.00170248 0.00157451 0.0462184 0.362703 
70.008 0.000545329 0.00154866 0.00635576 -0.00238723 0.00269209 0.0644525 0.320543 
84.4534 0.000693578 0.0013266 0.00518527 -0.00249176 0.003006 0.0726873 0.26466 
102.919 0.000616198 0.000925111 0.00348893 -0.0019613 0.00243214 0.0685126 0.201821 
125.532 0.000400849 0.000516972 0.0019013 -0.00118253 0.0014851 0.0552588 0.140941 
152.458 0.000196922 0.000230495 0.000833212 -0.000553435 0.000699462 0.0387309 0.0896068 
183.904 7.45259e-05 8.19698e-05 0.000292894 -0.000203034 0.000257474 0.0238267 0.0516439 
220.135 2.19897e-05 2.3248e-05 8.24405e-05 -5.87342e-05 7.46224e-05 0.0129426 0.0268807 
261.484 5.08548e-06 5.246e-06 1.85137e-05 -1.34174e-05 1.7065e-05 0.0062241 0.0125825 
308.378 9.2053e-07 9.35745e-07 3.29275e-06 -2.41094e-06 3.06817e-06 0.00264807 0.00526654 
361.366 1.29247e-07 1.30294e-07 4.57727e-07 -3.37103e-07 4.29138e-07 0.000992251 0.00195509 
421.176 1.38188e-08 1.38694e-08 4.86804e-08 -3.59627e-08 4.57888e-08 0.000324448 0.000636115 
488.798 1.09082e-09 1.09246e-09 3.83279e-09 -2.83575e-09 3.61086e-09 9.11564e-05 0.000178288 
565.638 6.05482e-11 6.0581e-11 2.12501e-10 -1.57328e-10 2.00338e-10 2.14764e-05 4.19594e-05 
653.814 2.18735e-12 2.18777e-12 7.67349e-12 -5.68262e-12 7.2363e-12 4.08197e-06 7.97174e-06 
756.818 4.51584e-14 4.51555e-14 1.5839e-13 -1.17304e-13 1.49371e-13 5.86516e-07 1.1453e-06 
881.317 4.14432e-16 4.14809e-16 1.45272e-15 -1.07706e-15 1.37145e-15 5.61872e-08 1.09626e-07 
1044.4 8.82059e-19 8.69e-19 3.20587e-18 -2.2743e-18 2.92812e-18 2.59215e-09 5.1907e-09 
