0 2.66647e-30 1.12728e-30 1.36944e-29 -3.50289e-30 1.25525e-29 -3.09321e-16 -1.96147e-16 
0.2358 2.73747e-30 4.60931e-30 8.29746e-30 -7.1769e-30 1.31621e-29 -3.13412e-16 -2.22125e-17 
0.73771 4.10924e-30 5.34415e-32 4.97929e-32 9.46812e-31 3.95772e-30 3.83991e-16 2.35462e-16 
1.38889 8.34603e-32 1.82267e-35 6.08782e-30 -2.49194e-33 3.87125e-30 -5.47244e-17 1.87496e-16 
2.04007 5.65816e-31 1.38395e-31 1.67392e-32 5.6538e-31 5.47416e-31 -1.42488e-16 2.25035e-16 
2.54198 1.12934e-30 7.1062e-30 4.54329e-30 -5.72366e-30 1.1911e-29 2.01304e-16 -9.39422e-17 
2.77778 8.69117e-30 3.51523e-30 3.60398e-29 -1.11676e-29 3.52721e-29 5.58445e-16 -3.29913e-16 
2.77778 8.69117e-30 3.0695e-31 1.02142e-30 -3.30002e-30 9.20436e-30 5.58445e-16 -3.29913e-16 
3.01358 3.86557e-30 6.52621e-30 4.7119e-32 -1.0148e-29 1.01673e-29 3.72433e-16 -5.20635e-16 
3.51549 9.94485e-32 6.42966e-32 1.20709e-29 1.61561e-31 5.80842e-30 -5.97366e-17 -7.79764e-16 
4.16667 6.56602e-29 7.31005e-29 2.27819e-28 -1.39976e-28 2.83951e-28 1.53494e-15 -1.57325e-15 
4.81785 8.99336e-28 9.22126e-28 1.74547e-27 -1.83992e-27 2.89573e-27 5.6807e-15 -6.34495e-15 
5.31976 4.39713e-27 4.58828e-27 1.09931e-26 -9.07514e-27 1.56655e-26 1.2561e-14 -1.55926e-14 
5.55556 1.07206e-26 1.08336e-26 2.85868e-26 -2.17741e-26 3.90819e-26 1.96133e-14 -2.35411e-14 
5.55556 1.13423e-26 6.93536e-27 2.33559e-26 -1.84885e-26 3.22926e-26 1.96133e-14 -2.35411e-14 
5.79136 2.30566e-26 2.37557e-26 5.17186e-26 -4.87863e-26 7.89333e-26 2.79639e-14 -3.46784e-14 
6.29327 1.17987e-25 1.16964e-25 2.93259e-25 -2.44884e-25 4.16346e-25 6.32581e-14 -8.01059e-14 
6.94444 1.11687e-24 1.1617e-24 2.73962e-24 -2.37446e-24 3.98468e-24 1.94626e-13 -2.42927e-13 
7.59562 1.0241e-23 1.06011e-23 2.51588e-23 -2.17202e-23 3.64763e-23 5.89347e-13 -7.41116e-13 
8.09753 5.63581e-23 5.89481e-23 1.38968e-22 -1.20152e-22 2.01655e-22 1.38254e-12 -1.7464e-12 
8.33333 1.24885e-22 1.30312e-22 3.07103e-22 -2.65928e-22 4.45771e-22 2.05804e-12 -2.61005e-12 
8.33333 1.24885e-22 1.04336e-22 3.19399e-22 -2.37952e-22 4.24636e-22 2.05804e-12 -2.61005e-12 
8.56913 2.79827e-22 3.10954e-22 6.84293e-22 -6.14908e-22 1.01772e-21 3.08066e-12 -3.90229e-12 
9.07104 1.48134e-21 1.54077e-21 3.70729e-21 -3.14929e-21 5.3148e-21 7.08804e-12 -9.1311e-12 
9.72222 1.30994e-20 1.41665e-20 3.28892e-20 -2.83971e-20 4.76301e-20 2.10778e-11 -2.73807e-11 
10.3734 1.11273e-19 1.21461e-19 2.83172e-19 -2.42342e-19 4.07393e-19 6.14319e-11 -8.1425e-11 
10.8753 5.68557e-19 6.34478e-19 1.46571e-18 -1.25202e-18 2.10526e-18 1.38863e-10 -1.87177e-10 
11.1111 1.21185e-18 1.35982e-18 3.13736e-18 -2.67597e-18 4.49889e-18 2.02733e-10 -2.7604e-10 
11.1111 1.28013e-18 1.44782e-18 2.95393e-18 -2.92524e-18 4.58415e-18 2.02733e-10 -2.7604e-10 
11.3469 2.42376e-18 2.57425e-18 6.18634e-18 -5.3672e-18 8.82837e-18 2.7896e-10 -3.97897e-10 
11.8488 1.13851e-17 1.37187e-17 3.14768e-17 -2.68536e-17 4.47943e-17 6.04595e-10 -8.75414e-10 
12.5 7.98577e-17 1.02381e-16 2.2619e-16 -1.94288e-16 3.22424e-16 1.60124e-09 -2.45207e-09 
13.1512 4.8435e-16 7.00103e-16 1.4857e-15 -1.25123e-15 2.09127e-15 3.94345e-09 -6.65896e-09 
13.6531 1.59025e-15 2.69954e-15 5.44881e-15 -4.45201e-15 7.52601e-15 7.14546e-09 -1.38695e-08 
13.8889 2.50066e-15 4.82924e-15 9.46461e-15 -7.46698e-15 1.28383e-14 8.96034e-09 -1.92507e-08 
13.8889 2.50066e-15 1.94591e-14 1.05322e-14 -1.49888e-14 3.00068e-14 8.96034e-09 -1.92507e-08 
14.1247 2.77849e-15 3.19948e-15 1.2609e-14 -6.40653e-15 1.22333e-14 9.44499e-09 -2.61809e-08 
14.6266 2.99766e-15 2.59319e-14 2.96741e-14 -1.89446e-14 4.37628e-14 9.81042e-09 -4.72544e-08 
15.2778 9.80465e-14 3.49275e-16 2.78638e-14 -1.25741e-14 9.86356e-14 -5.61065e-08 -7.4512e-08 
15.929 6.73841e-12 2.00198e-12 7.9035e-12 -7.89198e-12 1.422e-11 -4.65131e-07 4.78412e-08 
16.4309 9.74501e-11 4.5477e-11 1.45438e-10 -1.43042e-10 2.42841e-10 -1.76884e-06 7.14151e-07 
16.6667 3.13508e-10 1.57426e-10 4.83062e-10 -4.77354e-10 8.00967e-10 -3.17265e-06 1.55144e-06 
16.6667 3.30683e-10 1.05471e-07 4.52105e-08 -1.30685e-08 1.4931e-07 -3.17265e-06 1.55144e-06 
17.1383 6.30548e-09 3.67769e-08 8.39534e-12 -3.36976e-08 4.80031e-08 1.3854e-05 -5.77024e-06 
18.1421 8.40882e-10 1.3062e-08 6.51708e-09 -7.33372e-09 1.95257e-08 -5.05921e-06 -1.05544e-05 
19.4444 4.10149e-07 5.77936e-07 7.66811e-07 -1.07737e-06 1.52472e-06 0.000111734 -0.000122132 
20.7468 1.9463e-05 2.1512e-05 5.33703e-05 -4.52792e-05 7.51235e-05 0.000769699 -0.00108539 
21.7506 0.000476524 0.000612269 0.00130956 -0.00119527 0.00192953 0.00380853 -0.00559404 
22.2222 0.0018584 0.00242639 0.0053137 -0.00469896 0.00764294 0.00752116 -0.0118112 
22.2222 0.00195747 0.00508415 0.0395767 -0.0180604 0.0201533 0.00752116 -0.0118112 
22.458 0.0268287 0.0324626 0.0288512 -0.168951 0.0723215 0.0278444 -0.0228153 
22.9599 0.0728618 0.0762176 0.0510662 -0.426627 0.163709 0.0458868 -0.0660564 
23.6111 0.0631319 0.06389 0.145192 -0.36359 0.126513 0.0427132 -0.129917 
24.2623 0.0231428 0.0233076 0.261631 -0.132962 0.0246729 0.025861 -0.178276 
24.7642 0.00235194 0.00234443 0.315822 -0.0134432 -0.0270837 0.00824425 -0.196577 
25 7.51275e-06 5.21103e-06 0.323142 -3.58205e-05 -0.0324709 -0.000465948 -0.198514 
25 7.51275e-06 1.03121e-05 0.323161 -5.03898e-05 -0.0324591 -0.000465948 -0.198514 
25.2358 0.00290607 0.00289781 0.314352 -0.0166134 -0.0257242 -0.00916413 -0.196115 
25.7377 0.0246376 0.024811 0.257629 -0.141544 0.0283615 -0.0266831 -0.176882 
26.3889 0.0647287 0.0655106 0.140267 -0.372799 0.130526 -0.04325 -0.127565 
27.0401 0.0729917 0.0764131 0.0478297 -0.427554 0.164275 -0.0459277 -0.063263 
27.542 0.0256279 0.0312469 0.0270638 -0.162005 0.0694951 -0.0272141 -0.0202651 
27.7778 0.0014154 0.00424846 0.0383533 -0.0140386 0.0184042 -0.00639554 -0.00965804 
27.7778 0.00148887 0.00189679 0.00412523 -0.00393427 0.00613005 -0.00639554 -0.00965804 
28.2494 0.000361536 0.000460512 0.000976243 -0.000955261 0.00148068 -0.00315155 -0.00447759 
29.2532 1.32115e-05 1.44111e-05 3.60644e-05 -3.23036e-05 5.17108e-05 -0.000602455 -0.000837232 
30.5556 2.78789e-07 4.12889e-07 4.91053e-07 -7.94291e-07 1.06132e-06 -8.75157e-05 -8.88788e-05 
31.8579 1.93143e-09 1.6946e-08 2.78232e-09 -1.33937e-08 2.30364e-08 7.28429e-06 -7.75845e-06 
32.8617 6.04427e-09 3.64744e-08 1.82253e-14 -3.4761e-08 4.7982e-08 -1.28861e-05 -4.64539e-06 
33.3333 3.50174e-10 1.11133e-07 3.72572e-08 -1.46046e-08 1.52084e-07 3.10163e-06 1.57546e-06 
33.3333 3.67888e-10 1.72194e-10 5.03619e-10 -6.05384e-10 9.12737e-10 3.10163e-06 1.57546e-06 
33.8049 3.59835e-11 1.73984e-11 5.47032e-11 -6.01826e-11 9.41015e-11 9.70028e-07 2.78706e-07 
34.8088 4.36405e-15 1.03681e-13 6.40037e-15 5.11633e-14 1.21673e-13 1.06826e-08 -4.27037e-08 
36.1111 6.72785e-15 2.41832e-14 4.98126e-17 -3.06803e-14 3.25698e-14 1.32639e-08 -2.61241e-08 
37.4135 1.30154e-14 4.42685e-14 6.27336e-15 -5.77352e-14 6.87689e-14 -1.84485e-08 3.50478e-09 
38.4173 7.6298e-15 4.87667e-14 1.96421e-15 -4.63962e-14 6.54224e-14 1.4125e-08 -2.75776e-10 
38.8889 1.06507e-15 1.86707e-13 5.31397e-15 -3.39182e-14 2.19196e-13 -5.27742e-09 -2.95708e-09 
38.8889 1.1176e-15 5.61148e-16 1.60326e-15 -1.95558e-15 2.87922e-15 -5.27742e-09 -2.95708e-09 
39.3605 1.15173e-16 6.17512e-17 1.85675e-16 -2.08253e-16 3.16584e-16 -1.69415e-09 -6.40314e-10 
40.3643 6.98499e-20 1.34153e-19 1.78948e-20 2.39044e-19 2.37899e-19 -4.17215e-11 3.15958e-11 
41.6667 2.60348e-20 8.42248e-20 2.29236e-21 -1.15635e-19 1.2158e-19 -2.54715e-11 3.78092e-11 
42.969 3.63025e-20 1.2601e-19 1.66215e-20 -1.67019e-19 1.95174e-19 3.00778e-11 -6.18204e-12 
43.9728 2.20613e-20 1.41395e-19 5.55463e-21 -1.3792e-19 1.90486e-19 -2.34473e-11 2.92532e-13 
44.4445 3.06618e-21 5.39768e-19 1.64184e-20 -1.00461e-19 6.37253e-19 8.7413e-12 4.85228e-12 
44.4445 3.21376e-21 1.60668e-21 4.60292e-21 -5.75707e-21 8.32185e-21 8.7413e-12 4.85228e-12 
44.9161 3.27246e-22 1.74659e-22 5.27983e-22 -6.05708e-22 9.04533e-22 2.78938e-12 1.03087e-12 
45.9199 1.6861e-25 4.37632e-25 3.09649e-26 6.88219e-25 6.98657e-25 6.33157e-14 -5.61492e-14 
47.2222 7.55409e-26 2.46706e-25 7.12679e-27 -3.45869e-25 3.58422e-25 4.238e-14 -6.27361e-14 
48.5246 1.04906e-25 3.6761e-25 4.88515e-26 -4.97535e-25 5.71443e-25 -4.99424e-14 1.06473e-14 
49.5284 6.50918e-26 4.14586e-25 1.69762e-26 -4.16199e-25 5.62099e-25 3.93399e-14 -6.11255e-16 
50 9.6313e-27 1.58594e-24 4.89422e-26 -3.13124e-25 1.88159e-24 -1.51326e-14 -8.10909e-15 
50 1.00839e-26 6.97698e-27 2.03748e-26 -2.17889e-26 3.25291e-26 -1.51326e-14 -8.10909e-15 
50.0938 6.19697e-27 3.65236e-27 1.00145e-26 -1.23585e-26 1.75821e-26 -1.18628e-14 -5.98672e-15 
50.3149 1.98129e-27 9.56721e-28 3.61819e-27 -3.57647e-27 5.66571e-27 -6.70768e-15 -2.92141e-15 
50.6641 2.28363e-28 1.30748e-28 3.95001e-28 -4.48868e-28 6.63652e-28 -2.27725e-15 -7.25142e-16 
51.1435 3.56029e-29 2.20707e-30 6.04896e-30 -2.30271e-29 4.52384e-29 -8.99168e-16 8.96273e-17 
51.7564 1.22302e-30 2.31534e-32 1.59388e-30 -4.37132e-31 2.31932e-30 -1.66654e-16 1.74487e-16 
52.5069 3.77528e-32 4.06098e-31 1.19063e-30 3.21646e-31 1.25725e-30 -2.92801e-17 1.27631e-16 
53.4006 5.20546e-32 6.28707e-33 1.38453e-31 4.6994e-32 1.55107e-31 -3.43818e-17 -2.24337e-17 
54.4443 8.913e-32 1.77465e-32 1.6107e-31 -1.03313e-31 2.17282e-31 -4.49894e-17 4.89717e-17 
55.6468 4.25173e-33 4.29095e-32 7.63855e-32 -3.50871e-32 1.05578e-31 9.8261e-18 -9.68764e-18 
57.0192 9.25364e-35 1.92072e-32 2.73892e-32 -3.46319e-33 4.08681e-32 -1.44962e-18 -3.51616e-19 
58.5756 4.48145e-34 6.46762e-33 1.02836e-32 -4.42252e-33 1.48151e-32 3.19013e-18 5.67436e-18 
60.3343 3.94555e-35 3.85743e-33 1.60936e-32 -1.01342e-33 1.53363e-32 -9.46569e-19 1.98845e-18 
62.3194 7.67371e-33 2.61943e-33 1.85761e-33 1.16465e-32 1.23604e-32 -1.32008e-17 8.70857e-18 
64.5638 4.50932e-33 1.81824e-34 4.71406e-35 2.35217e-33 4.63348e-33 1.01194e-17 -1.20186e-17 
67.1141 6.54514e-33 1.5024e-34 2.76879e-33 2.57597e-33 9.08099e-33 -1.21915e-17 -4.03904e-18 
70.0407 1.86904e-33 9.33272e-35 1.76489e-33 1.08493e-33 2.83347e-33 6.51491e-18 -1.1858e-17 
73.4594 2.33899e-34 1.56765e-35 2.19331e-35 -1.57299e-34 2.71781e-34 -2.30469e-18 2.07636e-18 
77.5915 1.75662e-33 6.06721e-38 1.14414e-34 -2.68177e-35 1.98301e-33 6.31592e-18 5.153e-20 
83.0042 1.17777e-34 3.73074e-37 1.0612e-36 1.72193e-35 1.22878e-34 -1.63542e-18 1.32008e-18 
