0 0.00832835 0.000925155 -1.9085e-19 -0.00560829 -0.00177825 -0.313752 0.462868 
0.4716 0.0079291 0.000827637 2.66887e-06 -0.00517578 -0.00220736 -0.306139 0.464552 
1.47542 0.00712729 0.000641112 2.5171e-05 -0.0043189 -0.00304457 -0.290248 0.467826 
2.77778 0.00617934 0.000439495 8.50324e-05 -0.0033296 -0.00398442 -0.270258 0.47146 
4.08014 0.0053286 0.000280228 0.000174861 -0.00246891 -0.00477039 -0.250965 0.474421 
5.08396 0.00473461 0.000184235 0.000261641 -0.001887 -0.00527864 -0.236564 0.476256 
5.55556 0.0044731 0.000146706 0.000307064 -0.00163671 -0.00548974 -0.229938 0.476986 
5.55556 0.00473252 0.000177873 0.000272647 -0.00191257 -0.00515383 -0.229938 0.476986 
6.02716 0.0044629 0.000141336 0.00032132 -0.00165559 -0.00537453 -0.223292 0.477684 
7.03098 0.00392666 7.85923e-05 0.000434396 -0.00115803 -0.0057858 -0.209448 0.478905 
8.33333 0.0033028 2.56281e-05 0.000597594 -0.000606479 -0.00620824 -0.192091 0.479967 
9.63569 0.00275385 1.93909e-06 0.000775787 -0.00015233 -0.00651556 -0.175402 0.480458 
10.6395 0.00237783 1.81397e-06 0.000921137 0.000136906 -0.00668058 -0.162988 0.48046 
11.1111 0.00221443 6.79782e-06 0.000991363 0.00025576 -0.00673798 -0.157288 0.480351 
11.1111 0.0023392 1.31271e-06 0.000883294 0.000119068 -0.00665574 -0.157288 0.480351 
11.5827 0.0021698 5.79283e-06 0.000953812 0.000240898 -0.00672287 -0.151486 0.480255 
12.5865 0.00183773 2.5343e-05 0.00110701 0.000463711 -0.00682373 -0.139413 0.479828 
13.8889 0.00146094 6.93786e-05 0.00131007 0.00068408 -0.00687572 -0.124302 0.478833 
15.1912 0.00113995 0.00013223 0.00151539 0.000834229 -0.00684735 -0.109801 0.477358 
16.1951 0.000927274 0.000192057 0.00167363 0.000906769 -0.00677623 -0.09903 0.475905 
16.6667 0.000837069 0.000223266 0.00174765 0.000928902 -0.00672924 -0.09409 0.47513 
16.6667 0.000882926 0.000177974 0.00156222 0.000877187 -0.00683699 -0.09409 0.47513 
17.1383 0.0007898 0.000208392 0.00163354 0.000897742 -0.00679862 -0.0889897 0.474402 
18.1421 0.000612639 0.000279413 0.00178337 0.000915541 -0.00668869 -0.0783761 0.472664 
19.4444 0.000422495 0.000383066 0.00197243 0.000890225 -0.00649376 -0.0650867 0.470037 
20.7468 0.000273053 0.000498054 0.00215384 0.000816045 -0.00624659 -0.0523245 0.467005 
21.7506 0.000183013 0.000593365 0.00228749 0.000729212 -0.00602473 -0.0428373 0.464401 
22.2222 0.000147698 0.000639922 0.00234823 0.000680303 -0.00591202 -0.0384829 0.4631 
22.2222 0.000155571 0.000300587 0.0175768 0.001238 -0.00212574 -0.0384829 0.4631 
22.6938 0.000200018 0.000269065 0.0182521 0.00132811 -0.0018778 -0.0436353 0.462238 
23.6976 0.000323133 0.000200369 0.0197666 0.00145672 -0.00131121 -0.0554618 0.460575 
25 0.000553413 0.00011456 0.0218917 0.00144149 -0.000480498 -0.0725819 0.458815 
26.3024 0.000884323 4.4033e-05 0.0242031 0.0011297 0.000486523 -0.0917507 0.457585 
27.3062 0.0012241 9.4538e-06 0.0261149 0.000615859 0.00134707 -0.107947 0.457054 
27.7778 0.00141326 1.61977e-06 0.0270528 0.00027391 0.0017917 -0.115988 0.456943 
27.7778 0.00148662 0.00033234 0.00291429 0.00164557 -0.00457726 -0.115988 0.456943 
28.2494 0.00138642 0.000362583 0.00304828 0.00165988 -0.00450106 -0.112011 0.456015 
29.2532 0.00119202 0.000428459 0.00333428 0.0016731 -0.00431723 -0.103862 0.453908 
30.5556 0.000974704 0.000515811 0.00370566 0.00166 -0.00404035 -0.0939184 0.450923 
31.8579 0.000792171 0.000603744 0.00407573 0.00161906 -0.00372752 -0.0846689 0.447671 
32.8617 0.000672342 0.000670964 0.00435918 0.00157243 -0.00346642 -0.0780026 0.444996 
33.3333 0.000621702 0.000702178 0.00449164 0.00154682 -0.00333869 -0.0750076 0.443691 
33.3333 0.000653151 0.000602067 0.00405039 0.00150832 -0.00368924 -0.0750076 0.443691 
33.8049 0.000598059 0.000633111 0.00417643 0.00148005 -0.00357361 -0.0717745 0.442484 
34.8088 0.000492996 0.00069856 0.00444172 0.00141152 -0.00331727 -0.0651659 0.439816 
36.1111 0.000378965 0.000781485 0.0047792 0.00130895 -0.00296773 -0.0571344 0.436168 
37.4135 0.00028676 0.000861231 0.00510837 0.00119532 -0.00260402 -0.0497001 0.432323 
38.4173 0.000228523 0.000919968 0.00535609 0.00110285 -0.00231705 -0.0443673 0.429238 
38.8889 0.000204584 0.000946628 0.00547062 0.0010585 -0.00218085 -0.0419792 0.427754 
38.8889 0.000214675 0.000835493 0.00494614 0.00104582 -0.00262481 -0.0419792 0.427754 
39.3605 0.000188376 0.000863054 0.00505285 0.000995694 -0.00249831 -0.0393239 0.426372 
40.3643 0.000140016 0.000920049 0.00527458 0.000886313 -0.00222634 -0.0339025 0.423358 
41.6667 9.09595e-05 0.000990219 0.00555111 0.000741111 -0.00187039 -0.0273254 0.419311 
42.969 5.5005e-05 0.00105563 0.00581496 0.000595047 -0.00151416 -0.0212493 0.415122 
43.9728 3.47845e-05 0.00110252 0.00600971 0.000483593 -0.00124127 -0.016898 0.411807 
44.4445 2.7232e-05 0.00112344 0.00609865 0.000431924 -0.00111396 -0.0149514 0.410225 
44.4445 2.85427e-05 0.00101032 0.00552772 0.000430236 -0.00160264 -0.0149514 0.410225 
44.9161 2.06685e-05 0.00103303 0.00560826 0.000370204 -0.00148233 -0.012723 0.408744 
45.9199 8.51942e-06 0.0010794 0.00577283 0.000242956 -0.00122806 -0.00816847 0.40554 
47.2222 8.84418e-07 0.0011354 0.00597256 8.02847e-05 -0.000903361 -0.00263187 0.401284 
48.5246 7.97115e-07 0.00118648 0.00615699 -7.7915e-05 -0.000586411 0.0024986 0.396925 
49.5284 4.88489e-06 0.00122241 0.00628894 -0.000195779 -0.000348488 0.00618533 0.393503 
50 7.8461e-06 0.00123824 0.00634793 -0.000249723 -0.00023884 0.00783903 0.391879 
50 8.21479e-06 0.00112937 0.00576732 -0.00025021 -0.000732088 0.00783903 0.391879 
52.9479 4.94995e-05 0.00123471 0.00604659 -0.0006422 -9.46898e-05 0.0192426 0.382145 
59.9001 0.000215221 0.00139989 0.00637972 -0.00142586 0.00116096 0.0401242 0.357845 
70.8781 0.000478806 0.00145675 0.0061876 -0.00216951 0.00237416 0.0598472 0.317775 
85.9517 0.000649732 0.00128054 0.00514431 -0.00236948 0.0028267 0.0697158 0.263943 
105.22 0.000600316 0.000913807 0.00352591 -0.001924 0.00237272 0.0670123 0.202678 
128.817 0.000401983 0.000521811 0.00195768 -0.00118973 0.00148905 0.0548363 0.142669 
156.913 0.000202491 0.00023772 0.000874961 -0.000569932 0.000718523 0.0389195 0.0915294 
189.727 7.85192e-05 8.64698e-05 0.000314224 -0.000214047 0.000270886 0.0242355 0.0532972 
227.533 2.37626e-05 2.51328e-05 9.05731e-05 -6.34827e-05 8.05092e-05 0.0133325 0.0280677 
270.681 5.64885e-06 5.82747e-06 2.08911e-05 -1.49042e-05 1.89239e-05 0.00650046 0.0133141 
319.614 1.05425e-06 1.0716e-06 3.82951e-06 -2.76106e-06 3.50802e-06 0.00280825 0.00565759 
374.906 1.53192e-07 1.54418e-07 5.50852e-07 -3.99535e-07 5.07803e-07 0.00107049 0.00213653 
437.317 1.70259e-08 1.7087e-08 6.08964e-08 -4.43074e-08 5.63242e-08 0.000356877 0.000708753 
507.88 1.40427e-09 1.40633e-09 5.00973e-09 -3.65054e-09 4.64104e-09 0.000102492 0.00020306 
588.062 8.19409e-11 8.19837e-11 2.91989e-10 -2.12913e-10 2.70692e-10 2.47579e-05 4.89993e-05 
680.073 3.13511e-12 3.13569e-12 1.1167e-11 -8.14481e-12 1.03554e-11 4.84274e-06 9.58048e-06 
787.556 6.92178e-14 6.9214e-14 2.46501e-13 -1.79802e-13 2.28594e-13 7.1957e-07 1.4234e-06 
917.469 6.88945e-16 6.89484e-16 2.45229e-15 -1.79037e-15 2.27621e-15 7.17888e-08 1.41907e-07 
1087.64 1.63343e-18 1.61365e-18 5.98921e-18 -4.21739e-18 5.40977e-18 3.49554e-09 7.0582e-09 
