0 0.00788276 0.000875656 7.50959e-19 -0.00530823 -0.00152592 0.302066 -0.438519 
0.4716 0.00752748 0.000788418 2.272e-06 -0.00492206 -0.0019075 0.295181 -0.440068 
1.47542 0.00681174 0.00062053 2.14813e-05 -0.00415388 -0.00265543 0.280797 -0.443098 
2.77778 0.00596117 0.000436957 7.28044e-05 -0.00326084 -0.00350197 0.262681 -0.446497 
4.08014 0.00519307 0.000289431 0.000150207 -0.00247701 -0.00421779 0.245174 -0.449309 
5.08396 0.00465361 0.000198593 0.000225326 -0.00194232 -0.00468631 0.232091 -0.451087 
5.55556 0.00441515 0.000162404 0.000264764 -0.00171086 -0.00488273 0.226066 -0.451808 
5.55556 0.0046712 0.000193753 0.000235088 -0.00198315 -0.00454778 0.226066 -0.451808 
6.02716 0.00442484 0.000158325 0.000277497 -0.00174478 -0.00475359 0.220024 -0.4525 
7.03098 0.00393274 9.58501e-05 0.000376378 -0.00127985 -0.00514133 0.207429 -0.453744 
8.33333 0.00335609 3.93577e-05 0.000519906 -0.000757614 -0.00554841 0.191619 -0.454901 
9.63569 0.00284412 8.26607e-06 0.000677656 -0.000319624 -0.00585561 0.176399 -0.45556 
10.6395 0.00249034 1.12368e-07 0.000807106 -3.48713e-05 -0.00602971 0.165063 -0.455737 
11.1111 0.00233568 6.96134e-07 0.000869896 8.40562e-05 -0.00609389 0.159856 -0.455724 
11.1111 0.00246728 3.17292e-07 0.000775067 -6.01197e-05 -0.0059893 0.159856 -0.455724 
11.5827 0.00230643 3.67797e-07 0.000838448 6.25824e-05 -0.00606289 0.154557 -0.455723 
12.5865 0.00198895 9.27306e-06 0.000976801 0.00029181 -0.00618253 0.143526 -0.455525 
13.8889 0.00162437 3.72954e-05 0.00116161 0.000528868 -0.00626796 0.129706 -0.454881 
15.1912 0.00130888 8.20049e-05 0.00135021 0.00070396 -0.00628187 0.116431 -0.453816 
16.1951 0.00109642 0.000126622 0.00149681 0.000800607 -0.00624848 0.106563 -0.452716 
16.6667 0.00100521 0.000150364 0.00156577 0.000835371 -0.00622055 0.102035 -0.452119 
16.6667 0.00106028 0.000115169 0.00139964 0.000773268 -0.00629388 0.102035 -0.452119 
17.1383 0.000965424 0.000138095 0.00146668 0.000807978 -0.00627449 0.0973636 -0.451562 
18.1421 0.000782224 0.000192517 0.00160855 0.000858721 -0.00620763 0.0876402 -0.450212 
19.4444 0.000579919 0.000273483 0.00178977 0.000881255 -0.00607331 0.0754608 -0.448132 
20.7468 0.000414032 0.000364705 0.00196629 0.000859884 -0.00589113 0.0637609 -0.445696 
21.7506 0.000308763 0.000441095 0.00209827 0.00081664 -0.00572176 0.0550618 -0.443583 
22.2222 0.000265605 0.00047861 0.00215887 0.000788972 -0.00563431 0.0510688 -0.442521 
22.2222 0.000279764 0.00014026 0.0161593 0.00113405 -0.00217539 0.0510688 -0.442521 
22.6938 0.000332507 0.000121359 0.0167294 0.00115002 -0.00195235 0.055675 -0.44197 
23.6976 0.000469884 8.17577e-05 0.0180052 0.0011221 -0.00144244 0.0661844 -0.440938 
25 0.000708636 3.64565e-05 0.0197905 0.000920172 -0.000697041 0.0812777 -0.439928 
26.3024 0.0010314 6.37019e-06 0.0217268 0.000464045 0.000163889 0.0980559 -0.439352 
27.3062 0.00134944 2.89534e-07 0.0233251 -0.000113161 0.000922533 0.11216 -0.439248 
27.7778 0.00152269 4.34266e-06 0.0241084 -0.000465536 0.00131168 0.119142 -0.439311 
27.7778 0.00160173 0.000246298 0.00259711 0.00147045 -0.00440732 0.119142 -0.439311 
28.2494 0.00150267 0.00027136 0.00271819 0.00149496 -0.0043507 0.115399 -0.438554 
29.2532 0.00130913 0.000326496 0.00297727 0.00153058 -0.00420955 0.107711 -0.436825 
30.5556 0.00109022 0.000400647 0.00331491 0.00154726 -0.00398933 0.0982943 -0.434351 
31.8579 0.000903712 0.00047639 0.00365274 0.00153611 -0.00373364 0.0894923 -0.431632 
32.8617 0.000779572 0.000535013 0.0039124 0.00151194 -0.00351634 0.0831187 -0.429382 
33.3333 0.000726613 0.000562448 0.00403401 0.00149664 -0.00340901 0.0802458 -0.428281 
33.3333 0.000763369 0.000477153 0.00363771 0.00145165 -0.00370821 0.0802458 -0.428281 
33.8049 0.000705776 0.000504252 0.00375403 0.0014349 -0.0036122 0.0771593 -0.427264 
34.8088 0.000594792 0.00056181 0.00399956 0.00139041 -0.00339709 0.0708333 -0.42501 
36.1111 0.000472162 0.000635585 0.00431327 0.00131764 -0.00309959 0.0631104 -0.42191 
37.4135 0.000370718 0.000707484 0.00462076 0.00123181 -0.00278579 0.0559212 -0.418627 
38.4173 0.000305152 0.000761098 0.00485314 0.00115916 -0.00253556 0.0507357 -0.415981 
38.8889 0.000277754 0.000785637 0.00496085 0.00112358 -0.00241605 0.0484044 -0.414705 
38.8889 0.000291455 0.000688719 0.00448525 0.00110637 -0.00280883 0.0484044 -0.414705 
39.3605 0.000261308 0.000713835 0.00458633 0.00106652 -0.00269858 0.0458328 -0.413519 
40.3643 0.000204709 0.00076616 0.00479712 0.000977962 -0.00245994 0.0405665 -0.410926 
41.6667 0.000145036 0.000831364 0.00506152 0.000857487 -0.00214453 0.0341458 -0.40743 
42.969 9.87635e-05 0.000893054 0.00531541 0.000733383 -0.00182559 0.0281772 -0.403798 
43.9728 7.09178e-05 0.000937916 0.00550387 0.000636874 -0.00157916 0.0238769 -0.400914 
44.4445 5.99055e-05 0.000958127 0.00559024 0.000591614 -0.00146357 0.0219449 -0.399535 
44.4445 6.27888e-05 0.000857557 0.00506691 0.000587899 -0.00190613 0.0219449 -0.399535 
44.9161 5.08991e-05 0.000879144 0.00514599 0.000535939 -0.00179744 0.0197582 -0.398246 
45.9199 3.04237e-05 0.000923575 0.00530848 0.00042469 -0.00156645 0.0152756 -0.39545 
47.2222 1.25203e-05 0.00097796 0.00550745 0.000280348 -0.00126893 0.00979938 -0.391725 
48.5246 2.87279e-06 0.00102844 0.00569314 0.000137712 -0.000975753 0.004694 -0.387898 
49.5284 1.31355e-07 0.00106455 0.00582734 2.99597e-05 -0.000753853 0.00100373 -0.384885 
50 5.64932e-08 0.00108066 0.00588775 -1.97958e-05 -0.00065105 -0.000658249 -0.383453 
50 5.91478e-08 0.000982163 0.00534922 -1.97993e-05 -0.00110641 -0.000658249 -0.383453 
53.0761 2.12024e-05 0.00109209 0.00565876 -0.000395285 -0.000481191 -0.0124627 -0.374467 
60.3306 0.000160152 0.00127453 0.00607041 -0.00117363 0.000784562 -0.034252 -0.351765 
71.7861 0.000417029 0.00136546 0.00599814 -0.00196025 0.00207095 -0.0552718 -0.313783 
87.5152 0.000605695 0.00123105 0.00507773 -0.00224312 0.00264439 -0.0666112 -0.262069 
107.622 0.000581783 0.000898016 0.00354116 -0.00187763 0.00230272 -0.0652831 -0.202529 
132.245 0.000400489 0.00052326 0.0020004 -0.00118916 0.00148346 -0.0541646 -0.143602 
161.563 0.000206506 0.000243157 0.000910295 -0.000582101 0.000732153 -0.0388944 -0.0928878 
195.803 8.18837e-05 9.02892e-05 0.000333336 -0.00022336 0.00028214 -0.0244917 -0.0545941 
235.254 2.53587e-05 2.68329e-05 9.81734e-05 -6.7762e-05 8.5794e-05 -0.0136296 -0.0290564 
280.278 6.18046e-06 6.37639e-06 2.31977e-05 -1.63074e-05 2.06737e-05 -0.0067287 -0.0139496 
331.339 1.18576e-06 1.20521e-06 4.3698e-06 -3.1054e-06 3.93969e-06 -0.00294726 -0.00600894 
389.036 1.7772e-07 1.7913e-07 6.48245e-07 -4.6349e-07 5.88238e-07 -0.00114101 -0.00230451 
454.161 2.04542e-08 2.05264e-08 7.42078e-08 -5.32274e-08 6.75669e-08 -0.00038709 -0.000777953 
527.793 1.75512e-09 1.75762e-09 6.35116e-09 -4.56251e-09 5.7922e-09 -0.00011339 -0.000227343 
611.461 1.07131e-10 1.07185e-10 3.8723e-10 -2.78363e-10 3.534e-10 -2.80142e-05 -5.61094e-05 
707.473 4.31657e-12 4.31732e-12 1.55961e-11 -1.12141e-11 1.42375e-11 -5.62329e-06 -1.12584e-05 
819.63 1.01244e-13 1.01239e-13 3.65734e-13 -2.62995e-13 3.33889e-13 -8.61203e-07 -1.72403e-06 
955.193 1.08419e-15 1.08493e-15 3.91493e-15 -2.81735e-15 3.57686e-15 -8.91195e-08 -1.78301e-07 
1132.77 2.83247e-18 2.8039e-18 1.04836e-17 -7.32069e-18 9.36222e-18 -4.55516e-09 -9.27603e-09 
