0 0.00748581 0.000831561 -4.50129e-19 -0.00504093 -0.00129887 -0.291168 0.416058 
0.4716 0.00716843 0.000753253 1.94454e-06 -0.0046949 -0.00163955 -0.284928 0.417487 
1.47542 0.00652714 0.000601683 1.84272e-05 -0.00400395 -0.00231021 -0.271885 0.420294 
2.77778 0.0057614 0.000434185 6.26394e-05 -0.00319555 -0.00307509 -0.25544 0.423472 
4.08014 0.00506593 0.000297474 0.000129623 -0.00248026 -0.00372848 -0.239526 0.42614 
5.08396 0.00457482 0.000211704 0.000194901 -0.00198836 -0.00416084 -0.22762 0.427857 
5.55556 0.00435694 0.000176986 0.000229265 -0.0017742 -0.00434363 -0.222134 0.428564 
5.55556 0.00460962 0.000208351 0.000203567 -0.0020429 -0.0040103 -0.222134 0.428564 
6.02716 0.0043841 0.000174207 0.00024064 -0.00182175 -0.00420219 -0.216632 0.429246 
7.03098 0.00393186 0.000112694 0.000327363 -0.00138761 -0.00456719 -0.205154 0.430496 
8.33333 0.00339846 5.41551e-05 0.000453889 -0.000894287 -0.00495762 -0.190732 0.431719 
9.63569 0.0029211 1.77042e-05 0.000593771 -0.000474054 -0.00526116 -0.17683 0.432506 
10.6395 0.00258869 3.42131e-06 0.00070917 -0.000196179 -0.00544033 -0.166465 0.432824 
11.1111 0.0024426 5.82257e-07 0.000765339 -7.8614e-05 -0.00550905 -0.161699 0.432888 
11.1111 0.00258022 4.41707e-06 0.000681908 -0.000229389 -0.00538522 -0.161699 0.432888 
11.5827 0.00242789 1.03072e-06 0.000738869 -0.000107488 -0.00546301 -0.156853 0.432963 
12.5865 0.00212543 1.56579e-06 0.000863731 0.000123956 -0.00559594 -0.146759 0.43295 
13.8889 0.0017746 1.68099e-05 0.00103165 0.000371117 -0.00570656 -0.1341 0.432594 
15.1912 0.00146706 4.6876e-05 0.00120436 0.000563479 -0.00575348 -0.121928 0.431868 
16.1951 0.00125723 7.91234e-05 0.00133959 0.000677699 -0.00575008 -0.112872 0.431063 
16.6667 0.0011663 9.67711e-05 0.00140352 0.000721865 -0.00573747 -0.108714 0.430613 
16.6667 0.00123019 7.00961e-05 0.00125461 0.000649809 -0.00577982 -0.108714 0.430613 
17.1383 0.00113512 8.69211e-05 0.00131721 0.00069508 -0.00577554 -0.104428 0.430199 
18.1421 0.000949404 0.000127787 0.00145049 0.000770763 -0.00574329 -0.0955045 0.429173 
19.4444 0.000740069 0.000190154 0.00162245 0.00083012 -0.00565815 -0.0843208 0.427552 
20.7468 0.000563412 0.000261828 0.00179198 0.000849911 -0.00552914 -0.0735718 0.425616 
21.7506 0.000447613 0.000322626 0.00192021 0.000840916 -0.00540299 -0.0655767 0.423917 
22.2222 0.000398906 0.000352683 0.00197955 0.000830003 -0.00533639 -0.0619062 0.423058 
22.2222 0.000420171 4.77389e-05 0.0148172 0.000810811 -0.0021489 -0.0619062 0.423058 
22.6938 0.000477641 3.82404e-05 0.0152978 0.000773718 -0.00194971 -0.0660042 0.42276 
23.6976 0.000621732 1.9917e-05 0.0163717 0.000637065 -0.00149452 -0.0753047 0.422242 
25 0.000860029 3.47515e-06 0.0178708 0.000312978 -0.00083143 -0.0885681 0.421839 
26.3024 0.00116804 1.33808e-06 0.019493 -0.000226329 -7.10483e-05 -0.103217 0.42179 
27.3062 0.00146189 1.42779e-05 0.0208298 -0.000827101 0.000593297 -0.115472 0.422027 
27.7778 0.00161914 2.60056e-05 0.0214842 -0.00117475 0.000931965 -0.121524 0.422229 
27.7778 0.00170319 0.000179163 0.00231441 0.00129324 -0.00421879 -0.121524 0.422229 
28.2494 0.00160598 0.000199709 0.00242363 0.00132585 -0.00417875 -0.118005 0.421618 
29.2532 0.00141488 0.000245408 0.00265783 0.00137953 -0.00407403 -0.110762 0.420209 
30.5556 0.00119654 0.000307801 0.00296406 0.00142077 -0.00390277 -0.101858 0.418171 
31.8579 0.0010082 0.000372502 0.00327159 0.00143471 -0.0036971 -0.0934987 0.415911 
32.8617 0.000881368 0.000423204 0.00350871 0.00142981 -0.00351855 -0.0874198 0.414026 
33.3333 0.000826826 0.000447114 0.00361998 0.00142345 -0.00342938 -0.0846717 0.413099 
33.3333 0.000868652 0.000374704 0.00326436 0.00137224 -0.00368234 -0.0846717 0.413099 
33.8049 0.000809385 0.000398159 0.00337129 0.00136543 -0.00360375 -0.0817322 0.412247 
34.8088 0.000694182 0.000448344 0.00359757 0.00134186 -0.00342555 -0.0756924 0.41035 
36.1111 0.000565024 0.000513394 0.00388783 0.00129546 -0.00317516 -0.0682887 0.407727 
37.4135 0.000456211 0.000577593 0.00417358 0.00123469 -0.00290713 -0.0613618 0.404932 
38.4173 0.000384604 0.000626015 0.00439034 0.00118022 -0.00269098 -0.0563408 0.40267 
38.8889 0.000354302 0.000648344 0.00449105 0.0011528 -0.00258708 -0.0540758 0.401576 
38.8889 0.000371779 0.000564068 0.00406049 0.00113084 -0.0029326 -0.0540758 0.401576 
39.3605 0.000338445 0.00058672 0.00415559 0.00110041 -0.00283751 -0.0515946 0.400561 
40.3643 0.000274908 0.000634233 0.00435455 0.00103113 -0.00263021 -0.0465001 0.398336 
41.6667 0.000206088 0.000694096 0.00460536 0.000933963 -0.00235344 -0.0402612 0.395326 
42.969 0.000150712 0.000751474 0.00484757 0.000831045 -0.00207064 -0.0344298 0.392185 
43.9728 0.000116001 0.000793722 0.00502826 0.000749306 -0.00185025 -0.0302059 0.389682 
44.4445 0.000101833 0.000812919 0.00511133 0.000710498 -0.00174633 -0.0283012 0.388483 
44.4445 0.000106735 0.000723775 0.00463283 0.000704182 -0.00214517 -0.0283012 0.388483 
44.9161 9.12418e-05 0.000743997 0.0047096 0.000660105 -0.002048 -0.0261667 0.387364 
45.9199 6.32106e-05 0.000785915 0.00486807 0.000564694 -0.00184034 -0.0217795 0.384932 
47.2222 3.58251e-05 0.000837825 0.00506358 0.000438936 -0.00157061 -0.0163963 0.38168 
48.5246 1.71698e-05 0.000886697 0.00524768 0.000312609 -0.00130239 -0.011351 0.378329 
49.5284 7.87148e-06 0.000922154 0.00538184 0.000215854 -0.00109779 -0.00768566 0.375684 
50 4.84406e-06 0.00093812 0.00544256 0.000170791 -0.00100253 -0.00602917 0.374424 
50 5.07168e-06 0.000849317 0.00494475 0.00017049 -0.00142085 -0.00602917 0.374424 
53.2098 5.21108e-06 0.000961657 0.00527879 -0.000183892 -0.000814637 0.00611146 0.366149 
60.7798 0.000114719 0.00115676 0.00575772 -0.000946299 0.00044584 0.0286747 0.34498 
72.7335 0.000360441 0.00127633 0.00579395 -0.00176192 0.00178557 0.0508274 0.30903 
89.1466 0.00056237 0.00117965 0.00499074 -0.0021158 0.00246302 0.0634881 0.259425 
110.128 0.000561411 0.00087881 0.00353779 -0.00182464 0.00222529 0.0634339 0.201668 
135.821 0.00039683 0.000521855 0.00203075 -0.00118213 0.00147 0.0533315 0.143943 
166.414 0.000209135 0.000246987 0.000939486 -0.00059039 0.000740952 0.0387164 0.0938067 
202.144 8.46461e-05 9.34547e-05 0.000350174 -0.000231043 0.000291337 0.0246312 0.0556016 
243.31 2.67708e-05 2.83404e-05 0.000105165 -7.1552e-05 9.04556e-05 0.013852 0.0298769 
290.292 6.67373e-06 6.88602e-06 2.53984e-05 -1.76099e-05 2.22938e-05 0.00691617 0.0145 
343.574 1.31277e-06 1.33426e-06 4.90358e-06 -3.43797e-06 4.35579e-06 0.00306744 0.00632332 
403.78 2.02336e-07 2.03927e-07 7.47951e-07 -5.2767e-07 6.68818e-07 0.00120425 0.00245909 
471.737 2.4033e-08 2.41166e-08 8.836e-08 -6.25389e-08 7.92844e-08 0.000415036 0.000843329 
548.571 2.13714e-09 2.14012e-09 7.83716e-09 -5.5555e-09 7.04377e-09 0.000123765 0.00025089 
635.878 1.35857e-10 1.35924e-10 4.97646e-10 -3.53002e-10 4.47585e-10 3.12049e-05 6.31924e-05 
736.065 5.7356e-12 5.73655e-12 2.1001e-11 -1.49006e-11 1.88936e-11 6.41166e-06 1.29791e-05 
853.1 1.42069e-13 1.42063e-13 5.20095e-13 -3.69045e-13 4.67926e-13 1.00909e-06 2.04249e-06 
994.558 1.62512e-15 1.6261e-15 5.94736e-15 -4.22285e-15 5.35448e-15 1.07926e-07 2.18338e-07 
1179.86 4.63339e-18 4.59379e-18 1.73138e-17 -1.19846e-17 1.52884e-17 5.76276e-09 1.18336e-08 
