0 0.00712898 0.000791923 1.75548e-18 -0.00480064 -0.00109647 0.281117 -0.395561 
0.4716 0.00684443 0.000721409 1.67203e-06 -0.00448955 -0.00140174 0.275449 -0.39688 
1.47542 0.00626791 0.000584198 1.58779e-05 -0.0038662 -0.00200515 0.263594 -0.399484 
2.77778 0.00557645 0.000431076 5.41208e-05 -0.00313256 -0.0026982 0.248629 -0.402459 
4.08014 0.00494509 0.000304336 0.000112302 -0.00247861 -0.00329581 0.234132 -0.404989 
5.08396 0.00449704 0.000223502 0.000169215 -0.00202557 -0.00369521 0.223273 -0.406642 
5.55556 0.00429759 0.000190332 0.00019925 -0.00182731 -0.00386533 0.218266 -0.407332 
5.55556 0.00454683 0.000221578 0.000176917 -0.00209235 -0.00353425 0.218266 -0.407332 
6.02716 0.00434004 0.000188833 0.000209414 -0.00188713 -0.00371314 0.213245 -0.407999 
7.03098 0.00392388 0.000128796 0.00028566 -0.00148192 -0.00405631 0.202763 -0.409244 
8.33333 0.00343015 6.93652e-05 0.000397413 -0.00101682 -0.00442935 0.189578 -0.41051 
9.63569 0.00298513 2.91851e-05 0.000521614 -0.000615288 -0.00472661 0.176853 -0.411393 
10.6395 0.0026731 1.03062e-05 0.00062456 -0.000345998 -0.00490775 0.167355 -0.41182 
11.1111 0.00253532 4.83756e-06 0.000674822 -0.000230859 -0.00497926 0.162985 -0.411946 
11.1111 0.00267817 1.21348e-05 0.000601259 -0.000387358 -0.00483894 0.162985 -0.411946 
11.5827 0.0025342 6.11611e-06 0.000652441 -0.000267508 -0.00491915 0.158544 -0.412081 
12.5865 0.00224689 1.32277e-07 0.00076505 -3.70434e-05 -0.00506102 0.149287 -0.412218 
13.8889 0.00191074 5.24504e-06 0.00091738 0.000215106 -0.00519022 0.137667 -0.412096 
15.1912 0.00161286 2.35424e-05 0.00107513 0.000418698 -0.00526261 0.126482 -0.411648 
16.1951 0.00140741 4.57623e-05 0.00119944 0.000545308 -0.00528292 0.118152 -0.411086 
16.6667 0.00131771 5.84462e-05 0.00125844 0.000596303 -0.00528254 0.114325 -0.41076 
16.6667 0.0013899 3.89534e-05 0.00112492 0.000514893 -0.00529712 0.114325 -0.41076 
17.1383 0.00129573 5.08241e-05 0.00118306 0.000567865 -0.00530482 0.110384 -0.410464 
18.1421 0.00111017 8.06405e-05 0.00130747 0.0006621 -0.00530024 0.102174 -0.409706 
19.4444 0.000897721 0.000127775 0.00146932 0.000749456 -0.00525491 0.0918795 -0.408468 
20.7468 0.000714661 0.000183377 0.00163047 0.000801079 -0.00516939 0.0819781 -0.406951 
21.7506 0.000591959 0.00023132 0.0017535 0.00081885 -0.00507882 0.0746094 -0.405599 
22.2222 0.000539477 0.000255221 0.00181079 0.000821101 -0.00502946 0.0712253 -0.40491 
22.2222 0.000568236 6.16222e-06 0.013554 0.000338769 -0.00206846 0.0712253 -0.40491 
22.6938 0.000627641 3.4298e-06 0.0139589 0.00026562 -0.00189192 0.0748559 -0.404817 
23.6976 0.000772703 1.32682e-07 0.0148622 5.79672e-05 -0.0014889 0.0830571 -0.404714 
25 0.00100408 3.48953e-06 0.0161207 -0.000338875 -0.000903895 0.0946794 -0.4048 
26.3024 0.00129299 1.98011e-05 0.0174799 -0.000916038 -0.000237402 0.107441 -0.405172 
27.3062 0.00156154 4.46666e-05 0.0185983 -0.00151195 0.000340624 0.118072 -0.40568 
27.7778 0.00170314 6.09456e-05 0.0191455 -0.00184445 0.000633729 0.123309 -0.405992 
27.7778 0.00179155 0.000127343 0.00206246 0.00111822 -0.00401935 0.123309 -0.405992 
28.2494 0.00169673 0.000143979 0.00216085 0.00115713 -0.00399325 0.120002 -0.405503 
29.2532 0.00150932 0.000181444 0.00237221 0.00122514 -0.00391946 0.11318 -0.404365 
30.5556 0.00129326 0.00023345 0.0026494 0.00128637 -0.00379025 0.104767 -0.402698 
31.8579 0.00110488 0.000288252 0.00292869 0.0013212 -0.00362806 0.0968364 -0.400827 
32.8617 0.00097672 0.000331745 0.00314466 0.00133264 -0.00348356 0.0910471 -0.399255 
33.3333 0.00092123 0.000352415 0.00324619 0.00133394 -0.00341046 0.088423 -0.398479 
33.3333 0.000967831 0.000291191 0.00292729 0.00127689 -0.00362187 0.088423 -0.398479 
33.8049 0.000907595 0.000311323 0.00302526 0.00127854 -0.00355865 0.0856271 -0.397768 
34.8088 0.000789649 0.000354717 0.00323307 0.00127298 -0.00341321 0.0798697 -0.396178 
36.1111 0.000655788 0.000411597 0.00350059 0.00124963 -0.00320508 0.0727859 -0.393965 
37.4135 0.000541303 0.000468421 0.003765 0.00121116 -0.00297858 0.066128 -0.391593 
38.4173 0.000464853 0.000511744 0.00396625 0.00117314 -0.00279368 0.0612806 -0.389663 
38.8889 0.000432174 0.000531862 0.00405997 0.00115317 -0.00270418 0.0590873 -0.388728 
38.8889 0.000453491 0.000458793 0.00367073 0.00112639 -0.00300627 0.0590873 -0.388728 
39.3605 0.000417583 0.000479034 0.00375971 0.00110446 -0.00292513 0.0566997 -0.387862 
40.3643 0.000348335 0.000521765 0.00394638 0.00105276 -0.0027469 0.0517855 -0.385959 
41.6667 0.000271792 0.000576151 0.00418276 0.000977193 -0.00250638 0.0457434 -0.383373 
42.969 0.000208537 0.000628902 0.00441219 0.000894288 -0.00225796 0.0400684 -0.380663 
43.9728 0.000167765 0.000668174 0.00458411 0.000826778 -0.00206267 0.0359385 -0.378496 
44.4445 0.000150776 0.000686152 0.00466337 0.000794273 -0.0019701 0.0340703 -0.377455 
44.4445 0.000158033 0.000607359 0.00422681 0.000784922 -0.0023278 0.0340703 -0.377455 
44.9161 0.000139364 0.000626074 0.00430063 0.000748373 -0.00224179 0.0319946 -0.376486 
45.9199 0.000104599 0.000665117 0.00445365 0.000668257 -0.00205693 0.0277183 -0.374374 
47.2222 6.86217e-05 0.000713966 0.00464365 0.000560789 -0.00181481 0.0224509 -0.371542 
48.5246 4.16504e-05 0.000760524 0.00482395 0.000450917 -0.00157188 0.0174909 -0.368614 
49.5284 2.61962e-05 0.0007947 0.00495626 0.000365554 -0.00138515 0.0138714 -0.366296 
50 2.03659e-05 0.000810213 0.00501642 0.000325448 -0.0012978 0.0122308 -0.36519 
50 2.13229e-05 0.0007304 0.00455759 0.000324184 -0.0016803 0.0122308 -0.36519 
53.3494 5.42655e-09 0.000843322 0.00491092 -5.55708e-06 -0.00109852 -0.000195116 -0.357584 
61.2486 7.82148e-05 0.00104712 0.00544672 -0.000743414 0.000143943 -0.0234248 -0.337863 
73.7222 0.000309181 0.00119043 0.00558036 -0.00157597 0.00151968 -0.0465734 -0.303855 
90.849 0.000520392 0.0011275 0.00488778 -0.00198981 0.00228546 -0.0604221 -0.2563 
112.742 0.000539859 0.00085708 0.00351866 -0.00176701 0.00214299 -0.0615419 -0.200324 
139.553 0.000391419 0.000518083 0.00205006 -0.00116979 0.00145021 -0.0524025 -0.143855 
171.477 0.000210546 0.000249393 0.000962914 -0.000595255 0.000745517 -0.038433 -0.0943898 
208.76 8.68449e-05 9.60062e-05 0.000364751 -0.000237197 0.000298618 -0.0246833 -0.0563777 
251.717 2.79982e-05 2.9654e-05 0.000111502 -7.48505e-05 9.44946e-05 -0.0140151 -0.0305575 
300.742 7.12439e-06 7.35192e-06 2.74667e-05 -1.88002e-05 2.37705e-05 -0.00706976 -0.0149766 
356.341 1.43346e-06 1.4569e-06 5.42226e-06 -3.75401e-06 4.75045e-06 -0.0031712 -0.00660417 
419.165 2.26594e-07 2.28366e-07 8.48124e-07 -5.90919e-07 7.48102e-07 -0.00126083 -0.00260084 
490.078 2.7692e-08 2.77872e-08 1.03085e-07 -7.2059e-08 9.12469e-08 -0.000440766 -0.000904732 
570.253 2.5432e-09 2.54668e-09 9.4427e-09 -6.61098e-09 8.37226e-09 -0.000133574 -0.000273535 
661.357 1.67713e-10 1.67792e-10 6.22007e-10 -4.3577e-10 5.51889e-10 -3.43015e-05 -7.01726e-05 
765.901 7.38529e-12 7.38647e-12 2.73794e-11 -1.91863e-11 2.42995e-11 -7.19804e-06 -1.47198e-05 
888.025 1.92169e-13 1.92162e-13 7.12299e-13 -4.99188e-13 6.32206e-13 -1.16111e-06 -2.3742e-06 
1035.63 2.33315e-15 2.33441e-15 8.64575e-15 -6.06246e-15 7.67824e-15 -1.27939e-07 -2.61488e-07 
1228.99 7.1976e-18 7.14472e-18 2.71507e-17 -1.86284e-17 2.37136e-17 -7.10599e-09 -1.471e-08 
