0 0.00680522 0.000755958 -1.03543e-18 -0.00458261 -0.000917479 0.271911 -0.376984 
0.4716 0.00654927 0.000692284 1.44345e-06 -0.00430212 -0.00119192 0.266749 -0.378204 
1.47542 0.00602941 0.000567765 1.37335e-05 -0.00373822 -0.00173646 0.255943 -0.380625 
2.77778 0.00540332 0.000427552 4.69284e-05 -0.00307092 -0.00236603 0.24229 -0.383413 
4.08014 0.00482883 0.000310014 9.76217e-05 -0.00247204 -0.0029136 0.229048 -0.385811 
5.08396 0.00441926 0.000233951 0.00014738 -0.00205438 -0.00328288 0.219119 -0.3874 
5.55556 0.00423638 0.000202372 0.000173696 -0.00187075 -0.00344123 0.214537 -0.388069 
5.55556 0.00448207 0.000233382 0.000154227 -0.00213201 -0.00311297 0.214537 -0.388069 
6.02716 0.00429217 0.000202107 0.00018278 -0.00194154 -0.00327974 0.209944 -0.38872 
7.03098 0.00390877 0.000143918 0.000249947 -0.00156349 -0.00360205 0.200347 -0.38995 
8.33333 0.00345146 8.4487e-05 0.000348805 -0.00112567 -0.00395737 0.188263 -0.39124 
9.63569 0.0030366 4.1871e-05 0.000459191 -0.000743305 -0.00424646 0.176587 -0.392193 
10.6395 0.00274394 1.96281e-05 0.000551073 -0.000483774 -0.00442716 0.167862 -0.392705 
11.1111 0.00261418 1.2171e-05 0.000596055 -0.000371833 -0.00450009 0.163844 -0.392879 
11.1111 0.00276147 2.22989e-05 0.000531078 -0.0005332 -0.00434573 0.163844 -0.392879 
11.5827 0.00262563 1.42975e-05 0.000577054 -0.000416318 -0.00442697 0.159764 -0.393062 
12.5865 0.00235334 3.29606e-06 0.000678539 -0.000189242 -0.00457435 0.151253 -0.393317 
13.8889 0.00203235 4.35882e-07 0.000816532 6.39531e-05 -0.00471684 0.14056 -0.393385 
15.1912 0.00174528 9.32017e-06 0.000960291 0.000274045 -0.00480861 0.130255 -0.393164 
16.1951 0.00154549 2.34375e-05 0.00107418 0.000408947 -0.00484751 0.122573 -0.392803 
16.6667 0.00145772 3.20896e-05 0.00112843 0.000464727 -0.00485683 0.119042 -0.392577 
16.6667 0.00153758 1.86444e-05 0.0010087 0.000374667 -0.00484662 0.119042 -0.392577 
17.1383 0.00144516 2.6503e-05 0.00106245 0.000433069 -0.00486374 0.115408 -0.392379 
18.1421 0.00126173 4.73318e-05 0.00117797 0.000540769 -0.00488119 0.107836 -0.391844 
19.4444 0.00104914 8.20072e-05 0.00132929 0.000649076 -0.00486797 0.0983326 -0.390924 
20.7468 0.000863032 0.000124397 0.0014812 0.000725055 -0.00481797 0.0891854 -0.389757 
21.7506 0.000736227 0.000161737 0.00159806 0.000763594 -0.00475669 0.0823732 -0.388695 
22.2222 0.000681343 0.00018055 0.00165276 0.000776129 -0.00472159 0.0792434 -0.388148 
22.2222 0.000717664 2.21212e-06 0.012371 -0.000228105 -0.00195098 0.0792434 -0.388148 
22.6938 0.000776868 4.11773e-06 0.0127119 -0.000323797 -0.00179579 0.0824473 -0.388219 
23.6976 0.000918631 1.09087e-05 0.0134713 -0.000573096 -0.00144196 0.0896547 -0.388449 
25 0.00113857 2.70873e-05 0.0145276 -0.00100539 -0.000930117 0.0998118 -0.388925 
26.3024 0.00140573 5.46926e-05 0.0156666 -0.0015874 -0.000350315 0.110906 -0.389631 
27.3062 0.00164881 8.62314e-05 0.0166027 -0.00215868 0.000149346 0.120112 -0.390352 
27.7778 0.00177541 0.000104775 0.0170604 -0.00246916 0.000401569 0.124638 -0.39075 
27.7778 0.00186757 8.78603e-05 0.00183785 0.000948333 -0.00381474 0.124638 -0.39075 
28.2494 0.00177554 0.000101128 0.00192636 0.000992036 -0.00380031 0.121529 -0.390364 
29.2532 0.00159275 0.000131449 0.00211684 0.00107122 -0.0037526 0.115103 -0.389454 
30.5556 0.00138034 0.000174339 0.00236733 0.00114846 -0.00365932 0.107154 -0.388101 
31.8579 0.00119338 0.000220335 0.00262048 0.00120048 -0.00353474 0.0996329 -0.386562 
32.8617 0.00106504 0.000257333 0.00281676 0.00122562 -0.00341997 0.0941232 -0.385257 
33.3333 0.00100914 0.000275056 0.00290918 0.00123342 -0.00336098 0.0916199 -0.384609 
33.3333 0.00106019 0.000223536 0.00262339 0.00117093 -0.00353515 0.0916199 -0.384609 
33.8049 0.000999582 0.000240665 0.00271291 0.00117972 -0.00348541 0.0889624 -0.384019 
34.8088 0.000880151 0.000277875 0.00290319 0.00118951 -0.00336885 0.0834788 -0.382692 
36.1111 0.000743183 0.000327205 0.00314895 0.0011861 -0.00319833 0.0767088 -0.380832 
37.4135 0.000624538 0.000377087 0.00339272 0.00116725 -0.00300919 0.0703197 -0.378825 
38.4173 0.000544337 0.000415517 0.00357885 0.00114391 -0.00285268 0.0656495 -0.377184 
38.8889 0.000509767 0.000433481 0.00366569 0.00113067 -0.00277634 0.0635306 -0.376386 
38.8889 0.000534912 0.000370327 0.00331425 0.00109908 -0.00303865 0.0635306 -0.376386 
39.3605 0.000496987 0.000388258 0.0033971 0.00108474 -0.00297023 0.0612371 -0.375649 
40.3643 0.000423161 0.00042635 0.00357138 0.00104889 -0.00281867 0.056506 -0.374025 
41.6667 0.000340241 0.000475304 0.00379295 0.000993055 -0.00261176 0.0506682 -0.371807 
42.969 0.000270301 0.000523312 0.00400899 0.000928747 -0.00239559 0.0451612 -0.369474 
43.9728 0.000224274 0.000559414 0.00417152 0.00087468 -0.00222409 0.0411369 -0.367601 
44.4445 0.000204809 0.00057605 0.00424664 0.0008482 -0.00214237 0.0393112 -0.3667 
44.4445 0.000214666 0.000506601 0.00384909 0.000835498 -0.00246158 0.0393112 -0.3667 
44.9161 0.000193247 0.000523742 0.00391954 0.000806019 -0.00238619 0.0372984 -0.365862 
45.9199 0.000152583 0.000559709 0.00406607 0.000740398 -0.00222322 0.0331427 -0.364032 
47.2222 0.000108952 0.000605129 0.00424908 0.000650537 -0.00200794 0.0280061 -0.36157 
48.5246 7.44386e-05 0.000648895 0.00442388 0.000556822 -0.00178998 0.0231491 -0.359016 
49.5284 5.33135e-05 0.000681349 0.00455294 0.000482874 -0.00162118 0.0195908 -0.356988 
50 4.4875e-05 0.000696181 0.00461186 0.00044781 -0.00154185 0.0179737 -0.356018 
50 4.69837e-05 0.000624662 0.00419003 0.000445025 -0.00189002 0.0179737 -0.356018 
53.4951 4.08848e-06 0.000736647 0.00455802 0.00014256 -0.00133689 0.00530206 -0.349036 
61.7378 4.98211e-05 0.000945736 0.00514116 -0.000563871 -0.000122852 -0.0185084 -0.330673 
74.7538 0.000263184 0.00110841 0.00536158 -0.00140303 0.00127393 -0.0425395 -0.2985 
92.6255 0.000480186 0.00107548 0.00477261 -0.00186678 0.0021137 -0.0574603 -0.252907 
115.471 0.000517647 0.00083355 0.00348632 -0.00170636 0.00205784 -0.0596595 -0.198667 
143.448 0.000384613 0.000512372 0.0020596 -0.00115317 0.00142536 -0.0514251 -0.143465 
176.76 0.000210898 0.000250551 0.000981012 -0.000597134 0.000746417 -0.0380802 -0.0947206 
215.665 8.85248e-05 9.79904e-05 0.000377136 -0.000241943 0.000304138 -0.0246715 -0.0569711 
260.489 2.9045e-05 3.07783e-05 0.000117162 -7.76687e-05 9.79282e-05 -0.0141318 -0.0311229 
311.646 7.53003e-06 7.77162e-06 2.93835e-05 -1.9872e-05 2.50967e-05 -0.00719551 -0.0153899 
369.663 1.54646e-06 1.57175e-06 5.91882e-06 -4.04995e-06 5.11931e-06 -0.00326087 -0.0068551 
435.219 2.5012e-07 2.52065e-07 9.47104e-07 -6.52256e-07 8.24871e-07 -0.00131141 -0.00273058 
509.216 3.13653e-08 3.14719e-08 1.18116e-07 -8.16158e-08 1.03239e-07 -0.000464395 -0.000962181 
592.877 2.9658e-09 2.96979e-09 1.11398e-08 -7.70943e-09 9.75309e-09 -0.000142802 -0.000295182 
687.943 2.02182e-10 2.02276e-10 7.58564e-10 -5.25328e-10 6.64614e-10 -3.7285e-05 -7.69938e-05 
797.034 9.24916e-12 9.25059e-12 3.46882e-11 -2.40284e-11 3.04001e-11 -7.9747e-06 -1.64617e-05 
924.469 2.51636e-13 2.51627e-13 9.43569e-13 -6.53661e-13 8.26973e-13 -1.31537e-06 -2.71496e-06 
1078.5 3.22428e-15 3.22585e-15 1.20875e-14 -8.37774e-15 1.05996e-14 -1.48895e-07 -3.07202e-07 
1280.26 1.06811e-17 1.06127e-17 4.06619e-17 -2.76573e-17 3.51434e-17 -8.56979e-09 -1.78771e-08 
