0 0.00650874 0.000723024 -6.75735e-19 -0.00438297 -0.000760317 0.263509 -0.360219 
0.4716 0.00627787 0.000665382 1.25034e-06 -0.00412938 -0.00100777 0.258794 -0.361351 
1.47542 0.00580781 0.000552137 1.19171e-05 -0.00361804 -0.00150051 0.248917 -0.363605 
2.77778 0.00523954 0.000423554 4.08145e-05 -0.00300985 -0.00207369 0.236425 -0.36622 
4.08014 0.00471573 0.00031452 8.50978e-05 -0.00246061 -0.00257619 0.224296 -0.368493 
5.08396 0.00434069 0.000243044 0.000128699 -0.00207523 -0.00291789 0.215192 -0.370017 
5.55556 0.00417276 0.000213066 0.000151806 -0.00190507 -0.0030653 0.210989 -0.370666 
5.55556 0.00441475 0.000243746 0.00013479 -0.00216241 -0.00274041 0.210989 -0.370666 
6.02716 0.00424014 0.000213974 0.000159922 -0.00198558 -0.00289586 0.206774 -0.371298 
7.03098 0.00388654 0.000157894 0.000219187 -0.00163298 -0.00319833 0.197964 -0.372507 
8.33333 0.00346272 9.91453e-05 0.000306741 -0.00122141 -0.0035359 0.186859 -0.373805 
9.63569 0.00307599 5.51138e-05 0.000404918 -0.000858301 -0.00381546 0.176116 -0.374808 
10.6395 0.00280167 3.04936e-05 0.000486946 -0.000609298 -0.0039939 0.168079 -0.375383 
11.1111 0.00267959 2.15651e-05 0.000527201 -0.000501102 -0.00406718 0.164377 -0.375595 
11.1111 0.00283057 3.39922e-05 0.00046973 -0.000666507 -0.00390097 0.164377 -0.375595 
11.5827 0.00270259 2.45308e-05 0.000511012 -0.000553253 -0.00398217 0.160618 -0.375814 
12.5865 0.00244501 9.7263e-06 0.000602401 -0.000331354 -0.00413237 0.152772 -0.376163 
13.8889 0.00213938 6.50049e-07 0.000727232 -8.01299e-05 -0.0042839 0.142905 -0.376383 
15.1912 0.00186384 2.04859e-06 0.00085796 0.000132773 -0.00439013 0.133385 -0.376347 
16.1951 0.0016706 9.64387e-06 0.000962015 0.000272734 -0.00444343 0.126281 -0.376151 
16.6667 0.00158525 1.50309e-05 0.00101173 0.00033168 -0.0044604 0.123014 -0.376009 
16.6667 0.0016721 6.67274e-06 0.000904388 0.000233741 -0.00442816 0.123014 -0.376009 
17.1383 0.00158203 1.12928e-05 0.000953881 0.000295775 -0.0044526 0.119654 -0.375891 
18.1421 0.00140222 2.48288e-05 0.00106064 0.000412893 -0.00448744 0.11265 -0.375539 
19.4444 0.00119175 4.93267e-05 0.00120132 0.000536519 -0.00450004 0.103852 -0.374882 
20.7468 0.00100515 8.08607e-05 0.00134353 0.000630865 -0.00447897 0.0953757 -0.374006 
21.7506 0.000876405 0.000109451 0.00145363 0.000685354 -0.0044418 0.0890583 -0.373186 
22.2222 0.000820183 0.000124057 0.00150538 0.00070586 -0.00441849 0.0861543 -0.372759 
22.2222 0.000863905 2.54511e-05 0.0112679 -0.0008489 -0.00180923 0.0861543 -0.372759 
22.6938 0.000921311 3.03035e-05 0.0115546 -0.000956576 -0.00167403 0.0889707 -0.372962 
23.6976 0.00105669 4.33325e-05 0.0121927 -0.00122504 -0.00136615 0.0952836 -0.373457 
25 0.00126215 6.70227e-05 0.0130791 -0.00166509 -0.000922176 0.104136 -0.374242 
26.3024 0.00150621 0.000100597 0.0140337 -0.00222846 -0.000421723 0.113759 -0.37521 
27.3062 0.00172433 0.000134974 0.0148175 -0.00276188 7.25519e-06 0.121718 -0.376097 
27.7778 0.00183674 0.000154135 0.0152006 -0.00304611 0.000222977 0.125623 -0.376561 
27.7778 0.00193209 5.82728e-05 0.0016375 0.000785548 -0.00360919 0.125623 -0.376561 
28.2494 0.00184313 6.86523e-05 0.00171704 0.000832782 -0.00360445 0.122697 -0.376261 
29.2532 0.00166566 9.28032e-05 0.00188849 0.000920452 -0.00357865 0.11664 -0.375544 
30.5556 0.00145797 0.000127737 0.00211453 0.00101032 -0.00351589 0.109126 -0.374456 
31.8579 0.00127361 0.000165947 0.00234361 0.00107629 -0.00342367 0.101994 -0.3732 
32.8617 0.00114605 0.000197135 0.00252165 0.00111278 -0.00333473 0.0967513 -0.372122 
33.3333 0.0010902 0.000212202 0.00260561 0.00112604 -0.00328807 0.0943642 -0.371584 
33.3333 0.00114534 0.000169096 0.00234964 0.00105852 -0.00342893 0.0943642 -0.371584 
33.8049 0.00108486 0.000183534 0.00243125 0.00107327 -0.00339091 0.0918387 -0.371097 
34.8088 0.000965012 0.000215161 0.00260504 0.001096 -0.00329967 0.0866174 -0.369995 
36.1111 0.000826312 0.000257588 0.00283017 0.00110968 -0.00316242 0.0801514 -0.368438 
37.4135 0.000704841 0.000301021 0.00305421 0.00110792 -0.00300666 0.0740261 -0.366745 
38.4173 0.00062187 0.00033483 0.00322578 0.00109756 -0.00287573 0.0695327 -0.365353 
38.8889 0.000585854 0.000350737 0.00330596 0.00109031 -0.00281133 0.0674891 -0.364673 
38.8889 0.000614752 0.000296343 0.00298902 0.001054 -0.00303732 0.0674891 -0.364673 
39.3605 0.000575311 0.000312098 0.00306585 0.00104638 -0.0029804 0.0652882 -0.364049 
40.3643 0.000497938 0.000345773 0.00322787 0.00102465 -0.00285309 0.0607395 -0.362666 
41.6667 0.000409889 0.000389459 0.00343459 0.000986638 -0.00267702 0.0551083 -0.36077 
42.969 0.000334396 0.000432752 0.003637 0.000939385 -0.00249075 0.0497753 -0.358765 
43.9728 0.000283903 0.000465614 0.00378982 0.000897825 -0.00234156 0.0458636 -0.357149 
44.4445 0.000262305 0.00048085 0.00386062 0.000877005 -0.00227006 0.0440846 -0.35637 
44.4445 0.00027493 0.000419816 0.00349921 0.000860737 -0.0025534 0.0440846 -0.35637 
44.9161 0.00025117 0.000435368 0.003566 0.000837804 -0.002488 0.0421366 -0.355646 
45.9199 0.000205428 0.00046818 0.00370537 0.000785717 -0.00234574 0.0381071 -0.354064 
47.2222 0.00015509 0.000509974 0.0038803 0.000712519 -0.00215613 0.0331107 -0.351927 
48.5246 0.000113848 0.000550647 0.00404837 0.00063435 -0.00196237 0.0283686 -0.349702 
49.5284 8.75857e-05 0.000581084 0.00417312 0.000571566 -0.00181117 0.0248824 -0.347931 
50 7.6762e-05 0.000595078 0.00423028 0.00054149 -0.00173978 0.0232943 -0.347082 
50 8.03691e-05 0.000531178 0.00384336 0.000536726 -0.00205526 0.0232943 -0.347082 
53.6471 1.6043e-05 0.000640979 0.00422189 0.000263422 -0.00153398 0.0104075 -0.340679 
62.2483 2.86833e-05 0.000852479 0.00484375 -0.000406204 -0.000356761 -0.0139162 -0.323583 
75.8303 0.000222246 0.00103064 0.00514089 -0.00124325 0.00104826 -0.0387366 -0.293131 
94.4792 0.000442018 0.0010242 0.00464835 -0.00174784 0.00194906 -0.0546292 -0.249396 
118.318 0.000495179 0.000808802 0.00344303 -0.00164396 0.00197141 -0.0578211 -0.196825 
147.512 0.000376718 0.00050509 0.0020606 -0.00113313 0.00139657 -0.0504328 -0.142867 
182.272 0.000210341 0.000250627 0.000994242 -0.000596435 0.000744176 -0.0376848 -0.0948645 
222.869 8.97334e-05 9.94576e-05 0.000387431 -0.000245405 0.000308066 -0.024614 -0.0574216 
269.643 2.99193e-05 3.1721e-05 0.000122143 -8.00271e-05 0.000100785 -0.0142128 -0.0315941 
323.025 7.88983e-06 8.14424e-06 3.11365e-05 -2.08232e-05 2.62702e-05 -0.00729858 -0.0157496 
383.564 1.65084e-06 1.67785e-06 6.3878e-06 -4.32332e-06 5.45941e-06 -0.00333854 -0.00707966 
451.971 2.72607e-07 2.74719e-07 1.04347e-06 -7.10888e-07 8.98146e-07 -0.00135667 -0.0028493 
529.186 3.49937e-08 3.51116e-08 1.33206e-07 -9.1056e-08 1.1507e-07 -0.000486071 -0.00101581 
616.486 3.39755e-09 3.40206e-09 1.28994e-08 -8.83166e-09 1.11622e-08 -0.000151457 -0.000315784 
715.686 2.38688e-10 2.38797e-10 9.05217e-10 -6.2018e-10 7.83868e-10 -4.0144e-05 -8.36167e-05 
829.521 1.13031e-11 1.13048e-11 4.285e-11 -2.93643e-11 3.71157e-11 -8.73583e-06 -1.81894e-05 
962.498 3.2019e-13 3.2018e-13 1.21362e-12 -8.31742e-13 1.05127e-12 -1.47031e-06 -3.0611e-06 
1123.23 4.308e-15 4.30991e-15 1.63257e-14 -1.11934e-14 1.41486e-14 -1.70546e-07 -3.54945e-07 
1333.76 1.52222e-17 1.51365e-17 5.84615e-17 -3.94312e-17 5.00255e-17 -1.01378e-08 -2.13024e-08 
