0 0.00623483 0.000692596 -6.9869e-20 -0.00419852 -0.000623271 -0.255852 0.345126 
0.4716 0.00602605 0.000640299 1.08613e-06 -0.00396873 -0.00084697 -0.251532 0.346178 
1.47542 0.00560002 0.000537111 1.03687e-05 -0.00350405 -0.0012939 -0.242478 0.348281 
2.77778 0.00508312 0.000419047 3.55858e-05 -0.00294876 -0.00181676 -0.231016 0.350737 
4.08014 0.00460464 0.00031788 7.43514e-05 -0.0024444 -0.00227852 -0.219874 0.352892 
5.08396 0.00426071 0.000250794 0.000112628 -0.00208854 -0.0025949 -0.211504 0.354352 
5.55556 0.0041063 0.000222405 0.00013295 -0.00193082 -0.00273213 -0.207636 0.354979 
5.55556 0.00434445 0.000252674 0.000118048 -0.00218406 -0.00241112 -0.207636 0.354979 
6.02716 0.00418371 0.000224414 0.000140201 -0.00201987 -0.00255602 -0.203759 0.35559 
7.03098 0.0038573 0.000170618 0.000192557 -0.00169111 -0.00283965 -0.195649 0.356773 
8.33333 0.00346432 0.000113066 0.000270166 -0.00130464 -0.00315966 -0.185415 0.358069 
9.63569 0.00310383 6.84199e-05 0.000357523 -0.000960632 -0.00342876 -0.175503 0.359103 
10.6395 0.00284685 4.221e-05 0.000430757 -0.000722613 -0.00360356 -0.168081 0.359725 
11.1111 0.0027321 3.22256e-05 0.000466775 -0.000618536 -0.00367636 -0.164658 0.359966 
11.1111 0.00288603 4.65043e-05 0.000415892 -0.000787182 -0.00350027 -0.164658 0.359966 
11.5827 0.00276559 3.60028e-05 0.00045294 -0.000678016 -0.0035806 -0.161186 0.360214 
12.5865 0.00252232 1.8376e-05 0.000535167 -0.000462598 -0.00373149 -0.153933 0.360635 
13.8889 0.00223199 4.5121e-06 0.000647939 -0.000215632 -0.0038887 -0.144804 0.360976 
15.1912 0.00196841 8.51151e-10 0.000766584 -2.78124e-06 -0.0040054 -0.135985 0.36109 
16.1951 0.00178231 2.37165e-06 0.000861412 0.0001397 -0.00406969 -0.129397 0.361028 
16.6667 0.00169975 5.12414e-06 0.000906843 0.000200531 -0.00409262 -0.126365 0.360955 
16.6667 0.00179287 1.03924e-06 0.000810627 9.55179e-05 -0.00404089 -0.126365 0.360955 
17.1383 0.00170559 3.056e-06 0.000856038 0.000159759 -0.00407096 -0.12325 0.360903 
18.1421 0.00153048 1.06928e-05 0.000954308 0.000283082 -0.0041194 -0.116752 0.360702 
19.4444 0.00132381 2.68931e-05 0.00108447 0.000417527 -0.00415261 -0.108584 0.360263 
20.7468 0.00113869 4.95137e-05 0.00121683 0.000525433 -0.00415504 -0.100706 0.359629 
21.7506 0.00100967 7.08854e-05 0.00131985 0.000591998 -0.00413767 -0.094829 0.359011 
22.2222 0.000952933 8.20105e-05 0.00136844 0.000618612 -0.0041241 -0.0921261 0.358683 
22.2222 0.00100373 6.77497e-05 0.0102429 -0.00149291 -0.00165278 -0.0921261 0.358683 
22.6938 0.00105818 7.42271e-05 0.0104838 -0.00160447 -0.00153615 -0.094592 0.358991 
23.6976 0.00118504 9.05376e-05 0.0110197 -0.00187522 -0.00127088 -0.100102 0.359696 
25 0.00137416 0.000117755 0.0117634 -0.00230292 -0.000889346 -0.107793 0.360723 
26.3024 0.00159466 0.000153396 0.0125634 -0.00283147 -0.000461003 -0.11612 0.361895 
27.3062 0.0017888 0.000187862 0.0132199 -0.00331872 -9.54398e-05 -0.122986 0.36291 
27.7778 0.00188796 0.00020648 0.0135406 -0.00357441 8.78213e-05 -0.126348 0.363424 
27.7778 0.00198596 3.65917e-05 0.00145868 0.000631106 -0.00340575 -0.126348 0.363424 
28.2494 0.00190027 4.45039e-05 0.0015301 0.00068082 -0.00340902 -0.123592 0.363197 
29.2532 0.00172864 6.33493e-05 0.00168426 0.000774728 -0.00340149 -0.117879 0.362641 
30.5556 0.00152649 9.13679e-05 0.00188797 0.000874318 -0.00336455 -0.110772 0.361778 
31.8579 0.00134567 0.000122733 0.00209496 0.000951427 -0.00330002 -0.104005 0.360761 
32.8617 0.00121967 0.000148757 0.00225619 0.000997208 -0.00323343 -0.0990162 0.359877 
33.3333 0.00116424 0.000161444 0.00233233 0.00101498 -0.0031975 -0.09674 0.359433 
33.3333 0.00122314 0.000125634 0.00210321 0.000942879 -0.00330857 -0.09674 0.359433 
33.8049 0.00116319 0.000137677 0.00217745 0.000962543 -0.00328072 -0.0943394 0.359034 
34.8088 0.00104382 0.000164297 0.00233583 0.000996074 -0.00321154 -0.0893679 0.358124 
36.1111 0.000904567 0.000200464 0.00254155 0.00102424 -0.00310356 -0.0831934 0.356827 
37.4135 0.000781437 0.000237968 0.00274691 0.00103722 -0.00297745 -0.0773242 0.355405 
38.4173 0.000696569 0.00026747 0.00290459 0.00103821 -0.00286944 -0.0730047 0.354228 
38.8889 0.000659504 0.00028144 0.0029784 0.00103625 -0.00281578 -0.0710358 0.353652 
38.8889 0.000692036 0.000234781 0.00269286 0.000995381 -0.00300866 -0.0710358 0.353652 
39.3605 0.000651526 0.000248509 0.00276388 0.000993644 -0.00296207 -0.0689254 0.353123 
40.3643 0.00057153 0.000278036 0.00291393 0.000984382 -0.00285665 -0.0645555 0.35195 
41.6667 0.000479495 0.000316698 0.00310604 0.000962295 -0.00270865 -0.0591296 0.350333 
42.969 0.000399507 0.000355407 0.00329484 0.000930505 -0.00254988 -0.0539729 0.348614 
43.9728 0.000345299 0.000385053 0.00343788 0.000900433 -0.00242136 -0.0501777 0.347222 
44.4445 0.0003219 0.000398877 0.00350428 0.000884858 -0.00235939 -0.0484478 0.34655 
44.4445 0.000337393 0.000345406 0.00317622 0.000864894 -0.00260944 -0.0484478 0.34655 
44.9161 0.000311683 0.000359394 0.0032392 0.000847954 -0.00255333 -0.0465653 0.345927 
45.9199 0.000261647 0.000389063 0.00337097 0.000808348 -0.00243044 -0.0426642 0.344561 
47.2222 0.000205533 0.000427161 0.00353712 0.0007507 -0.00226507 -0.0378135 0.34271 
48.5246 0.000158384 0.000464581 0.00369758 0.000687252 -0.00209443 -0.0331941 0.340775 
49.5284 0.000127542 0.000492817 0.00381726 0.000635185 -0.00196022 -0.0297874 0.33923 
50 0.000114572 0.00050587 0.00387227 0.000609943 -0.00189655 -0.0282322 0.338488 
50 0.000119956 0.000448947 0.00351809 0.000602833 -0.00218105 -0.0282322 0.338488 
53.8057 3.45601e-05 0.000555555 0.00390355 0.000359947 -0.00169398 -0.0151538 0.332623 
62.7809 1.39557e-05 0.000767045 0.00455636 -0.000268766 -0.000560242 0.00962964 0.316704 
76.9536 0.000186082 0.000957292 0.00492085 -0.00109639 0.000842138 0.0351631 0.287859 
96.4135 0.000406034 0.00097412 0.00451758 -0.00163371 0.00179235 0.0519416 0.245872 
121.289 0.000472766 0.000783298 0.00339075 -0.00158079 0.0018849 0.0560477 0.194888 
151.752 0.00036799 0.000496551 0.00205416 -0.00111042 0.00136476 0.0494484 0.142134 
188.024 0.00020901 0.000249771 0.00100307 -0.00059353 0.000739265 0.0372664 0.0948725 
230.387 9.05185e-05 0.000100458 0.000395762 -0.000247714 0.000310564 0.0245247 0.0577611 
279.195 3.0631e-05 3.24927e-05 0.000126458 -8.19525e-05 0.000103099 0.0142664 0.0319888 
334.898 8.20416e-06 8.47015e-06 3.27194e-05 -2.16546e-05 2.72928e-05 0.00738332 0.016064 
398.07 1.746e-06 1.77462e-06 6.82526e-06 -4.5726e-06 5.76895e-06 0.0034061 0.00728118 
469.452 2.93823e-07 2.96093e-07 1.13605e-06 -7.66205e-07 9.6718e-07 0.00139726 0.00295803 
550.025 3.8527e-08 3.86559e-08 1.48131e-07 -1.00249e-07 1.26577e-07 0.000505961 0.00106582 
641.121 3.83155e-09 3.83656e-09 1.46934e-08 -9.95971e-09 1.2577e-08 0.000159559 0.000335337 
744.635 2.76635e-10 2.76758e-10 1.05968e-09 -7.18773e-10 9.07699e-10 4.28734e-05 9.00165e-05 
863.421 1.35178e-11 1.35198e-11 5.17614e-11 -3.51177e-11 4.43495e-11 9.47736e-06 1.98914e-05 
1002.18 3.97233e-13 3.97222e-13 1.52079e-12 -1.03188e-12 1.3031e-12 1.62464e-06 3.40949e-06 
1169.9 5.58697e-15 5.58924e-15 2.13864e-14 -1.45162e-14 1.8333e-14 1.92674e-07 4.04224e-07 
1389.59 2.09324e-17 2.08275e-17 8.10673e-17 -5.42396e-17 6.87177e-17 1.17935e-08 2.49517e-08 
