0 0.00597965 0.000664249 -7.50969e-19 -0.00402668 -0.000504594 0.248873 -0.331552 
0.4716 0.00579041 0.000616708 9.45704e-07 -0.00381802 -0.00070728 0.244903 -0.332531 
1.47542 0.00540348 0.000522528 9.04145e-06 -0.00339496 -0.00111349 0.236579 -0.334496 
2.77778 0.00493243 0.000414007 3.10903e-05 -0.00288721 -0.00159126 0.226032 -0.336806 
4.08014 0.00449468 0.000320127 6.50831e-05 -0.00242356 -0.00201608 0.215769 -0.338849 
5.08396 0.00417888 0.000257228 9.87338e-05 -0.00209475 -0.00230916 0.208051 -0.340247 
5.55556 0.00403676 0.000230402 0.000116629 -0.00194851 -0.00243693 0.204482 -0.340852 
5.55556 0.00427087 0.000260192 0.000103557 -0.00219746 -0.00212027 0.204482 -0.340852 
6.02716 0.00412275 0.000233433 0.000123106 -0.00204499 -0.00225531 0.200905 -0.341443 
7.03098 0.00382121 0.000182028 0.000169399 -0.00173855 -0.0025211 0.193419 -0.342595 
8.33333 0.00345669 0.000126054 0.000238232 -0.00137602 -0.0028239 0.183962 -0.343879 
9.63569 0.00312067 8.1419e-05 0.000315978 -0.00105076 -0.00308194 0.174792 -0.344931 
10.6395 0.00288005 5.42461e-05 0.000381354 -0.000823949 -0.00325207 0.167918 -0.345587 
11.1111 0.00277228 4.35394e-05 0.00041357 -0.00072423 -0.00332375 0.164747 -0.34585 
11.1111 0.00292848 5.92916e-05 0.000368486 -0.000895356 -0.00313955 0.164747 -0.34585 
11.5827 0.00281524 4.80864e-05 0.000401713 -0.000790582 -0.00321837 0.16153 -0.346118 
12.5865 0.00258581 2.84283e-05 0.00047563 -0.000582575 -0.00336831 0.154808 -0.346596 
13.8889 0.00231057 1.09372e-05 0.000577372 -0.000341579 -0.00352849 0.146337 -0.347032 
15.1912 0.00205913 1.80478e-06 0.00068485 -0.000130988 -0.00365244 0.138146 -0.347267 
16.1951 0.00188056 1.66469e-08 0.000771067 1.20223e-05 -0.00372494 0.13202 -0.347314 
16.6667 0.00180102 6.53703e-07 0.00081247 7.37271e-05 -0.00375245 0.129198 -0.347297 
16.6667 0.00189968 1.51514e-07 0.000726266 -3.75422e-05 -0.00368357 0.129198 -0.347297 
17.1383 0.00181549 8.68325e-08 0.000767802 2.77837e-05 -0.00371788 0.126302 -0.347299 
18.1421 0.00164587 2.97175e-06 0.000857939 0.000154759 -0.0037768 0.120257 -0.347222 
19.4444 0.00144425 1.24249e-05 0.000977857 0.000296429 -0.00382633 0.112651 -0.346963 
20.7468 0.0012621 2.77378e-05 0.00110043 0.000414033 -0.00384775 0.105308 -0.34653 
21.7506 0.0011341 4.31559e-05 0.00119627 0.00048955 -0.00384659 0.0998249 -0.34608 
22.2222 0.00107748 5.14011e-05 0.00124161 0.000520767 -0.00384106 0.0973015 -0.345835 
22.2222 0.00113492 0.000122811 0.00929359 -0.00213733 -0.00148874 0.0973015 -0.345835 
22.6938 0.00118563 0.0001299 0.00949587 -0.00224672 -0.00138929 0.0994512 -0.346226 
23.6976 0.00130257 0.000147263 0.00994566 -0.00250737 -0.00116324 0.104241 -0.347095 
25 0.00147435 0.000175074 0.0105693 -0.00290859 -0.000838731 0.110901 -0.348311 
26.3024 0.00167156 0.000209982 0.0112398 -0.00339174 -0.000475524 0.118086 -0.34964 
27.3062 0.00184297 0.000242615 0.0117898 -0.00382814 -0.000166593 0.123992 -0.350751 
27.7778 0.00192984 0.000259897 0.0120584 -0.00405445 -1.2099e-05 0.126881 -0.351302 
27.7778 0.00203002 2.12045e-05 0.001299 0.000485725 -0.00320662 0.126881 -0.351302 
28.2494 0.00194772 2.70176e-05 0.00136306 0.000537048 -0.00321645 0.124283 -0.351135 
29.2532 0.00178229 4.1318e-05 0.00150155 0.000635308 -0.00322405 0.118887 -0.350716 
30.5556 0.00158629 6.33518e-05 0.00168493 0.00074216 -0.00320882 0.11216 -0.350042 
31.8579 0.00140977 8.87246e-05 0.0018717 0.000827984 -0.0031679 0.105736 -0.349229 
32.8617 0.00128598 0.000110181 0.00201749 0.000881245 -0.00312052 0.100987 -0.348511 
33.3333 0.00123129 0.00012075 0.00208644 0.000902713 -0.00309388 0.0988158 -0.348147 
33.3333 0.00129357 9.12688e-05 0.00188147 0.000826458 -0.00317838 0.0988158 -0.348147 
33.8049 0.0012345 0.00010119 0.00194888 0.000850115 -0.00315928 0.0965331 -0.347823 
34.8088 0.00111636 0.000123346 0.00209293 0.000892544 -0.00310925 0.091798 -0.347078 
36.1111 0.000977556 0.000153876 0.00228051 0.000932869 -0.00302688 0.0859018 -0.346004 
37.4135 0.000853778 0.000185974 0.0024683 0.000958435 -0.00292696 0.0802793 -0.344815 
38.4173 0.000767783 0.0002115 0.00261283 0.000969257 -0.00283934 0.0761291 -0.343824 
38.8889 0.000730027 0.000223668 0.0026806 0.000971931 -0.00279529 0.0742336 -0.343336 
38.8889 0.000766037 0.000183835 0.00242361 0.000926687 -0.00295807 0.0742336 -0.343336 
39.3605 0.000724851 0.000195695 0.00248904 0.000930054 -0.00292069 0.0722105 -0.342892 
40.3643 0.000643059 0.000221366 0.00262757 0.000931697 -0.00283491 0.0680144 -0.3419 
41.6667 0.000548068 0.000255302 0.00280547 0.000923715 -0.00271229 0.0627904 -0.340525 
42.969 0.000464561 0.000289626 0.00298092 0.000905804 -0.0025786 0.0578093 -0.339055 
43.9728 0.000407343 0.000316144 0.00311424 0.000886169 -0.00246909 0.0541322 -0.337859 
44.4445 0.000382459 0.000328578 0.00317626 0.000875397 -0.00241593 0.0524527 -0.33728 
44.4445 0.000400866 0.000281897 0.00287891 0.000851678 -0.00263515 0.0524527 -0.33728 
44.9161 0.000373569 0.000294375 0.002938 0.000840167 -0.0025876 0.0506353 -0.336745 
45.9199 0.000319982 0.000320974 0.00306196 0.000811948 -0.00248266 0.0468631 -0.335569 
47.2222 0.000258984 0.000355402 0.0032189 0.000768647 -0.00233994 0.0421604 -0.333968 
48.5246 0.000206736 0.000389514 0.00337119 0.000718953 -0.00219112 0.0376684 -0.332289 
49.5284 0.000171878 0.000415456 0.00348525 0.000677022 -0.0020731 0.0343461 -0.330943 
50 0.000157006 0.000427509 0.00353782 0.000656389 -0.00201683 0.0328267 -0.330296 
50 0.000164384 0.000376961 0.00321423 0.000646645 -0.00227211 0.0328267 -0.330296 
53.9712 5.8451e-05 0.000479566 0.00360345 0.000434919 -0.00182088 0.0195746 -0.324929 
63.3367 4.8293e-06 0.000689025 0.00428025 -0.000149847 -0.000735826 -0.00562651 -0.310104 
78.1257 0.000154363 0.000888392 0.00470343 -0.000961972 0.000654729 -0.0318104 -0.282757 
98.4319 0.000372292 0.000925542 0.00438241 -0.00152485 0.001644 -0.0494014 -0.242407 
124.389 0.00045064 0.000757398 0.00333118 -0.00151763 0.00179924 -0.0543515 -0.192921 
156.177 0.00035864 0.000487018 0.00204132 -0.00108565 0.0013307 -0.0484871 -0.14132 
194.027 0.000207026 0.00024812 0.00100794 -0.00058875 0.000732105 -0.0368391 -0.094784 
238.231 9.09261e-05 0.000101042 0.00040227 -0.000248991 0.000311792 -0.0244141 -0.0580155 
289.162 3.11918e-05 3.31052e-05 0.000130131 -8.3475e-05 0.000104911 -0.0142994 -0.0323217 
347.288 8.47431e-06 8.75064e-06 3.41302e-05 -2.23697e-05 2.81692e-05 -0.00745331 -0.0163403 
413.207 1.83169e-06 1.86177e-06 7.22855e-06 -4.79708e-06 6.04714e-06 -0.00346515 -0.00746271 
487.693 3.136e-07 3.16019e-07 1.22392e-06 -8.17774e-07 1.03144e-06 -0.00143379 -0.00305781 
571.77 4.1924e-08 4.20634e-08 1.62702e-07 -1.09087e-07 1.37627e-07 -0.000524238 -0.00111248 
666.828 4.26162e-09 4.26713e-09 1.64956e-08 -1.10775e-08 1.39775e-08 -0.000167141 -0.000353867 
774.843 3.15439e-10 3.15577e-10 1.21963e-09 -8.19593e-10 1.0342e-09 -4.54731e-05 -9.61804e-05 
898.794 1.58609e-11 1.58631e-11 6.13018e-11 -4.12047e-11 5.19957e-11 -1.01967e-05 -2.15595e-05 
1043.59 4.81918e-13 4.81906e-13 1.86228e-12 -1.25186e-12 1.57967e-12 -1.77739e-06 -3.75765e-06 
1218.6 7.05738e-15 7.06002e-15 2.72687e-14 -1.83363e-14 2.31395e-14 -2.15089e-07 -4.54604e-07 
1447.85 2.78898e-17 2.77644e-17 1.08872e-16 -7.22861e-17 9.14697e-17 -1.35213e-08 -2.87914e-08 
