0 0.00574008 0.000637637 -5.87051e-19 -0.00386536 -0.000402578 0.242502 -0.319346 
0.4716 0.00556823 0.000594347 8.25002e-07 -0.00367555 -0.00058659 0.238845 -0.32026 
1.47542 0.00521616 0.000508266 7.89821e-06 -0.00328976 -0.000956459 0.23117 -0.322099 
2.77778 0.00478622 0.000408427 2.72069e-05 -0.00282486 -0.00139365 0.221438 -0.324273 
4.08014 0.00438519 0.000321303 5.70541e-05 -0.00239826 -0.00178486 0.211958 -0.326212 
5.08396 0.00409489 0.000262389 8.66706e-05 -0.00209429 -0.00205647 0.204823 -0.327549 
5.55556 0.00396396 0.000237087 0.000102445 -0.00195867 -0.00217541 0.201521 -0.328131 
5.55556 0.00419384 0.00026634 9.0962e-05 -0.00220313 -0.00186356 0.201521 -0.328131 
6.02716 0.00405725 0.000241056 0.000108226 -0.00206154 -0.00198941 0.198212 -0.328701 
7.03098 0.00377852 0.000192097 0.000149184 -0.00177598 -0.00223831 0.191283 -0.329821 
8.33333 0.00344029 0.000137979 0.000210254 -0.00143622 -0.00252434 0.182521 -0.331086 
9.63569 0.00312711 9.38389e-05 0.000279447 -0.00112922 -0.00277098 0.174015 -0.332145 
10.6395 0.00290192 6.61999e-05 0.00033779 -0.000913666 -0.00293569 0.167632 -0.332824 
11.1111 0.00280078 5.50379e-05 0.000366591 -0.00081844 -0.00300577 0.164685 -0.333103 
11.1111 0.00295858 7.19437e-05 0.000326629 -0.000991326 -0.00281504 0.164685 -0.333103 
11.5827 0.00285222 6.03038e-05 0.000356407 -0.000891132 -0.00289188 0.161698 -0.333386 
12.5865 0.0026361 3.92511e-05 0.00042279 -0.00069117 -0.00303958 0.155451 -0.333906 
13.8889 0.00237562 1.90752e-05 0.000514457 -0.000457405 -0.00320059 0.147571 -0.334417 
15.1912 0.00213632 6.37531e-06 0.000611647 -0.000250762 -0.00332919 0.139941 -0.334748 
16.1951 0.00196549 1.30386e-06 0.000689863 -0.000108775 -0.00340762 0.13423 -0.334884 
16.6667 0.00188914 2.5318e-07 0.000727502 -4.69921e-05 -0.00343856 0.131597 -0.334912 
16.6667 0.00199263 2.7466e-06 0.000650314 -0.000163706 -0.00335469 0.131597 -0.334912 
17.1383 0.00191173 1.02969e-06 0.000688196 -9.81793e-05 -0.00339209 0.128898 -0.334958 
18.1421 0.00174814 1.08153e-07 0.000770608 3.0427e-05 -0.00345895 0.123259 -0.334982 
19.4444 0.0015525 4.09547e-06 0.000880677 0.000176449 -0.00352124 0.116157 -0.334872 
20.7468 0.00137445 1.34303e-05 0.000993681 0.000300648 -0.0035579 0.109294 -0.334605 
21.7506 0.00124844 2.39444e-05 0.0010824 0.000382594 -0.00356995 0.104163 -0.334296 
22.2222 0.00119245 2.98084e-05 0.00112448 0.000417197 -0.00357103 0.101801 -0.33412 
22.2222 0.00125602 0.000185783 0.00841683 -0.00276548 -0.00132238 0.101801 -0.33412 
22.6938 0.00130246 0.000192726 0.00858654 -0.00286829 -0.00123869 0.103666 -0.334575 
23.6976 0.00140869 0.000209502 0.00896379 -0.00311009 -0.00104851 0.107811 -0.335572 
25 0.00156282 0.000235801 0.00948661 -0.00347534 -0.000775769 0.113555 -0.336932 
26.3024 0.00173744 0.000268026 0.0100485 -0.00390673 -0.000471079 0.119732 -0.338379 
27.3062 0.00188758 0.000297536 0.0105092 -0.00429035 -0.000212516 0.124797 -0.339561 
27.7778 0.00196317 0.000312966 0.0107342 -0.00448743 -8.34322e-05 0.127272 -0.340138 
27.7778 0.00206508 1.08074e-05 0.00115635 0.000349747 -0.00301331 0.127272 -0.340138 
28.2494 0.00198624 1.48417e-05 0.00121377 0.00040196 -0.00302846 0.124819 -0.340023 
29.2532 0.00182723 2.52637e-05 0.00133805 0.000503004 -0.00304851 0.119718 -0.339718 
30.5556 0.00163785 4.21379e-05 0.00150295 0.000615034 -0.0030514 0.113345 -0.339205 
31.8579 0.0014662 6.22869e-05 0.00167127 0.000707492 -0.00303048 0.107241 -0.338565 
32.8617 0.00134514 7.97235e-05 0.00180293 0.000766659 -0.00299958 0.102718 -0.337988 
33.3333 0.00129144 8.84164e-05 0.00186526 0.000791097 -0.00298093 0.100647 -0.337692 
33.3333 0.00135677 6.44239e-05 0.00168202 0.000711117 -0.00304175 0.100647 -0.337692 
33.8049 0.00129885 7.24741e-05 0.00174313 0.000737964 -0.00303016 0.0984753 -0.337432 
34.8088 0.00118256 9.06728e-05 0.00187391 0.000787615 -0.00299663 0.0939635 -0.336829 
36.1111 0.00104505 0.000116155 0.00204461 0.000838015 -0.00293656 0.0883317 -0.335947 
37.4135 0.000921493 0.000143356 0.00221596 0.000874216 -0.00285966 0.0829458 -0.334959 
38.4173 0.000835046 0.000165244 0.00234814 0.000893475 -0.00279011 0.0789593 -0.334128 
38.8889 0.000796912 0.00017575 0.00241021 0.000900154 -0.00275461 0.0771354 -0.333718 
38.8889 0.000836221 0.000141942 0.00217914 0.000850765 -0.00289006 0.0771354 -0.333718 
39.3605 0.000794705 0.000152092 0.00223926 0.000858518 -0.00286084 0.0751962 -0.333345 
40.3643 0.000711844 0.000174213 0.00236678 0.000869614 -0.00279257 0.0711681 -0.332511 
41.6667 0.000614825 0.000203747 0.00253101 0.000874007 -0.00269275 0.0661407 -0.331347 
42.969 0.000528689 0.00023393 0.0026935 0.000868435 -0.00258178 0.0613329 -0.330093 
43.9728 0.000469114 0.000257454 0.00281733 0.000858188 -0.00248962 0.0577739 -0.329069 
44.4445 0.000443039 0.000268543 0.00287503 0.000851769 -0.00244454 0.0561454 -0.328572 
44.4445 0.000464363 0.000227952 0.00260588 0.000824292 -0.00263531 0.0561454 -0.328572 
44.9161 0.000435814 0.000238991 0.0026611 0.000817657 -0.00259558 0.0543921 -0.328114 
45.9199 0.000379368 0.000262642 0.00277719 0.000799729 -0.00250714 0.0507476 -0.327103 
47.2222 0.000314331 0.000293493 0.00292472 0.000769526 -0.0023854 0.0461933 -0.325723 
48.5246 0.000257764 0.000324324 0.00306849 0.00073254 -0.00225698 0.0418308 -0.324268 
49.5284 0.000219441 0.000347946 0.00317659 0.000700075 -0.00215421 0.0385961 -0.323098 
50 0.000202913 0.000358973 0.00322653 0.000683779 -0.00210495 0.0371142 -0.322534 
50 0.000212447 0.000314237 0.00293142 0.000671186 -0.00233278 0.0371142 -0.322534 
54.1439 8.66472e-05 0.000412202 0.00332163 0.000490931 -0.00191844 0.0237023 -0.31763 
63.9167 5.46916e-07 0.000617958 0.00401623 -4.7756e-05 -0.000886005 -0.0018831 -0.303821 
79.3488 0.000126737 0.000823864 0.0044901 -0.000839399 0.000485031 -0.028666 -0.277868 
100.538 0.000340792 0.000878664 0.00424457 -0.00142149 0.00150419 -0.0470066 -0.239047 
127.624 0.00042897 0.000731385 0.00326577 -0.00145504 0.00171509 -0.0527385 -0.19097 
160.795 0.000348845 0.000476712 0.00202298 -0.00105933 0.00129501 -0.0475587 -0.140464 
200.29 0.000204494 0.000245792 0.0010093 -0.000582387 0.000723059 -0.0364128 -0.0946292 
246.417 9.09998e-05 0.000101254 0.0004071 -0.000249353 0.000311897 -0.0242904 -0.0582051 
299.562 3.16136e-05 3.35709e-05 0.000133193 -8.46266e-05 0.000106261 -0.014317 -0.0326049 
360.216 8.70222e-06 8.98767e-06 3.53711e-05 -2.29735e-05 2.89061e-05 -0.00751154 -0.0165849 
429.002 1.90786e-06 1.93928e-06 7.59619e-06 -4.99668e-06 6.29397e-06 -0.00351712 -0.00762701 
506.728 3.3183e-07 3.34388e-07 1.30643e-06 -8.6531e-07 1.0906e-06 -0.0014668 -0.00314965 
594.46 4.51528e-08 4.53022e-08 1.76761e-07 -1.17487e-07 1.48118e-07 -0.000541073 -0.00115604 
693.652 4.68248e-09 4.68848e-09 1.82825e-08 -1.21714e-08 1.53467e-08 -0.000174242 -0.000371419 
806.365 3.54557e-10 3.54711e-10 1.38282e-09 -9.2123e-10 1.16162e-09 -4.79465e-05 -0.000102105 
935.707 1.82993e-11 1.83018e-11 7.13426e-11 -4.75393e-11 5.99462e-11 -1.08926e-05 -2.31884e-05 
1086.8 5.73228e-13 5.73215e-13 2.23443e-12 -1.48905e-12 1.87762e-12 -1.92787e-06 -4.10366e-06 
1269.42 8.70989e-15 8.71291e-15 3.39481e-14 -2.26296e-14 2.8537e-14 -2.3764e-07 -5.05719e-07 
1508.64 3.61374e-17 3.59907e-17 1.42128e-16 -9.36833e-17 1.18416e-16 -1.53071e-08 -3.27904e-08 
