0 0.00551362 0.000612481 -6.50151e-19 -0.00371286 -0.000315593 -0.236675 0.308367 
0.4716 0.0053573 0.000573003 7.20803e-07 -0.00353993 -0.000482938 -0.233296 0.309221 
1.47542 0.00503644 0.000494231 6.9093e-06 -0.00318765 -0.000820236 -0.226202 0.310945 
2.77778 0.00464348 0.000402313 2.3839e-05 -0.00276151 -0.00122079 -0.217198 0.312993 
4.08014 0.00427567 0.00032146 5.00723e-05 -0.0023687 -0.00158132 -0.208419 0.314833 
5.08396 0.00400858 0.000266327 7.6159e-05 -0.0020876 -0.00183311 -0.201804 0.316112 
5.55556 0.00388786 0.000242502 9.00723e-05 -0.00196181 -0.00194383 -0.198742 0.316671 
5.55556 0.00411334 0.000271169 7.99765e-05 -0.00220158 -0.00163721 -0.198742 0.316671 
6.02716 0.00398728 0.000247324 9.52311e-05 -0.00207008 -0.00175446 -0.195673 0.31722 
7.03098 0.00372951 0.000200826 0.000131481 -0.00180407 -0.0019874 -0.189242 0.318305 
8.33333 0.00341561 0.000148761 0.00018567 -0.00148592 -0.0022572 -0.181103 0.319547 
9.63569 0.00312376 0.000105485 0.00024724 -0.00119661 -0.00249228 -0.173194 0.320604 
10.6395 0.0029131 7.77725e-05 0.000299285 -0.000992219 -0.00265102 -0.167252 0.321297 
11.1111 0.00281826 6.63682e-05 0.000325018 -0.000901544 -0.00271913 -0.164506 0.321586 
11.1111 0.00297705 8.41562e-05 0.000289587 -0.00107551 -0.00252333 -0.164506 0.321586 
11.5827 0.00287723 7.22957e-05 0.000316254 -0.00097999 -0.00259783 -0.161725 0.32188 
12.5865 0.00267387 5.03601e-05 0.00037581 -0.000788482 -0.0027423 -0.155905 0.322431 
13.8889 0.00242773 2.8264e-05 0.000458289 -0.000562853 -0.00290244 -0.148556 0.322999 
15.1912 0.00220047 1.28585e-05 0.000546024 -0.000361435 -0.00303358 -0.141432 0.323407 
16.1951 0.00203748 5.22374e-06 0.000616835 -0.000221674 -0.00311608 -0.136093 0.323614 
16.6667 0.0019644 2.83807e-06 0.000650975 -0.000160437 -0.00314951 -0.13363 0.32368 
16.6667 0.00207202 7.82682e-06 0.000581906 -0.0002818 -0.00305263 -0.13363 0.32368 
17.1383 0.00199453 4.81102e-06 0.000616365 -0.000216766 -0.0030922 -0.131108 0.32376 
18.1421 0.00183733 8.63215e-07 0.000691495 -8.81263e-05 -0.00316488 -0.125835 0.323867 
19.4444 0.00164833 4.45385e-07 0.000792184 5.99573e-05 -0.00323699 -0.119188 0.323879 
20.7468 0.00147522 4.90591e-06 0.000895963 0.000188252 -0.00328575 -0.112755 0.32375 
21.7506 0.00135197 1.13891e-05 0.000977721 0.000274587 -0.0033085 -0.107942 0.323557 
22.2222 0.00129698 1.5287e-05 0.00101659 0.000311588 -0.00331497 -0.105724 0.32344 
22.2222 0.00136612 0.000252954 0.00760927 -0.00336539 -0.00115755 -0.105724 0.32344 
22.6938 0.00140802 0.000259202 0.00775153 -0.00345855 -0.00108824 -0.107334 0.323943 
23.6976 0.0015032 0.000274222 0.00806769 -0.00367561 -0.000930661 -0.110902 0.325037 
25 0.00163984 0.000297552 0.00850574 -0.00399901 -0.000704619 -0.115833 0.326507 
26.3024 0.00179294 0.000325798 0.00897645 -0.0043755 -0.000452237 -0.121119 0.32804 
27.3062 0.00192335 0.000351371 0.00936234 -0.00470633 -0.000238293 -0.125447 0.329273 
27.7778 0.00198864 0.000364643 0.00955075 -0.00487508 -0.000131586 -0.127558 0.329869 
27.7778 0.00209187 4.34738e-06 0.00102887 0.000223258 -0.00282684 -0.127558 0.329869 
28.2494 0.00201651 6.88082e-06 0.00108029 0.00027577 -0.00284626 -0.12524 0.329796 
29.2532 0.00186408 1.40067e-05 0.00119172 0.000378291 -0.00287644 -0.120413 0.329588 
30.5556 0.00168162 2.645e-05 0.00133985 0.000493745 -0.00289436 -0.114368 0.329211 
31.8579 0.00151531 4.20633e-05 0.00149138 0.000591055 -0.00289029 -0.108565 0.328718 
32.8617 0.00139737 5.59763e-05 0.00161011 0.000654763 -0.00287341 -0.104255 0.328261 
33.3333 0.00134489 6.30149e-05 0.00166639 0.000681538 -0.00286162 -0.102279 0.328025 
33.3333 0.00141292 4.37841e-05 0.00150269 0.000598248 -0.00290136 -0.102279 0.328025 
33.8049 0.00135637 5.01927e-05 0.001558 0.000627587 -0.00289617 -0.100211 0.327819 
34.8088 0.00124243 6.48979e-05 0.00167653 0.000682993 -0.00287682 -0.0959097 0.327337 
36.1111 0.00110693 8.58839e-05 0.0018316 0.000741619 -0.00283605 -0.0905287 0.32662 
37.4135 0.000984344 0.000108677 0.00198763 0.000786697 -0.00277928 -0.0853689 0.325805 
38.4173 0.000898031 0.000127257 0.00210827 0.000813114 -0.00272565 -0.0815402 0.325113 
38.8889 0.000859796 0.000136242 0.00216499 0.000823223 -0.00269772 -0.0797854 0.324769 
38.8889 0.000902207 0.00010775 0.00195743 0.000769937 -0.00280839 -0.0797854 0.324769 
39.3605 0.00086066 0.000116346 0.00201253 0.000781423 -0.00278638 -0.0779267 0.32446 
40.3643 0.000777372 0.000135222 0.00212961 0.000800631 -0.00273362 -0.0740602 0.323762 
41.6667 0.000679148 0.000160692 0.00228081 0.000815782 -0.00265417 -0.0692234 0.322781 
42.969 0.000591189 0.000187006 0.00243084 0.00082108 -0.00256367 -0.0645853 0.321716 
43.9728 0.000529856 0.000207698 0.00254547 0.000819197 -0.00248724 -0.0611434 0.320842 
44.4445 0.000502865 0.000217506 0.00259898 0.000816685 -0.00244952 -0.0595657 0.320416 
44.4445 0.000527067 0.000182374 0.00235567 0.000785498 -0.00261407 -0.0595657 0.320416 
44.9161 0.000497573 0.000192056 0.00240707 0.000783201 -0.00258145 -0.0578751 0.320025 
45.9199 0.000438906 0.000212912 0.00251537 0.00077449 -0.00250806 -0.0543561 0.31916 
47.2222 0.000370621 0.000240329 0.00265346 0.000756134 -0.00240561 -0.0499491 0.317973 
48.5246 0.000310476 0.000267962 0.00278857 0.000730771 -0.0022961 -0.0457169 0.316716 
49.5284 0.000269222 0.000289288 0.00289051 0.000707051 -0.00220757 -0.0425714 0.315702 
50 0.000251276 0.000299289 0.00293771 0.000694787 -0.00216489 -0.0411281 0.315212 
50 0.000263084 0.000259845 0.00266901 0.000679192 -0.002367 -0.0411281 0.315212 
54.3241 0.000118195 0.00035268 0.00305782 0.00053037 -0.0019901 -0.0275672 0.310737 
64.5219 4.10118e-07 0.000553358 0.0037647 3.91333e-05 -0.00101317 -0.00162385 0.297872 
80.6252 0.00010285 0.000763569 0.00428194 -0.000727973 0.000331948 0.0257155 0.273217 
102.736 0.000311489 0.000833603 0.00410545 -0.0013237 0.00137286 0.0447521 0.235824 
131 0.00040788 0.000705472 0.00319574 -0.00139346 0.00163294 0.0512104 0.189067 
165.613 0.000338748 0.000465815 0.00199994 -0.00103189 0.00125821 0.0466691 0.139595 
206.826 0.000201506 0.000242891 0.00100752 -0.000574697 0.000712448 0.0359945 0.0944314 
254.959 9.07799e-05 0.000101139 0.000410398 -0.00024891 0.000311016 0.0241594 0.0583463 
310.415 3.19087e-05 3.39026e-05 0.000135682 -8.54397e-05 0.000107191 0.0143234 0.0328485 
373.707 8.89023e-06 9.18365e-06 3.64468e-05 -2.34721e-05 2.95115e-05 0.00756046 0.0168032 
445.484 1.97469e-06 2.00731e-06 7.92765e-06 -5.17184e-06 6.51006e-06 0.00356321 0.00777658 
526.59 3.48456e-07 3.51141e-07 1.38311e-06 -9.08662e-07 1.14447e-06 0.00149681 0.00323448 
618.138 4.81899e-08 4.83487e-08 1.90186e-07 -1.25389e-07 1.57975e-07 0.000556634 0.00119682 
721.643 5.08978e-09 5.09625e-09 2.00344e-08 -1.32301e-08 1.66706e-08 0.000180901 0.000388057 
839.258 3.93506e-10 3.93674e-10 1.5472e-09 -1.02243e-09 1.28838e-09 5.02999e-05 0.000107796 
974.224 2.08009e-11 2.08038e-11 8.17549e-11 -5.40381e-11 6.80964e-11 1.15647e-05 2.47752e-05 
1131.89 6.70054e-13 6.7004e-13 2.63309e-12 -1.74058e-12 2.19334e-12 2.07561e-06 4.44617e-06 
1322.45 1.05309e-14 1.05343e-14 4.13804e-14 -2.73604e-14 3.44803e-14 2.6021e-07 5.57276e-07 
1572.07 4.5685e-17 4.55163e-17 1.80953e-16 -1.18456e-16 1.49583e-16 1.71387e-08 3.69211e-08 
