100 96.1255 92.4011 88.8211 85.3797 82.0717 78.8918 75.8352 72.897 70.0726 67.3576 64.7479 62.2392 59.8278 57.5098 55.2816 53.1397 51.0808 49.1017 47.1992 45.3705 43.6126 41.9229 40.2986 38.7372 37.2364 35.7936 34.4068 33.0737 31.7923 30.5605 29.3764 28.2383 27.1442 26.0925 25.0815 24.1098 23.1756 22.2777 21.4145 20.5848 19.7873 19.0206 18.2837 17.5753 16.8943 16.2398 15.6106 15.0057 14.4243 13.8655 13.3282 12.8118 12.3155 11.8383 11.3796 10.9387 10.5149 10.1075 9.71589 9.33945 8.97759 8.62976 8.2954 7.974 7.66504 7.36806 7.08259 6.80818 6.54439 6.29083 6.0471 5.8128 5.58759 5.3711 5.16299 4.96295 4.77066 4.58583 4.40815 4.23736 4.07318 3.91537 3.76367 3.61784 3.47767 3.34293 3.21341 3.0889 2.96923 2.85418 2.7436 2.6373 2.53512 2.43689 2.34248 2.25172 2.16448 2.08061 2 
0 4.058108 4.008961 0
1 4.056119 4.005829 0
2 4.054082 4.002513 0
3 4.051989 3.998985 0
4 4.049835 3.995212 0
5 4.047610 3.991158 0
6 4.045307 3.986783 0
7 4.042914 3.982045 0
8 4.040419 3.976896 0
9 4.037808 3.971284 0
10 4.035068 3.965154 0
11 4.032180 3.958446 0
12 4.029125 3.951099 0
13 4.025884 3.943046 0
14 4.022433 3.934216 0
15 4.018747 3.924537 0
16 4.014800 3.913936 0
17 4.010560 3.902336 0
18 4.005998 3.889662 0
19 4.001080 3.875841 0
20 3.995769 3.860800 0
21 3.990027 3.844476 0
22 3.983817 3.826812 0
23 3.977096 3.807762 0
24 3.969825 3.787297 0
25 3.961962 3.765408 0
26 3.953467 3.742110 0
27 3.944303 3.717446 0
28 3.934434 3.691495 0
29 3.923831 3.664375 0
30 3.912471 3.636245 0
31 3.900339 3.607308 0
32 3.887432 3.577811 0
33 3.873757 3.548040 0
34 3.859337 3.518314 0
35 3.844208 3.488973 0
36 3.828424 3.460366 0
37 3.812051 3.432833 0
38 3.795172 3.406690 0
39 3.777881 3.382211 0
40 3.760280 3.359615 0
41 3.742476 3.339057 0
42 3.724582 3.320623 0
43 3.706703 3.304330 0
44 3.688942 3.290132 0
45 3.671394 3.277932 0
46 3.654140 3.267587 0
47 3.637252 3.258930 0
48 3.620787 3.251772 0
49 3.604792 3.245921 0
50 3.589299 3.241188 0
51 3.574331 3.237395 0
52 3.559902 3.234377 0
53 3.546016 3.231988 0
54 3.532671 3.230103 0
55 3.519861 3.228614 0
55 4.495199 4.349941 1
56 3.507573 3.227433 0
56 4.488460 4.302050 1
57 3.495794 3.226488 0
57 4.479885 4.251560 1
58 3.484507 3.225722 0
58 4.469488 4.200958 1
59 3.473695 3.225090 0
59 4.457340 4.151028 1
60 3.463339 3.224558 0
60 4.443524 4.101919 1
61 3.453421 3.224101 0
61 4.428126 4.053809 1
62 3.443921 3.223700 0
62 4.411247 4.007095 1
63 3.434821 3.223342 0
63 4.393010 3.962363 1
64 3.426105 3.223016 0
64 4.373570 3.920278 1
65 3.417754 3.222716 0
65 4.353110 3.881460 1
66 3.409753 3.222437 0
66 4.331838 3.846378 1
67 3.402085 3.222176 0
67 4.309976 3.815282 1
68 3.394736 3.221931 0
68 4.287745 3.788195 1
69 3.387691 3.221700 0
69 4.265357 3.764937 1
70 3.380937 3.221481 0
70 4.242999 3.745176 1
71 3.374461 3.221275 0
71 4.220832 3.728490 1
72 3.368251 3.221079 0
72 4.198989 3.714421 1
73 3.362295 3.220894 0
73 4.177570 3.702522 1
74 3.356582 3.220718 0
74 4.156649 3.692377 1
74 4.493897 4.241397 2
75 3.351101 3.220552 0
75 4.136278 3.683627 1
75 4.481118 4.132530 2
76 3.345843 3.220396 0
76 4.116488 3.675968 1
76 4.464366 4.042476 2
77 3.340797 3.220247 0
77 4.097295 3.669153 1
77 4.444611 3.970751 2
78 3.335956 3.220107 0
78 4.078703 3.662991 1
78 4.422702 3.913456 2
79 3.331310 3.219974 0
79 4.060709 3.657333 1
79 4.399338 3.867774 2
80 3.326850 3.219849 0
80 4.043304 3.652069 1
80 4.375092 3.831575 2
81 3.322570 3.219731 0
81 4.026472 3.647117 1
81 4.350428 3.803037 2
82 3.318461 3.219619 0
82 4.010199 3.642421 1
82 4.325709 3.780549 2
83 3.314516 3.219513 0
83 3.994466 3.637939 1
83 4.301207 3.762718 2
84 3.310729 3.219414 0
84 3.979255 3.633643 1
84 4.277114 3.748381 2
84 4.497965 4.233311 3
85 3.307092 3.219320 0
85 3.964548 3.629513 1
85 4.253561 3.736610 2
85 4.483548 4.079685 3
86 3.303601 3.219232 0
86 3.950327 3.625534 1
86 4.230627 3.726688 2
86 4.463709 3.973241 3
87 3.300248 3.219148 0
87 3.936574 3.621696 1
87 4.208358 3.718081 2
87 4.440611 3.902753 3
88 3.297028 3.219070 0
88 3.923273 3.617992 1
88 4.186774 3.710406 2
88 4.415731 3.854214 3
89 3.293936 3.218996 0
89 3.910406 3.614413 1
89 4.165876 3.703395 2
89 4.390023 3.819880 3
90 3.290966 3.218926 0
90 3.897959 3.610955 1
90 4.145655 3.696868 2
90 4.364114 3.795048 3
91 3.288113 3.218861 0
91 3.885916 3.607613 1
91 4.126096 3.690706 2
91 4.338412 3.776604 3
92 3.285374 3.218799 0
92 3.874263 3.604381 1
92 4.107180 3.684833 2
92 4.313174 3.762414 3
92 4.486652 4.058184 4
93 3.282742 3.218741 0
93 3.862986 3.601257 1
93 4.088885 3.679203 2
93 4.288551 3.751021 3
93 4.465235 3.939716 4
94 3.280214 3.218687 0
94 3.852071 3.598235 1
94 4.071190 3.673784 2
94 4.264623 3.741447 3
94 4.440447 3.872502 4
95 3.277785 3.218636 0
95 3.841506 3.595312 1
95 4.054073 3.668559 2
95 4.241428 3.733051 3
95 4.414218 3.830940 4
96 3.275452 3.218588 0
96 3.831278 3.592484 1
96 4.037514 3.663513 2
96 4.218974 3.725427 3
96 4.387583 3.803602 4
97 3.273210 3.218542 0
97 3.821375 3.589748 1
97 4.021491 3.658637 2
97 4.197251 3.718327 3
97 4.361121 3.784606 4
97 4.496742 4.139407 5
98 3.271057 3.218500 0
98 3.811787 3.587100 1
98 4.005986 3.653922 2
98 4.176242 3.711606 3
98 4.335157 3.770579 4
98 4.477126 3.962859 5
99 3.268987 3.218460 0
99 3.802502 3.584538 1
99 3.990980 3.649363 2
99 4.155926 3.705179 3
99 4.309860 3.759507 4
99 4.452373 3.878199 5
