100.000000 96.125500 92.401100 88.821100 85.379700 82.071700 78.891800 75.835200 72.897000 70.072600 67.357600 64.747900 62.239200 59.827800 57.509800 55.281600 53.139700 51.080800 49.101700 47.199200 45.370500 43.612600 41.922900 40.298600 38.737200 37.236400 35.793600 34.406800 33.073700 31.792300 30.560500 29.376400 28.238300 27.144200 26.092500 25.081500 24.109800 23.175600 22.277700 21.414500 20.584800 19.787300 19.020600 18.283700 17.575300 16.894300 16.239800 15.610600 15.005700 14.424300 13.865500 13.328200 12.811800 12.315500 11.838300 11.379600 10.938700 10.514900 10.107500 9.715890 9.339450 8.977590 8.629760 8.295400 7.974000 7.665040 7.368060 7.082590 6.808180 6.544390 6.290830 6.047100 5.812800 5.587590 5.371100 5.162990 4.962950 4.770660 4.585830 4.408150 4.237360 4.073180 3.915370 3.763670 3.617840 3.477670 3.342930 3.213410 3.088900 2.969230 2.854180 2.743600 2.637300 2.535120 2.436890 2.342480 2.251720 2.164480 2.080610 2.000000 
0 4.05744 4.00788 0
1 4.05543 4.00466 0
2 4.05337 4.00124 0
3 4.05126 3.99769 0
4 4.04909 3.99384 0
5 4.04684 3.98963 0
6 4.04451 3.98527 0
7 4.04209 3.98055 0
8 4.03957 3.97531 0
9 4.03693 3.96966 0
10 4.03415 3.96338 0
11 4.03123 3.95646 0
12 4.02813 3.94905 0
13 4.02485 3.94089 0
14 4.02135 3.93206 0
15 4.01761 3.92221 0
16 4.01361 3.91119 0
17 4.00931 3.89956 0
18 4.00468 3.88661 0
19 3.99969 3.8726 0
20 3.99429 3.85723 0
21 3.98846 3.84069 0
22 3.98216 3.82289 0
23 3.97533 3.80355 0
24 3.96795 3.78277 0
25 3.95996 3.76039 0
26 3.95134 3.73686 0
27 3.94203 3.71194 0
28 3.93201 3.68565 0
29 3.92125 3.65816 0
30 3.90972 3.62962 0
31 3.89742 3.60057 0
32 3.88433 3.57084 0
33 3.87048 3.5409 0
34 3.85587 3.51104 0
35 3.84056 3.48165 0
36 3.8246 3.45293 0
37 3.80805 3.42542 0
38 3.79101 3.39942 0
39 3.77356 3.3748 0
40 3.75582 3.35251 0
41 3.73789 3.33213 0
42 3.71988 3.31391 0
43 3.70191 3.29785 0
44 3.68407 3.2839 0
45 3.66646 3.27185 0
46 3.64915 3.26188 0
47 3.63223 3.25339 0
48 3.61574 3.24643 0
49 3.59972 3.24064 0
50 3.58422 3.23607 0
51 3.56925 3.23234 0
52 3.55482 3.22942 0
53 3.54095 3.22712 0
54 3.52761 3.22528 0
55 3.51481 3.22393 0
56 3.50254 3.22271 0
57 3.49078 3.22183 0
58 3.4795 3.22109 0
59 3.46871 3.22039 0
60 3.45837 3.21995 0
61 3.44846 3.21955 0
62 3.43898 3.21914 0
63 3.4299 3.21877 0
64 3.42119 3.21841 0
65 3.41286 3.21802 0
66 3.40487 3.2179 0
67 3.39721 3.21758 0
68 3.38988 3.21725 0
69 3.38285 3.21727 0
70 3.3761 3.21697 0
71 3.36964 3.21682 0
72 3.36344 3.21659 0
73 3.35749 3.21634 0
74 3.35179 3.21627 0
75 3.34632 3.21612 0
76 3.34108 3.21589 0
77 3.33604 3.2157 0
78 3.33121 3.21557 0
79 3.32657 3.21539 0
80 3.32212 3.21532 0
81 3.31785 3.21517 0
82 3.31375 3.21515 0
83 3.30982 3.21502 0
84 3.30604 3.21495 0
85 3.30241 3.21475 0
86 3.29893 3.21467 0
87 3.29558 3.2147 0
88 3.29237 3.21473 0
89 3.28929 3.2147 0
90 3.28633 3.21463 0
91 3.28349 3.21451 0
92 3.28076 3.21434 0
93 3.27814 3.21433 0
94 3.27562 3.21434 0
95 3.2732 3.21428 0
96 3.27087 3.21425 0
97 3.26864 3.21421 0
98 3.26649 3.21417 0
99 3.26443 3.21415 0
0 0 0 1
1 0 0 1
2 0 0 1
3 0 0 1
4 0 0 1
5 0 0 1
6 0 0 1
7 0 0 1
8 0 0 1
9 0 0 1
10 0 0 1
11 0 0 1
12 0 0 1
13 0 0 1
14 0 0 1
15 0 0 1
16 0 0 1
17 0 0 1
18 0 0 1
19 0 0 1
20 0 0 1
21 0 0 1
22 0 0 1
23 0 0 1
24 0 0 1
25 0 0 1
26 0 0 1
27 0 0 1
28 0 0 1
29 0 0 1
30 0 0 1
31 0 0 1
32 0 0 1
33 0 0 1
34 0 0 1
35 0 0 1
36 0 0 1
37 0 0 1
38 0 0 1
39 0 0 1
40 0 0 1
41 0 0 1
42 0 0 1
43 0 0 1
44 0 0 1
45 0 0 1
46 0 0 1
47 0 0 1
48 0 0 1
49 0 0 1
50 0 0 1
51 0 0 1
52 0 0 1
53 0 0 1
54 0 0 1
55 0 0 1
56 0 0 1
57 0 0 1
58 0 0 1
59 0 0 1
60 0 0 1
61 0 0 1
62 0 0 1
63 0 0 1
64 0 0 1
65 0 0 1
66 0 0 1
67 0 0 1
68 0 0 1
69 0 0 1
70 0 0 1
71 0 0 1
72 0 0 1
73 0 0 1
74 0 0 1
75 0 0 1
76 0 0 1
77 0 0 1
78 0 0 1
79 0 0 1
80 0 0 1
81 0 0 1
82 0 0 1
83 0 0 1
84 0 0 1
85 0 0 1
86 0 0 1
87 0 0 1
88 0 0 1
89 0 0 1
90 0 0 1
91 0 0 1
92 0 0 1
93 0 0 1
94 0 0 1
95 0 0 1
96 0 0 1
97 0 0 1
98 0 0 1
99 0 0 1
0 0 0 2
1 0 0 2
2 0 0 2
3 0 0 2
4 0 0 2
5 0 0 2
6 0 0 2
7 0 0 2
8 0 0 2
9 0 0 2
10 0 0 2
11 0 0 2
12 0 0 2
13 0 0 2
14 0 0 2
15 0 0 2
16 0 0 2
17 0 0 2
18 0 0 2
19 0 0 2
20 0 0 2
21 0 0 2
22 0 0 2
23 0 0 2
24 0 0 2
25 0 0 2
26 0 0 2
27 0 0 2
28 0 0 2
29 0 0 2
30 0 0 2
31 0 0 2
32 0 0 2
33 0 0 2
34 0 0 2
35 0 0 2
36 0 0 2
37 0 0 2
38 0 0 2
39 0 0 2
40 0 0 2
41 0 0 2
42 0 0 2
43 0 0 2
44 0 0 2
45 0 0 2
46 0 0 2
47 0 0 2
48 0 0 2
49 0 0 2
50 0 0 2
51 0 0 2
52 0 0 2
53 0 0 2
54 0 0 2
55 0 0 2
56 0 0 2
57 0 0 2
58 0 0 2
59 0 0 2
60 0 0 2
61 0 0 2
62 0 0 2
63 0 0 2
64 0 0 2
65 0 0 2
66 0 0 2
67 0 0 2
68 0 0 2
69 0 0 2
70 0 0 2
71 0 0 2
72 0 0 2
73 0 0 2
74 0 0 2
75 0 0 2
76 0 0 2
77 0 0 2
78 0 0 2
79 0 0 2
80 0 0 2
81 0 0 2
82 0 0 2
83 0 0 2
84 0 0 2
85 0 0 2
86 0 0 2
87 0 0 2
88 0 0 2
89 0 0 2
90 0 0 2
91 0 0 2
92 0 0 2
93 0 0 2
94 0 0 2
95 0 0 2
96 0 0 2
97 0 0 2
98 0 0 2
99 0 0 2
0 0 0 3
1 0 0 3
2 0 0 3
3 0 0 3
4 0 0 3
5 0 0 3
6 0 0 3
7 0 0 3
8 0 0 3
9 0 0 3
10 0 0 3
11 0 0 3
12 0 0 3
13 0 0 3
14 0 0 3
15 0 0 3
16 0 0 3
17 0 0 3
18 0 0 3
19 0 0 3
20 0 0 3
21 0 0 3
22 0 0 3
23 0 0 3
24 0 0 3
25 0 0 3
26 0 0 3
27 0 0 3
28 0 0 3
29 0 0 3
30 0 0 3
31 0 0 3
32 0 0 3
33 0 0 3
34 0 0 3
35 0 0 3
36 0 0 3
37 0 0 3
38 0 0 3
39 0 0 3
40 0 0 3
41 0 0 3
42 0 0 3
43 0 0 3
44 0 0 3
45 0 0 3
46 0 0 3
47 0 0 3
48 0 0 3
49 0 0 3
50 0 0 3
51 0 0 3
52 0 0 3
53 0 0 3
54 0 0 3
55 0 0 3
56 0 0 3
57 0 0 3
58 0 0 3
59 0 0 3
60 0 0 3
61 0 0 3
62 0 0 3
63 0 0 3
64 0 0 3
65 0 0 3
66 0 0 3
67 0 0 3
68 0 0 3
69 0 0 3
70 0 0 3
71 0 0 3
72 0 0 3
73 0 0 3
74 0 0 3
75 0 0 3
76 0 0 3
77 0 0 3
78 0 0 3
79 0 0 3
80 0 0 3
81 0 0 3
82 0 0 3
83 0 0 3
84 0 0 3
85 0 0 3
86 0 0 3
87 0 0 3
88 0 0 3
89 0 0 3
90 0 0 3
91 0 0 3
92 0 0 3
93 0 0 3
94 0 0 3
95 0 0 3
96 0 0 3
97 0 0 3
98 0 0 3
99 0 0 3
