100
0.505051 2.529022 3.187500 3.187500 5.520750 5.520750 1.
0.505051 2.543117 3.210100 3.210100 5.559893 5.559893 1.
0.505051 2.557054 3.232444 3.232444 5.598594 5.598594 1.
0.505051 2.570831 3.254534 3.254534 5.636853 5.636853 1.
0.505051 2.584449 3.276368 3.276368 5.674670 5.674670 1.
0.505051 2.597908 3.297948 3.297948 5.712046 5.712046 1.
0.505051 2.611208 3.319272 3.319272 5.748980 5.748980 1.
0.505051 2.624348 3.340342 3.340342 5.785472 5.785472 1.
0.505051 2.637330 3.361156 3.361156 5.821522 5.821522 1.
0.505051 2.650153 3.381715 3.381715 5.857130 5.857130 1.
0.505051 2.662816 3.402019 3.402019 5.892297 5.892297 1.
0.505051 2.675320 3.422068 3.422068 5.927022 5.927022 1.
0.505051 2.687666 3.441862 3.441862 5.961305 5.961305 1.
0.505051 2.699852 3.461401 3.461401 5.995146 5.995146 1.
0.505051 2.711879 3.480684 3.480684 6.028545 6.028545 1.
0.505051 2.723747 3.499713 3.499713 6.061503 6.061503 1.
0.505051 2.735456 3.518487 3.518487 6.094019 6.094019 1.
0.505051 2.747006 3.537005 3.537005 6.126093 6.126093 1.
0.505051 2.758397 3.555269 3.555269 6.157725 6.157725 1.
0.505051 2.769629 3.573277 3.573277 6.188916 6.188916 1.
0.505051 2.780701 3.591030 3.591030 6.219664 6.219664 1.
0.505051 2.791615 3.608528 3.608528 6.249971 6.249971 1.
0.505051 2.802369 3.625772 3.625772 6.279836 6.279836 1.
0.505051 2.812964 3.642760 3.642760 6.309260 6.309260 1.
0.505051 2.823401 3.659493 3.659493 6.338241 6.338241 1.
0.505051 2.833678 3.675971 3.675971 6.366781 6.366781 1.
0.505051 2.843796 3.692193 3.692193 6.394879 6.394879 1.
0.505051 2.853755 3.708161 3.708161 6.422535 6.422535 1.
0.505051 2.863555 3.723874 3.723874 6.449749 6.449749 1.
0.505051 2.873196 3.739331 3.739331 6.476522 6.476522 1.
0.505051 2.882677 3.754534 3.754534 6.502853 6.502853 1.
0.505051 2.892000 3.769481 3.769481 6.528742 6.528742 1.
0.505051 2.901163 3.784174 3.784174 6.554189 6.554189 1.
0.505051 2.910168 3.798611 3.798611 6.579194 6.579194 1.
0.505051 2.919013 3.812793 3.812793 6.603758 6.603758 1.
0.505051 2.927700 3.826720 3.826720 6.627880 6.627880 1.
0.505051 2.936227 3.840393 3.840393 6.651560 6.651560 1.
0.505051 2.944595 3.853810 3.853810 6.674798 6.674798 1.
0.505051 2.952804 3.866971 3.866971 6.697595 6.697595 1.
0.505051 2.960854 3.879878 3.879878 6.719949 6.719949 1.
0.505051 2.968745 3.892530 3.892530 6.741862 6.741862 1.
0.505051 2.976476 3.904927 3.904927 6.763333 6.763333 1.
0.505051 2.984049 3.917068 3.917068 6.784362 6.784362 1.
0.505051 2.991462 3.928955 3.928955 6.804950 6.804950 1.
0.505051 2.998717 3.940586 3.940586 6.825096 6.825096 1.
0.505051 3.005812 3.951963 3.951963 6.844800 6.844800 1.
0.505051 3.012749 3.963084 3.963084 6.864062 6.864062 1.
0.505051 3.019526 3.973950 3.973950 6.882882 6.882882 1.
0.505051 3.026144 3.984562 3.984562 6.901261 6.901261 1.
0.505051 3.032603 3.994918 3.994918 6.919197 6.919197 1.
0.505051 3.038903 4.005019 4.005019 6.936692 6.936692 1.
0.505051 3.045044 4.014865 4.014865 6.953745 6.953745 1.
0.505051 3.051025 4.024455 4.024455 6.970357 6.970357 1.
0.505051 3.056848 4.033791 4.033791 6.986526 6.986526 1.
0.505051 3.062512 4.042872 4.042872 7.002254 7.002254 1.
0.505051 3.068016 4.051698 4.051698 7.017540 7.017540 1.
0.505051 3.073362 4.060268 4.060268 7.032384 7.032384 1.
0.505051 3.078548 4.068584 4.068584 7.046787 7.046787 1.
0.505051 3.083575 4.076644 4.076644 7.060747 7.060747 1.
0.505051 3.088443 4.084449 4.084449 7.074266 7.074266 1.
0.505051 3.093152 4.092000 4.092000 7.087343 7.087343 1.
0.505051 3.097702 4.099295 4.099295 7.099978 7.099978 1.
0.505051 3.102093 4.106335 4.106335 7.112172 7.112172 1.
0.505051 3.106325 4.113120 4.113120 7.123924 7.123924 1.
0.505051 3.110398 4.119650 4.119650 7.135233 7.135233 1.
0.505051 3.114311 4.125925 4.125925 7.146101 7.146101 1.
0.505051 3.118066 4.131944 4.131944 7.156528 7.156528 1.
0.505051 3.121661 4.137709 4.137709 7.166512 7.166512 1.
0.505051 3.125097 4.143219 4.143219 7.176055 7.176055 1.
0.505051 3.128375 4.148473 4.148473 7.185156 7.185156 1.
0.505051 3.131493 4.153473 4.153473 7.193815 7.193815 1.
0.505051 3.134452 4.158217 4.158217 7.202032 7.202032 1.
0.505051 3.137252 4.162707 4.162707 7.209808 7.209808 1.
0.505051 3.139893 4.166941 4.166941 7.217142 7.217142 1.
0.505051 3.142374 4.170920 4.170920 7.224034 7.224034 1.
0.505051 3.144697 4.174644 4.174644 7.230484 7.230484 1.
0.505051 3.146861 4.178113 4.178113 7.236492 7.236492 1.
0.505051 3.148865 4.181327 4.181327 7.242059 7.242059 1.
0.505051 3.150711 4.184286 4.184286 7.247183 7.247183 1.
0.505051 3.152397 4.186990 4.186990 7.251866 7.251866 1.
0.505051 3.153924 4.189439 4.189439 7.256108 7.256108 1.
0.505051 3.155293 4.191632 4.191632 7.259907 7.259907 1.
0.505051 3.156502 4.193571 4.193571 7.263265 7.263265 1.
0.505051 3.157552 4.195254 4.195254 7.266180 7.266180 1.
0.505051 3.158442 4.196683 4.196683 7.268654 7.268654 1.
0.505051 3.159174 4.197856 4.197856 7.270687 7.270687 1.
0.505051 3.159747 4.198774 4.198774 7.272277 7.272277 1.
0.505051 3.160161 4.199438 4.199438 7.273426 7.273426 1.
0.505051 3.160415 4.199846 4.199846 7.274133 7.274133 1.
0.505051 3.160511 4.199999 4.199999 7.274398 7.274398 1.
0.505051 3.160447 4.199897 4.199897 7.274221 7.274221 1.
0.505051 3.160224 4.199540 4.199540 7.273603 7.273603 1.
0.505051 3.159842 4.198927 4.198927 7.272542 7.272542 1.
0.505051 3.159302 4.198060 4.198060 7.271040 7.271040 1.
0.505051 3.158602 4.196938 4.196938 7.269096 7.269096 1.
0.505051 3.157742 4.195560 4.195560 7.266711 7.266711 1.
0.505051 3.156724 4.193928 4.193928 7.263883 7.263883 1.
0.505051 3.155547 4.192040 4.192040 7.260614 7.260614 1.
0.505051 3.154211 4.189898 4.189898 7.256903 7.256903 1.
0.000000 3.152715 4.187500 4.187500 7.252750 7.252750 1.
