10
5.0 1.000000 1.500000 1.500000 0.000000 0.000000 1.
12.5 2.197252 4.599422 4.599422 2.655556 2.655556 1.
5.7 2.294271 4.868844 4.868844 2.811111 2.811111 1.
7.777778 2.391290 5.138267 5.138267 2.966667 2.966667 1.
7.777778 2.488309 5.407689 5.407689 3.122222 3.122222 1.
7.777778 2.585328 5.677111 5.677111 3.277778 3.277778 1.
7.777778 2.682347 5.946533 5.946533 3.433333 3.433333 1.
7.777778 2.779366 6.215956 6.215956 3.588889 3.588889 1.
30. 2.876385 6.485378 6.485378 3.744444 3.744444 1.
0.000000 2.973403 6.754800 6.754800 3.900000 3.900000 1.
