100.000000 93.915600 88.201400 82.834800 77.794800 73.061500 68.616100 64.441200 60.520300 56.838000 53.379800 50.131900 47.081700 44.217100 41.526700 39.000000 36.627100 34.398600 32.305600 30.340000 28.494000 26.760300 25.132100 23.603000 22.166900 20.818100 19.551500 18.361900 17.244700 16.195400 15.210000 14.284600 13.415500 12.599200 11.832600 11.112700 10.436500 9.801530 9.205170 8.645090 8.119080 7.625090 7.161140 6.725430 6.316230 5.931920 5.571000 5.232040 4.913700 4.614730 4.333950 4.070250 3.822600 3.590020 3.371590 3.166450 2.973790 2.792850 2.622920 2.463330 2.313450 2.172690 2.040500 1.916340 1.799750 1.690240 1.587400 1.490820 1.400110 1.314920 1.234920 1.159780 1.089210 1.022940 0.960701 0.902248 0.847351 0.795795 0.747375 0.701902 0.659195 0.619087 0.581419 0.546043 0.512820 0.481618 0.452314 0.424793 0.398947 0.374674 0.351877 0.330467 0.310360 0.291477 0.273742 0.257086 0.241444 0.226754 0.212957 0.200000 
0 3.40321 3.24658 0
1 3.39237 3.22002 0
2 3.38037 3.19024 0
3 3.36701 3.15636 0
4 3.35208 3.11804 0
5 3.33535 3.07505 0
6 3.31655 3.02695 0
7 3.29542 2.97353 0
8 3.27167 2.91487 0
9 3.24505 2.85101 0
10 3.2153 2.78253 0
11 3.18224 2.71067 0
12 3.14578 2.63627 0
13 3.10594 2.56097 0
14 3.06287 2.48645 0
15 3.01692 2.41439 0
16 2.96854 2.34656 0
17 2.91833 2.28384 0
18 2.86696 2.22662 0
19 2.81503 2.17495 0
20 2.7631 2.12766 0
21 2.71152 2.08332 0
22 2.66047 2.04021 0
23 2.60992 1.99631 0
24 2.55967 1.95013 0
25 2.50934 1.90001 0
26 2.45845 1.84458 0
27 2.40642 1.78311 0
28 2.35262 1.71501 0
29 2.29641 1.64084 0
30 2.23731 1.5626 0
31 2.17517 1.48422 0
32 2.11047 1.41124 0
33 2.04446 1.34995 0
34 1.97914 1.30473 0
35 1.91671 1.27663 0
36 1.85898 1.26392 0
37 1.80705 1.2629 0
38 1.76124 1.26993 0
39 1.72137 1.28181 0
40 1.68694 1.29641 0
41 1.65735 1.31206 0
42 1.63199 1.32796 0
43 1.61026 1.34334 0
44 1.59165 1.35786 0
45 1.57572 1.37143 0
46 1.56206 1.38388 0
47 1.55036 1.39522 0
48 1.54034 1.40558 0
49 1.53174 1.41485 0
50 1.52438 1.42316 0
51 1.51808 1.43077 0
52 1.5127 1.43733 0
53 1.5081 1.44335 0
54 1.50417 1.44843 0
55 1.50083 1.45337 0
56 1.49799 1.45757 0
57 1.49559 1.46122 0
58 1.49356 1.46449 0
59 1.49185 1.46737 0
60 1.49042 1.4698 0
61 1.48923 1.47202 0
62 1.48824 1.47396 0
63 1.48742 1.47556 0
64 1.48675 1.47709 0
65 1.48621 1.47836 0
66 1.48577 1.47944 0
67 1.48542 1.48035 0
68 1.48514 1.48125 0
69 1.48492 1.48167 0
70 1.48476 1.48231 0
71 1.48463 1.48275 0
72 1.48453 1.48312 0
73 1.48446 1.48338 0
74 1.48441 1.48364 0
75 1.48438 1.4838 0
76 1.48435 1.48393 0
77 1.48433 1.48402 0
78 1.48432 1.48407 0
79 1.48432 1.4841 0
80 1.48431 1.48414 0
81 1.48431 1.48416 0
82 1.48431 1.48417 0
83 1.48431 1.48417 0
84 1.48431 1.48419 0
85 1.48431 1.48418 0
86 1.48431 1.48418 0
87 1.48431 1.48419 0
88 1.48431 1.48419 0
89 1.48431 1.48419 0
90 1.48431 1.48419 0
91 1.48431 1.48418 0
92 1.48431 1.48419 0
93 1.48431 1.48419 0
94 1.48431 1.48419 0
95 1.48431 1.4842 0
96 1.48431 1.48419 0
97 1.48431 1.48418 0
98 1.48431 1.48419 0
99 1.48431 1.48421 0
0 0 0 1
1 0 0 1
2 0 0 1
3 0 0 1
4 0 0 1
5 0 0 1
6 0 0 1
7 0 0 1
8 0 0 1
9 0 0 1
10 0 0 1
11 0 0 1
12 0 0 1
13 0 0 1
14 0 0 1
15 0 0 1
16 0 0 1
17 0 0 1
18 0 0 1
19 0 0 1
20 3.89286 3.68594 1
21 3.87412 3.53718 1
22 3.84752 3.42697 1
23 3.81541 3.33709 1
24 3.77921 3.2586 1
25 3.73973 3.18378 1
26 3.69724 3.10775 1
27 3.65157 3.02559 1
28 3.60214 2.93265 1
29 3.54807 2.82748 1
30 3.48823 2.70727 1
31 3.42127 2.57088 1
32 3.34555 2.4164 1
33 3.25916 2.24672 1
34 3.16147 2.08465 1
35 3.05664 1.97253 1
36 2.95414 1.93263 1
37 2.86257 1.94603 1
38 2.78507 1.9845 1
39 2.72086 2.02862 1
40 2.6677 2.06904 1
41 2.62324 2.10215 1
42 2.58545 2.12648 1
43 2.55265 2.14109 1
44 2.5234 2.14562 1
45 2.49646 2.1388 1
46 2.47058 2.11861 1
47 2.44445 2.08123 1
48 2.4164 2.0207 1
49 2.38413 1.92811 1
50 2.34428 1.79428 1
51 2.29224 1.61926 1
52 2.2238 1.4339 1
53 2.14052 1.29444 1
54 2.05224 1.22598 1
55 1.96955 1.2092 1
56 1.89747 1.21858 1
57 1.8366 1.23893 1
58 1.78572 1.26288 1
59 1.74325 1.28705 1
60 1.70769 1.30999 1
61 1.67778 1.3311 1
62 1.65253 1.35032 1
63 1.63111 1.36757 1
64 1.61287 1.38299 1
65 1.59729 1.39672 1
66 1.58395 1.40891 1
67 1.57248 1.41972 1
68 1.56262 1.42939 1
69 1.55412 1.43789 1
70 1.54679 1.44516 1
71 1.54045 1.45209 1
72 1.53498 1.45781 1
73 1.53024 1.46327 1
74 1.52615 1.46775 1
75 1.52261 1.47195 1
76 1.51955 1.47545 1
77 1.5169 1.47864 1
78 1.51461 1.48158 1
79 1.51264 1.48398 1
80 1.51093 1.48612 1
81 1.50946 1.48784 1
82 1.50819 1.48969 1
83 1.50709 1.49101 1
84 1.50614 1.49235 1
85 1.50532 1.49347 1
86 1.50462 1.49425 1
87 1.50401 1.49496 1
88 1.50348 1.49575 1
89 1.50302 1.49621 1
90 1.50263 1.49672 1
91 1.50229 1.49712 1
92 1.50199 1.49763 1
93 1.50174 1.49795 1
94 1.50151 1.49832 1
95 1.50132 1.49861 1
96 1.50115 1.49874 1
97 1.50896 3.14642 1
98 1.50785 1.49132 1
99 1.50688 1.49244 1
0 0 0 2
1 0 0 2
2 0 0 2
3 0 0 2
4 0 0 2
5 0 0 2
6 0 0 2
7 0 0 2
8 0 0 2
9 0 0 2
10 0 0 2
11 0 0 2
12 0 0 2
13 0 0 2
14 0 0 2
15 0 0 2
16 0 0 2
17 0 0 2
18 0 0 2
19 0 0 2
20 0 0 2
21 0 0 2
22 0 0 2
23 0 0 2
24 0 0 2
25 0 0 2
26 0 0 2
27 0 0 2
28 0 0 2
29 0 0 2
30 0 3.74438 2
31 3.87319 3.33979 2
32 3.82345 3.05809 2
33 3.75322 2.7963 2
34 3.66239 2.55336 2
35 3.55888 2.43185 2
36 3.46108 2.44394 2
37 3.37886 2.50157 2
38 3.31115 2.55363 2
39 3.25432 2.58916 2
40 3.20536 2.61175 2
41 3.16224 2.62407 2
42 3.12356 2.62988 2
43 3.08835 2.63058 2
44 3.05587 2.62715 2
45 3.02556 2.6202 2
46 2.99691 2.60898 2
47 2.96945 2.59318 2
48 2.94268 2.57196 2
49 2.91593 2.53994 2
50 2.88792 2.48478 2
51 2.85543 2.36575 2
52 2.80798 2.0755 2
53 2.72781 1.77504 2
54 2.64115 1.80394 2
55 2.57495 1.90576 2
56 2.52462 1.96317 2
57 2.48182 1.96077 2
58 2.43965 1.89423 2
59 2.391 1.75158 2
60 2.32671 1.53458 2
61 2.23926 1.31829 2
62 2.13623 1.20194 2
63 2.03637 1.17466 2
64 1.95011 1.18717 2
65 1.87861 1.21308 2
66 1.81989 1.24205 2
67 1.77156 1.27031 2
68 1.73152 1.29648 2
69 1.69813 1.32014 2
70 1.6701 1.34134 2
71 1.64644 1.36006 2
72 1.62635 1.37669 2
73 1.60923 1.39142 2
74 1.59458 1.40447 2
75 1.582 1.41582 2
76 1.57117 1.42598 2
77 1.56183 1.43489 2
78 1.55375 1.4427 2
79 1.54676 1.44964 2
80 1.54069 1.45567 2
81 1.53543 1.46113 2
82 1.53086 1.46579 2
83 1.52688 1.47 2
84 1.52343 1.47369 2
85 1.52042 1.47693 2
86 1.5178 1.47992 2
87 1.51553 1.48249 2
88 1.51354 1.48452 2
89 1.51182 1.48668 2
90 1.51031 1.48817 2
91 1.509 2.66124 2
92 1.50786 2.42479 2
93 1.50686 2.24964 2
94 1.506 1.00538 2
95 1.50524 1.04761 2
96 1.50458 1.08791 2
97 1.51586 6.60143 2
98 1.5139 2.44456 2
99 1.51218 2.26978 2
0 0 0 3
1 0 0 3
2 0 0 3
3 0 0 3
4 0 0 3
5 0 0 3
6 0 0 3
7 0 0 3
8 0 0 3
9 0 0 3
10 0 0 3
11 0 0 3
12 0 0 3
13 0 0 3
14 0 0 3
15 0 0 3
16 0 0 3
17 0 0 3
18 0 0 3
19 0 0 3
20 0 0 3
21 0 0 3
22 0 0 3
23 0 0 3
24 0 0 3
25 0 0 3
26 0 0 3
27 0 0 3
28 0 0 3
29 0 0 3
30 0 0 3
31 0 0 3
32 0 0 3
33 0 0 3
34 0 0 3
35 3.88415 3.30711 3
36 3.83187 3.10582 3
37 3.77626 3.06995 3
38 3.72257 3.0324 3
39 3.66933 2.97812 3
40 3.6156 2.92113 3
41 3.56172 2.87288 3
42 3.50875 2.83671 3
43 3.45762 2.81026 3
44 3.40883 2.78849 3
45 3.36241 2.76824 3
46 3.31811 2.74624 3
47 3.27549 2.72036 3
48 3.23393 2.68731 3
49 3.19237 2.63775 3
50 3.14835 2.54284 3
51 3.0933 2.29163 3
52 3.00137 1.88282 3
53 2.90597 2.1134 3
54 2.85709 2.38309 3
55 2.82747 2.47458 3
56 2.80462 2.50687 3
57 2.78505 2.51919 3
58 2.76741 2.52045 3
59 2.75061 2.50455 3
60 2.73181 2.41244 3
61 2.69139 1.88347 3
62 2.60082 1.6929 3
63 2.52598 1.79581 3
64 2.46608 1.79241 3
65 2.40411 1.65199 3
66 2.32315 1.40642 3
67 2.21611 1.2137 3
68 2.10265 1.1541 3
69 2.00264 1.1615 3
70 1.9203 1.18938 3
71 1.85343 1.22158 3
72 1.79895 1.25294 3
73 1.75422 1.28174 3
74 1.71717 1.30764 3
75 1.68624 1.33054 3
76 1.66024 1.35092 3
77 1.63824 1.36884 3
78 1.61954 1.38454 3
79 1.60357 1.39844 3
80 1.58987 1.41063 3
81 1.5781 1.42135 3
82 1.56794 1.43085 3
83 1.55916 1.4392 3
84 1.55156 1.44659 3
85 1.54497 1.4529 3
86 1.53924 1.45866 3
87 1.53425 1.46367 3
88 1.52992 1.46809 3
89 1.52614 1.47196 3
90 1.52284 1.47531 3
91 1.51997 1.47856 3
92 1.51746 1.48086 3
93 1.51528 1.48336 3
94 1.51336 0.89249 3
95 1.5117 0.938673 3
96 1.51024 0.983374 3
97 1.52474 1.47427 3
98 1.52168 2.96415 3
99 1.519 2.65108 3
0 0 0 4
1 0 0 4
2 0 0 4
3 0 0 4
4 0 0 4
5 0 0 4
6 0 0 4
7 0 0 4
8 0 0 4
9 0 0 4
10 0 0 4
11 0 0 4
12 0 0 4
13 0 0 4
14 0 0 4
15 0 0 4
16 0 0 4
17 0 0 4
18 0 0 4
19 0 0 4
20 0 0 4
21 0 0 4
22 0 0 4
23 0 0 4
24 0 0 4
25 0 0 4
26 0 0 4
27 0 0 4
28 0 0 4
29 0 0 4
30 0 0 4
31 0 0 4
32 0 0 4
33 0 0 4
34 0 0 4
35 0 0 4
36 0 0 4
37 0 0 4
38 0 0 4
39 3.89406 3.61041 4
40 3.86652 3.40111 4
41 3.83081 3.31538 4
42 3.79242 3.25375 4
43 3.75152 3.17541 4
44 3.70635 3.07462 4
45 3.65592 2.97135 4
46 3.60127 2.88602 4
47 3.54454 2.82025 4
48 3.48729 2.76363 4
49 3.42962 2.69776 4
50 3.36869 2.57376 4
51 3.2911 2.24426 4
52 3.18244 2.12829 4
53 3.11037 2.45393 4
54 3.06688 2.56597 4
55 3.0324 2.59472 4
56 3.00181 2.59735 4
57 2.97333 2.58787 4
58 2.94583 2.56472 4
59 2.91728 2.49725 4
60 2.87659 2.14616 4
61 2.78168 1.84899 4
62 2.73645 2.43239 4
63 2.72089 2.54066 4
64 2.71028 2.5659 4
65 2.70105 2.55991 4
66 2.68833 2.36454 4
67 2.60815 1.55665 4
68 2.51533 1.68202 4
69 2.44142 1.64164 4
70 2.35674 1.41479 4
71 2.24397 1.19932 4
72 2.12268 1.13692 4
73 2.01687 1.14887 4
74 1.93083 1.18056 4
75 1.86155 1.21532 4
76 1.80544 1.24835 4
77 1.75955 1.27832 4
78 1.72164 1.30493 4
79 1.69005 1.32849 4
80 1.66353 1.34924 4
81 1.64113 1.3675 4
82 1.62208 1.38335 4
83 1.60583 1.39754 4
84 1.5919 1.40989 4
85 1.57992 1.42074 4
86 1.56959 1.43031 4
87 1.56065 1.43879 4
88 1.55292 1.44614 4
89 1.5462 1.45246 4
90 1.54036 1.45819 4
91 1.53528 1.46344 4
92 1.53085 1.46777 4
93 1.52699 1.4717 4
94 1.52362 1.4704 4
95 1.52068 1.47331 4
96 1.51811 1.476 4
97 1.53568 1.46365 4
98 1.53124 1.46779 4
99 1.52737 1.47183 4
0 0 0 5
1 0 0 5
2 0 0 5
3 0 0 5
4 0 0 5
5 0 0 5
6 0 0 5
7 0 0 5
8 0 0 5
9 0 0 5
10 0 0 5
11 0 0 5
12 0 0 5
13 0 0 5
14 0 0 5
15 0 0 5
16 0 0 5
17 0 0 5
18 0 0 5
19 0 0 5
20 0 0 5
21 0 0 5
22 0 0 5
23 0 0 5
24 0 0 5
25 0 0 5
26 0 0 5
27 0 0 5
28 0 0 5
29 0 0 5
30 0 0 5
31 0 0 5
32 0 0 5
33 0 0 5
34 0 0 5
35 0 0 5
36 0 0 5
37 0 0 5
38 0 0 5
39 0 0 5
40 0 0 5
41 0 0 5
42 0 0 5
43 3.89796 3.68867 5
44 3.87243 3.4173 5
45 3.83777 3.34035 5
46 3.80121 3.28368 5
47 3.76109 3.17474 5
48 3.71236 3.01168 5
49 3.65275 2.84828 5
50 3.58176 2.64679 5
51 3.48352 2.23281 5
52 3.36572 2.34229 5
53 3.29535 2.59403 5
54 3.24586 2.65967 5
55 3.2036 2.6713 5
56 3.16514 2.66835 5
57 3.12947 2.66266 5
58 3.09597 2.64793 5
59 3.06202 2.56564 5
60 3.00341 1.94515 5
61 2.91203 2.28684 5
62 2.87816 2.52047 5
63 2.85526 2.55383 5
64 2.83471 2.54266 5
65 2.81268 2.4553 5
66 2.76268 1.75052 5
67 2.69848 2.47101 5
68 2.68927 2.58992 5
69 2.68355 2.60024 5
70 2.67667 2.4864 5
71 2.58925 1.48068 5
72 2.48885 1.60188 5
73 2.4009 1.46511 5
74 2.28877 1.21807 5
75 2.16033 1.12647 5
76 2.04606 1.1343 5
77 1.95347 1.16737 5
78 1.87945 1.20412 5
79 1.81986 1.2389 5
80 1.77135 1.27031 5
81 1.73144 1.29819 5
82 1.69828 1.32274 5
83 1.67051 1.34431 5
84 1.64709 1.3632 5
85 1.62722 1.37958 5
86 1.61027 1.39454 5
87 1.59576 1.4071 5
88 1.5833 1.4183 5
89 1.57255 1.42828 5
90 1.56326 1.437 5
91 1.55521 1.44432 5
92 1.54823 1.45103 5
93 1.54216 1.45699 5
94 1.53687 1.46211 5
95 1.53227 1.46675 5
96 1.52825 1.47052 5
97 1.54877 1.45109 5
98 1.54267 1.45709 5
99 1.53735 1.46205 5
